TITL C-1743325-4587-4 2.01022241695296e-07 125000 -293.712672671877 0 0 60 (Th) n - 1
REM
REM in /home/nfs/bkarasulu/CARBON/AIRSS/Generating-Clusters/TERSOFF/Higher-Symm/Only-C60
REM
REM
REM
REM
REM
REM ./C.cell (28575a23ae977d3b5fae324c64b13b57)
REM AIRSS Version 0.9.1 bugfix July 2018 build 013d7b7c2542+ Fri, 06 Jul 2018 19:26:36 +0100
REM compiler GCC version 9.2.1 20190827 (Red Hat 9.2.1-1)
REM options -cpp -mtune=generic -march=x86-64 -g -O0 -fpre-include=/usr/include/finclude/math-vector-fortran.h
REM seed 66597844 1141058796 -23799373 2000281604 -1035241262 -293964432 1857795770 -1176072999 -1983398032 -614914817 1536371012 140413837 -1958436031 1221525734 342195351 -500031729 -1824450744 -1230687158 1366839577 -317626160 -1948522765 1157366749 1534002820 -962929066 1666622549 1032712920 -1719996356 240074701 1145701906 -42357379 -1557766844 1538195555 -1894301865
REM
CELL 1.54180   50.00000   50.00000   50.00000   90.00000   90.00000   90.00000
LATT -1
SFAC C  
C      1  0.4230940000000  0.5158160000000  0.5253650000000 1.0
C      1  0.5158160000000  0.5253650000000  0.4230940000000 1.0
C      1  0.5253650000000  0.4230940000000  0.5158160000000 1.0
C      1  0.5769060000000  0.4841840000000  0.5253650000000 1.0
C      1  0.4230940000000  0.4841840000000  0.4746350000000 1.0
C      1  0.5769060000000  0.5158160000000  0.4746350000000 1.0
C      1  0.4841840000000  0.4746350000000  0.4230940000000 1.0
C      1  0.5158160000000  0.4746350000000  0.5769060000000 1.0
C      1  0.4841840000000  0.5253650000000  0.5769060000000 1.0
C      1  0.4746350000000  0.5769060000000  0.5158160000000 1.0
C      1  0.5253650000000  0.5769060000000  0.4841840000000 1.0
C      1  0.4746350000000  0.4230940000000  0.4841840000000 1.0
C      1  0.4230940000000  0.5158160000000  0.4746350000000 1.0
C      1  0.5158160000000  0.5253650000000  0.5769060000000 1.0
C      1  0.5253650000000  0.4230940000000  0.4841840000000 1.0
C      1  0.5769060000000  0.4841840000000  0.4746350000000 1.0
C      1  0.4230940000000  0.4841840000000  0.5253650000000 1.0
C      1  0.5769060000000  0.5158160000000  0.5253650000000 1.0
C      1  0.4841840000000  0.4746350000000  0.5769060000000 1.0
C      1  0.5158160000000  0.4746350000000  0.4230940000000 1.0
C      1  0.4841840000000  0.5253650000000  0.4230940000000 1.0
C      1  0.4746350000000  0.5769060000000  0.4841840000000 1.0
C      1  0.5253650000000  0.5769060000000  0.5158160000000 1.0
C      1  0.4746350000000  0.4230940000000  0.5158160000000 1.0
C      1  0.4666640000000  0.4544480000000  0.5165200000000 1.0
C      1  0.4544480000000  0.5165200000000  0.4666640000000 1.0
C      1  0.5165200000000  0.4666640000000  0.4544480000000 1.0
C      1  0.5333360000000  0.5455520000000  0.5165200000000 1.0
C      1  0.4666640000000  0.5455520000000  0.4834800000000 1.0
C      1  0.5333360000000  0.4544480000000  0.4834800000000 1.0
C      1  0.5455520000000  0.4834800000000  0.4666640000000 1.0
C      1  0.4544480000000  0.4834800000000  0.5333360000000 1.0
C      1  0.5455520000000  0.5165200000000  0.5333360000000 1.0
C      1  0.4834800000000  0.5333360000000  0.4544480000000 1.0
C      1  0.5165200000000  0.5333360000000  0.5455520000000 1.0
C      1  0.4834800000000  0.4666640000000  0.5455520000000 1.0
C      1  0.4666640000000  0.4544480000000  0.4834800000000 1.0
C      1  0.4544480000000  0.5165200000000  0.5333360000000 1.0
C      1  0.5165200000000  0.4666640000000  0.5455520000000 1.0
C      1  0.5333360000000  0.5455520000000  0.4834800000000 1.0
C      1  0.4666640000000  0.5455520000000  0.5165200000000 1.0
C      1  0.5333360000000  0.4544480000000  0.5165200000000 1.0
C      1  0.5455520000000  0.4834800000000  0.5333360000000 1.0
C      1  0.4544480000000  0.4834800000000  0.4666640000000 1.0
C      1  0.5455520000000  0.5165200000000  0.4666640000000 1.0
C      1  0.4834800000000  0.5333360000000  0.5455520000000 1.0
C      1  0.5165200000000  0.5333360000000  0.4544480000000 1.0
C      1  0.4834800000000  0.4666640000000  0.4544480000000 1.0
C      1  0.5000000000000  0.5847830000000  0.4720720000000 1.0
C      1  0.5847830000000  0.4720720000000  0.5000000000000 1.0
C      1  0.4720720000000  0.5000000000000  0.5847830000000 1.0
C      1  0.5000000000000  0.4152170000000  0.4720720000000 1.0
C      1  0.5000000000000  0.4152170000000  0.5279280000000 1.0
C      1  0.5000000000000  0.5847830000000  0.5279280000000 1.0
C      1  0.4152170000000  0.5279280000000  0.5000000000000 1.0
C      1  0.5847830000000  0.5279280000000  0.5000000000000 1.0
C      1  0.4152170000000  0.4720720000000  0.5000000000000 1.0
C      1  0.5279280000000  0.5000000000000  0.4152170000000 1.0
C      1  0.5279280000000  0.5000000000000  0.5847830000000 1.0
C      1  0.4720720000000  0.5000000000000  0.4152170000000 1.0
END
