TITL C-21439-636-21 1.03179339144094e-07 125000 -259.855403742447 0 0 60 (Th) n - 1
REM
REM in /home/nfs/bkarasulu/CARBON/AIRSS/Generating-Clusters/TERSOFF/Higher-Symm/Only-C60
REM
REM
REM
REM
REM
REM ./C.cell (28575a23ae977d3b5fae324c64b13b57)
REM
REM compiler GCC version 9.2.1 20190827 (Red Hat 9.2.1-1)
REM options -cpp -mtune=generic -march=x86-64 -g -O0 -fpre-include=/usr/include/finclude/math-vector-fortran.h
REM seed 1185063048 658332157 1713499039 -447395845 -1028689279 1958859331 1034029730 924463233 1718480351 853817220 -1987459290 -233775958 -2104982832 -197845669 1992356659 -495673633 579680980 -713115435 -2141819284 -521291803 -17264724 -1937192461 436421525 727338102 -1513641175 -897901577 2013565073 34294502 -1791618773 -1466410280 54768583 -1488998340 1035147598
REM
CELL 1.54180   50.00000   50.00000   50.00000   90.00000   90.00000   90.00000
LATT -1
SFAC C  
C      1  0.5783370000000  0.5160570000000  0.5158520000000 1.0
C      1  0.5160570000000  0.5158520000000  0.5783370000000 1.0
C      1  0.5158520000000  0.5783370000000  0.5160570000000 1.0
C      1  0.4216630000000  0.4839430000000  0.5158520000000 1.0
C      1  0.5783370000000  0.4839430000000  0.4841480000000 1.0
C      1  0.4216630000000  0.5160570000000  0.4841480000000 1.0
C      1  0.4839430000000  0.4841480000000  0.5783370000000 1.0
C      1  0.5160570000000  0.4841480000000  0.4216630000000 1.0
C      1  0.4839430000000  0.5158520000000  0.4216630000000 1.0
C      1  0.4841480000000  0.4216630000000  0.5160570000000 1.0
C      1  0.5158520000000  0.4216630000000  0.4839430000000 1.0
C      1  0.4841480000000  0.5783370000000  0.4839430000000 1.0
C      1  0.5783370000000  0.5160570000000  0.4841480000000 1.0
C      1  0.5160570000000  0.5158520000000  0.4216630000000 1.0
C      1  0.5158520000000  0.5783370000000  0.4839430000000 1.0
C      1  0.4216630000000  0.4839430000000  0.4841480000000 1.0
C      1  0.5783370000000  0.4839430000000  0.5158520000000 1.0
C      1  0.4216630000000  0.5160570000000  0.5158520000000 1.0
C      1  0.4839430000000  0.4841480000000  0.4216630000000 1.0
C      1  0.5160570000000  0.4841480000000  0.5783370000000 1.0
C      1  0.4839430000000  0.5158520000000  0.5783370000000 1.0
C      1  0.4841480000000  0.4216630000000  0.4839430000000 1.0
C      1  0.5158520000000  0.4216630000000  0.5160570000000 1.0
C      1  0.4841480000000  0.5783370000000  0.5160570000000 1.0
C      1  0.5311370000000  0.4750660000000  0.5530080000000 1.0
C      1  0.4750660000000  0.5530080000000  0.5311370000000 1.0
C      1  0.5530080000000  0.5311370000000  0.4750660000000 1.0
C      1  0.4688630000000  0.5249340000000  0.5530080000000 1.0
C      1  0.5311370000000  0.5249340000000  0.4469920000000 1.0
C      1  0.4688630000000  0.4750660000000  0.4469920000000 1.0
C      1  0.5249340000000  0.4469920000000  0.5311370000000 1.0
C      1  0.4750660000000  0.4469920000000  0.4688630000000 1.0
C      1  0.5249340000000  0.5530080000000  0.4688630000000 1.0
C      1  0.4469920000000  0.4688630000000  0.4750660000000 1.0
C      1  0.5530080000000  0.4688630000000  0.5249340000000 1.0
C      1  0.4469920000000  0.5311370000000  0.5249340000000 1.0
C      1  0.5311370000000  0.4750660000000  0.4469920000000 1.0
C      1  0.4750660000000  0.5530080000000  0.4688630000000 1.0
C      1  0.5530080000000  0.5311370000000  0.5249340000000 1.0
C      1  0.4688630000000  0.5249340000000  0.4469920000000 1.0
C      1  0.5311370000000  0.5249340000000  0.5530080000000 1.0
C      1  0.4688630000000  0.4750660000000  0.5530080000000 1.0
C      1  0.5249340000000  0.4469920000000  0.4688630000000 1.0
C      1  0.4750660000000  0.4469920000000  0.5311370000000 1.0
C      1  0.5249340000000  0.5530080000000  0.5311370000000 1.0
C      1  0.4469920000000  0.4688630000000  0.5249340000000 1.0
C      1  0.5530080000000  0.4688630000000  0.4750660000000 1.0
C      1  0.4469920000000  0.5311370000000  0.4750660000000 1.0
C      1  0.5000000000000  0.5289270000000  0.4780770000000 1.0
C      1  0.5000000000000  0.4710730000000  0.5219230000000 1.0
C      1  0.5289270000000  0.4780770000000  0.5000000000000 1.0
C      1  0.4780770000000  0.5000000000000  0.5289270000000 1.0
C      1  0.5000000000000  0.4710730000000  0.4780770000000 1.0
C      1  0.5000000000000  0.5289270000000  0.5219230000000 1.0
C      1  0.4710730000000  0.5219230000000  0.5000000000000 1.0
C      1  0.5289270000000  0.5219230000000  0.5000000000000 1.0
C      1  0.4710730000000  0.4780770000000  0.5000000000000 1.0
C      1  0.5219230000000  0.5000000000000  0.5289270000000 1.0
C      1  0.4780770000000  0.5000000000000  0.4710730000000 1.0
C      1  0.5219230000000  0.5000000000000  0.4710730000000 1.0
END
