TITL C-21443-6457-41 5.0287695479528e-07 125000 -253.481310621059 0 0 60 (Th) n - 1
REM
REM in /home/nfs/bkarasulu/CARBON/AIRSS/Generating-Clusters/TERSOFF/Higher-Symm/Only-C60
REM
REM
REM
REM
REM
REM ./C.cell (28575a23ae977d3b5fae324c64b13b57)
REM
REM compiler GCC version 9.2.1 20190827 (Red Hat 9.2.1-1)
REM options -cpp -mtune=generic -march=x86-64 -g -O0 -fpre-include=/usr/include/finclude/math-vector-fortran.h
REM seed -438415740 479505130 1120394092 146080550 -1235741352 -1426775210 1577528757 -89296586 2064553684 1154760395 1805387361 1882508118 270748303 1591320035 450468719 1771976341 -1579277315 -785846705 -695499651 -1175073500 1275139014 -1915549510 651490145 -1097851000 -1891702137 -911230288 2145627869 -417119258 -1099629710 341334356 510841731 713144540 -955525234
REM
CELL 1.54180   50.00000   50.00000   50.00000   90.00000   90.00000   90.00000
LATT -1
SFAC C  
C      1  0.5152450000000  0.5700840000000  0.4501100000000 1.0
C      1  0.5700840000000  0.4501100000000  0.5152450000000 1.0
C      1  0.4501100000000  0.5152450000000  0.5700840000000 1.0
C      1  0.4847550000000  0.4299160000000  0.4501100000000 1.0
C      1  0.5152450000000  0.4299160000000  0.5498900000000 1.0
C      1  0.4847550000000  0.5700840000000  0.5498900000000 1.0
C      1  0.4299160000000  0.5498900000000  0.5152450000000 1.0
C      1  0.5700840000000  0.5498900000000  0.4847550000000 1.0
C      1  0.4299160000000  0.4501100000000  0.4847550000000 1.0
C      1  0.5498900000000  0.4847550000000  0.5700840000000 1.0
C      1  0.4501100000000  0.4847550000000  0.4299160000000 1.0
C      1  0.5498900000000  0.5152450000000  0.4299160000000 1.0
C      1  0.5152450000000  0.5700840000000  0.5498900000000 1.0
C      1  0.5700840000000  0.4501100000000  0.4847550000000 1.0
C      1  0.4501100000000  0.5152450000000  0.4299160000000 1.0
C      1  0.4847550000000  0.4299160000000  0.5498900000000 1.0
C      1  0.5152450000000  0.4299160000000  0.4501100000000 1.0
C      1  0.4847550000000  0.5700840000000  0.4501100000000 1.0
C      1  0.4299160000000  0.5498900000000  0.4847550000000 1.0
C      1  0.5700840000000  0.5498900000000  0.5152450000000 1.0
C      1  0.4299160000000  0.4501100000000  0.5152450000000 1.0
C      1  0.5498900000000  0.4847550000000  0.4299160000000 1.0
C      1  0.4501100000000  0.4847550000000  0.5700840000000 1.0
C      1  0.5498900000000  0.5152450000000  0.5700840000000 1.0
C      1  0.5274700000000  0.4819730000000  0.5471520000000 1.0
C      1  0.4819730000000  0.5471520000000  0.5274700000000 1.0
C      1  0.5471520000000  0.5274700000000  0.4819730000000 1.0
C      1  0.4725300000000  0.5180270000000  0.5471520000000 1.0
C      1  0.5274700000000  0.5180270000000  0.4528480000000 1.0
C      1  0.4725300000000  0.4819730000000  0.4528480000000 1.0
C      1  0.5180270000000  0.4528480000000  0.5274700000000 1.0
C      1  0.4819730000000  0.4528480000000  0.4725300000000 1.0
C      1  0.5180270000000  0.5471520000000  0.4725300000000 1.0
C      1  0.4528480000000  0.4725300000000  0.4819730000000 1.0
C      1  0.5471520000000  0.4725300000000  0.5180270000000 1.0
C      1  0.4528480000000  0.5274700000000  0.5180270000000 1.0
C      1  0.5274700000000  0.4819730000000  0.4528480000000 1.0
C      1  0.4819730000000  0.5471520000000  0.4725300000000 1.0
C      1  0.5471520000000  0.5274700000000  0.5180270000000 1.0
C      1  0.4725300000000  0.5180270000000  0.4528480000000 1.0
C      1  0.5274700000000  0.5180270000000  0.5471520000000 1.0
C      1  0.4725300000000  0.4819730000000  0.5471520000000 1.0
C      1  0.5180270000000  0.4528480000000  0.4725300000000 1.0
C      1  0.4819730000000  0.4528480000000  0.5274700000000 1.0
C      1  0.5180270000000  0.5471520000000  0.5274700000000 1.0
C      1  0.4528480000000  0.4725300000000  0.5180270000000 1.0
C      1  0.5471520000000  0.4725300000000  0.4819730000000 1.0
C      1  0.4528480000000  0.5274700000000  0.4819730000000 1.0
C      1  0.5600770000000  0.5000000000000  0.4756820000000 1.0
C      1  0.5000000000000  0.4756820000000  0.5600770000000 1.0
C      1  0.4399230000000  0.5000000000000  0.5243180000000 1.0
C      1  0.5000000000000  0.4756820000000  0.4399230000000 1.0
C      1  0.5000000000000  0.5243180000000  0.4399230000000 1.0
C      1  0.5000000000000  0.5243180000000  0.5600770000000 1.0
C      1  0.4756820000000  0.5600770000000  0.5000000000000 1.0
C      1  0.4399230000000  0.5000000000000  0.4756820000000 1.0
C      1  0.5600770000000  0.5000000000000  0.5243180000000 1.0
C      1  0.5243180000000  0.4399230000000  0.5000000000000 1.0
C      1  0.4756820000000  0.4399230000000  0.5000000000000 1.0
C      1  0.5243180000000  0.5600770000000  0.5000000000000 1.0
END
