TITL C-21454-5660-10 -9.12528420967855e-08 125000 -293.712743866181 0 0 60 (Th) n - 1
REM
REM in /home/nfs/bkarasulu/CARBON/AIRSS/Generating-Clusters/TERSOFF/Higher-Symm/Only-C60
REM
REM
REM
REM
REM
REM ./C.cell (28575a23ae977d3b5fae324c64b13b57)
REM
REM compiler GCC version 9.2.1 20190827 (Red Hat 9.2.1-1)
REM options -cpp -mtune=generic -march=x86-64 -g -O0 -fpre-include=/usr/include/finclude/math-vector-fortran.h
REM seed -1185191975 213052648 375028463 -1288884976 -1541299818 -1332633159 293339176 2009300731 2019681518 1258260264 205194099 -1345854002 567282830 -447289958 1426006481 -2090284221 -1267883416 1494000475 -1521743447 -410267423 -1280381082 -789035868 752443840 970746515 -1778433526 214742877 713921297 1975104458 -1370038867 1332108360 1321894995 -1936650850 -2047171696
REM
CELL 1.54180   50.00000   50.00000   50.00000   90.00000   90.00000   90.00000
LATT -1
SFAC C  
C      1  0.5333360000000  0.5165200000000  0.5455520000000 1.0
C      1  0.5165200000000  0.5455520000000  0.5333360000000 1.0
C      1  0.5455520000000  0.5333360000000  0.5165200000000 1.0
C      1  0.4666640000000  0.4834800000000  0.5455520000000 1.0
C      1  0.5333360000000  0.4834800000000  0.4544480000000 1.0
C      1  0.4666640000000  0.5165200000000  0.4544480000000 1.0
C      1  0.4834800000000  0.4544480000000  0.5333360000000 1.0
C      1  0.5165200000000  0.4544480000000  0.4666640000000 1.0
C      1  0.4834800000000  0.5455520000000  0.4666640000000 1.0
C      1  0.4544480000000  0.4666640000000  0.5165200000000 1.0
C      1  0.5455520000000  0.4666640000000  0.4834800000000 1.0
C      1  0.4544480000000  0.5333360000000  0.4834800000000 1.0
C      1  0.5333360000000  0.5165200000000  0.4544480000000 1.0
C      1  0.5165200000000  0.5455520000000  0.4666640000000 1.0
C      1  0.5455520000000  0.5333360000000  0.4834800000000 1.0
C      1  0.4666640000000  0.4834800000000  0.4544480000000 1.0
C      1  0.5333360000000  0.4834800000000  0.5455520000000 1.0
C      1  0.4666640000000  0.5165200000000  0.5455520000000 1.0
C      1  0.4834800000000  0.4544480000000  0.4666640000000 1.0
C      1  0.5165200000000  0.4544480000000  0.5333360000000 1.0
C      1  0.4834800000000  0.5455520000000  0.5333360000000 1.0
C      1  0.4544480000000  0.4666640000000  0.4834800000000 1.0
C      1  0.5455520000000  0.4666640000000  0.5165200000000 1.0
C      1  0.4544480000000  0.5333360000000  0.5165200000000 1.0
C      1  0.5253650000000  0.5158160000000  0.4230940000000 1.0
C      1  0.5158160000000  0.4230940000000  0.5253650000000 1.0
C      1  0.4230940000000  0.5253650000000  0.5158160000000 1.0
C      1  0.4746350000000  0.4841840000000  0.4230940000000 1.0
C      1  0.5253650000000  0.4841840000000  0.5769060000000 1.0
C      1  0.4746350000000  0.5158160000000  0.5769060000000 1.0
C      1  0.4841840000000  0.5769060000000  0.5253650000000 1.0
C      1  0.5158160000000  0.5769060000000  0.4746350000000 1.0
C      1  0.4841840000000  0.4230940000000  0.4746350000000 1.0
C      1  0.5769060000000  0.4746350000000  0.5158160000000 1.0
C      1  0.4230940000000  0.4746350000000  0.4841840000000 1.0
C      1  0.5769060000000  0.5253650000000  0.4841840000000 1.0
C      1  0.5253650000000  0.5158160000000  0.5769060000000 1.0
C      1  0.5158160000000  0.4230940000000  0.4746350000000 1.0
C      1  0.4230940000000  0.5253650000000  0.4841840000000 1.0
C      1  0.4746350000000  0.4841840000000  0.5769060000000 1.0
C      1  0.5253650000000  0.4841840000000  0.4230940000000 1.0
C      1  0.4746350000000  0.5158160000000  0.4230940000000 1.0
C      1  0.4841840000000  0.5769060000000  0.4746350000000 1.0
C      1  0.5158160000000  0.5769060000000  0.5253650000000 1.0
C      1  0.4841840000000  0.4230940000000  0.5253650000000 1.0
C      1  0.5769060000000  0.4746350000000  0.4841840000000 1.0
C      1  0.4230940000000  0.4746350000000  0.5158160000000 1.0
C      1  0.5769060000000  0.5253650000000  0.5158160000000 1.0
C      1  0.5000000000000  0.5279280000000  0.4152170000000 1.0
C      1  0.5279280000000  0.4152170000000  0.5000000000000 1.0
C      1  0.5000000000000  0.4720720000000  0.4152170000000 1.0
C      1  0.5000000000000  0.4720720000000  0.5847830000000 1.0
C      1  0.5000000000000  0.5279280000000  0.5847830000000 1.0
C      1  0.4720720000000  0.5847830000000  0.5000000000000 1.0
C      1  0.4152170000000  0.5000000000000  0.5279280000000 1.0
C      1  0.5279280000000  0.5847830000000  0.5000000000000 1.0
C      1  0.4720720000000  0.4152170000000  0.5000000000000 1.0
C      1  0.5847830000000  0.5000000000000  0.5279280000000 1.0
C      1  0.4152170000000  0.5000000000000  0.4720720000000 1.0
C      1  0.5847830000000  0.5000000000000  0.4720720000000 1.0
END
