TITL C-3985255-5397-81 4.91611329471447e-09 125000 -403.68752432013 0 0 60 (Ih) n - 1
REM
REM in /home/nfs/bkarasulu/CARBON/AIRSS/Generating-Clusters/TERSOFF/Higher-Symm/Only-C60
REM
REM
REM
REM
REM
REM ./C.cell (28575a23ae977d3b5fae324c64b13b57)
REM
REM compiler GCC version 9.2.1 20190827 (Red Hat 9.2.1-1)
REM options -cpp -mtune=generic -march=x86-64 -g -O0 -fpre-include=/usr/include/finclude/math-vector-fortran.h
REM seed -1991432086 -1487641136 42844509 67314322 -697686619 73124368 1635040602 -1167613536 1735478213 1448581230 1682241356 1595076510 1938457662 631748988 1556779661 416642884 -520022747 -372206434 593230053 -693279125 1704551296 2011047609 -601356385 468493659 1038074827 -410060131 568907237 1046766747 -1049418862 194497380 -1620928101 -120255093 2067612006
REM
CELL 1.54180   50.00000   50.00000   50.00000   90.00000   90.00000   90.00000
LATT -1
SFAC C  
C      1  0.4370400000000  0.4756950000000  0.4703720000000 1.0
C      1  0.4756950000000  0.4703720000000  0.4370400000000 1.0
C      1  0.4703720000000  0.4370400000000  0.4756950000000 1.0
C      1  0.5629600000000  0.5243050000000  0.4703720000000 1.0
C      1  0.4370400000000  0.5243050000000  0.5296280000000 1.0
C      1  0.5629600000000  0.4756950000000  0.5296280000000 1.0
C      1  0.5243050000000  0.5296280000000  0.4370400000000 1.0
C      1  0.4756950000000  0.5296280000000  0.5629600000000 1.0
C      1  0.5243050000000  0.4703720000000  0.5629600000000 1.0
C      1  0.5296280000000  0.5629600000000  0.4756950000000 1.0
C      1  0.4703720000000  0.5629600000000  0.5243050000000 1.0
C      1  0.5296280000000  0.4370400000000  0.5243050000000 1.0
C      1  0.4370400000000  0.4756950000000  0.5296280000000 1.0
C      1  0.4756950000000  0.4703720000000  0.5629600000000 1.0
C      1  0.4703720000000  0.4370400000000  0.5243050000000 1.0
C      1  0.5629600000000  0.5243050000000  0.5296280000000 1.0
C      1  0.4370400000000  0.5243050000000  0.4703720000000 1.0
C      1  0.5629600000000  0.4756950000000  0.4703720000000 1.0
C      1  0.5243050000000  0.5296280000000  0.5629600000000 1.0
C      1  0.4756950000000  0.5296280000000  0.4370400000000 1.0
C      1  0.5243050000000  0.4703720000000  0.4370400000000 1.0
C      1  0.5296280000000  0.5629600000000  0.5243050000000 1.0
C      1  0.4703720000000  0.5629600000000  0.4756950000000 1.0
C      1  0.5296280000000  0.4370400000000  0.4756950000000 1.0
C      1  0.4460670000000  0.4520620000000  0.5150220000000 1.0
C      1  0.4520620000000  0.5150220000000  0.4460670000000 1.0
C      1  0.5150220000000  0.4460670000000  0.4520620000000 1.0
C      1  0.5539330000000  0.5479380000000  0.5150220000000 1.0
C      1  0.4460670000000  0.5479380000000  0.4849780000000 1.0
C      1  0.5539330000000  0.4520620000000  0.4849780000000 1.0
C      1  0.5479380000000  0.4849780000000  0.4460670000000 1.0
C      1  0.4520620000000  0.4849780000000  0.5539330000000 1.0
C      1  0.5479380000000  0.5150220000000  0.5539330000000 1.0
C      1  0.4849780000000  0.5539330000000  0.4520620000000 1.0
C      1  0.5150220000000  0.5539330000000  0.5479380000000 1.0
C      1  0.4849780000000  0.4460670000000  0.5479380000000 1.0
C      1  0.4460670000000  0.4520620000000  0.4849780000000 1.0
C      1  0.4520620000000  0.5150220000000  0.5539330000000 1.0
C      1  0.5150220000000  0.4460670000000  0.5479380000000 1.0
C      1  0.5539330000000  0.5479380000000  0.4849780000000 1.0
C      1  0.4460670000000  0.5479380000000  0.5150220000000 1.0
C      1  0.5539330000000  0.4520620000000  0.5150220000000 1.0
C      1  0.5479380000000  0.4849780000000  0.5539330000000 1.0
C      1  0.4520620000000  0.4849780000000  0.4460670000000 1.0
C      1  0.5479380000000  0.5150220000000  0.4460670000000 1.0
C      1  0.4849780000000  0.5539330000000  0.5479380000000 1.0
C      1  0.5150220000000  0.5539330000000  0.4520620000000 1.0
C      1  0.4849780000000  0.4460670000000  0.4520620000000 1.0
C      1  0.5000000000000  0.4853940000000  0.5722440000000 1.0
C      1  0.4853940000000  0.5722440000000  0.5000000000000 1.0
C      1  0.5722440000000  0.5000000000000  0.4853940000000 1.0
C      1  0.5000000000000  0.5146060000000  0.5722440000000 1.0
C      1  0.5000000000000  0.5146060000000  0.4277560000000 1.0
C      1  0.5000000000000  0.4853940000000  0.4277560000000 1.0
C      1  0.5146060000000  0.4277560000000  0.5000000000000 1.0
C      1  0.4853940000000  0.4277560000000  0.5000000000000 1.0
C      1  0.5146060000000  0.5722440000000  0.5000000000000 1.0
C      1  0.4277560000000  0.5000000000000  0.4853940000000 1.0
C      1  0.5722440000000  0.5000000000000  0.5146060000000 1.0
C      1  0.4277560000000  0.5000000000000  0.5146060000000 1.0
END
