TITL C-3985250-725-763 0.0230835995405794 125000 -189.734700124896 0 0 60 (Th) n - 1
REM
REM in /home/nfs/bkarasulu/CARBON/AIRSS/Generating-Clusters/TERSOFF/Higher-Symm/Only-C60
REM
REM
REM
REM
REM
REM ./C.cell (28575a23ae977d3b5fae324c64b13b57)
REM
REM compiler GCC version 9.2.1 20190827 (Red Hat 9.2.1-1)
REM options -cpp -mtune=generic -march=x86-64 -g -O0 -fpre-include=/usr/include/finclude/math-vector-fortran.h
REM seed -289552608 625840363 1964623043 -719592741 -1998736899 1488780038 151583242 -636805813 1116556822 -1967662125 -1883856668 -2014501814 -380716997 -448370974 213139722 -828691877 1254057852 283196846 2083672265 -1329453146 1924714172 1193570083 1943918227 -1862716384 -965280324 2529637 336642387 433996357 -483358422 2039194799 2105748230 -812415766 -692444385
REM
CELL 1.54180   50.00000   50.00000   50.00000   90.00000   90.00000   90.00000
LATT -1
SFAC C  
C      1  0.5208460000000  0.4568540000000  0.5154520000000 1.0
C      1  0.4568540000000  0.5154520000000  0.5208460000000 1.0
C      1  0.5154520000000  0.5208460000000  0.4568540000000 1.0
C      1  0.4791540000000  0.5431460000000  0.5154520000000 1.0
C      1  0.5208460000000  0.5431460000000  0.4845480000000 1.0
C      1  0.4791540000000  0.4568540000000  0.4845480000000 1.0
C      1  0.5431460000000  0.4845480000000  0.5208460000000 1.0
C      1  0.4568540000000  0.4845480000000  0.4791540000000 1.0
C      1  0.5431460000000  0.5154520000000  0.4791540000000 1.0
C      1  0.4845480000000  0.4791540000000  0.4568540000000 1.0
C      1  0.5154520000000  0.4791540000000  0.5431460000000 1.0
C      1  0.4845480000000  0.5208460000000  0.5431460000000 1.0
C      1  0.5208460000000  0.4568540000000  0.4845480000000 1.0
C      1  0.4568540000000  0.5154520000000  0.4791540000000 1.0
C      1  0.5154520000000  0.5208460000000  0.5431460000000 1.0
C      1  0.4791540000000  0.5431460000000  0.4845480000000 1.0
C      1  0.5208460000000  0.5431460000000  0.5154520000000 1.0
C      1  0.4791540000000  0.4568540000000  0.5154520000000 1.0
C      1  0.5431460000000  0.4845480000000  0.4791540000000 1.0
C      1  0.4568540000000  0.4845480000000  0.5208460000000 1.0
C      1  0.5431460000000  0.5154520000000  0.5208460000000 1.0
C      1  0.4845480000000  0.4791540000000  0.5431460000000 1.0
C      1  0.5154520000000  0.4791540000000  0.4568540000000 1.0
C      1  0.4845480000000  0.5208460000000  0.4568540000000 1.0
C      1  0.5420800000000  0.4655520000000  0.5630440000000 1.0
C      1  0.4655520000000  0.5630440000000  0.5420800000000 1.0
C      1  0.5630440000000  0.5420800000000  0.4655520000000 1.0
C      1  0.4579200000000  0.5344480000000  0.5630440000000 1.0
C      1  0.5420800000000  0.5344480000000  0.4369560000000 1.0
C      1  0.4579200000000  0.4655520000000  0.4369560000000 1.0
C      1  0.5344480000000  0.4369560000000  0.5420800000000 1.0
C      1  0.4655520000000  0.4369560000000  0.4579200000000 1.0
C      1  0.5344480000000  0.5630440000000  0.4579200000000 1.0
C      1  0.4369560000000  0.4579200000000  0.4655520000000 1.0
C      1  0.5630440000000  0.4579200000000  0.5344480000000 1.0
C      1  0.4369560000000  0.5420800000000  0.5344480000000 1.0
C      1  0.5420800000000  0.4655520000000  0.4369560000000 1.0
C      1  0.4655520000000  0.5630440000000  0.4579200000000 1.0
C      1  0.5630440000000  0.5420800000000  0.5344480000000 1.0
C      1  0.4579200000000  0.5344480000000  0.4369560000000 1.0
C      1  0.5420800000000  0.5344480000000  0.5630440000000 1.0
C      1  0.4579200000000  0.4655520000000  0.5630440000000 1.0
C      1  0.5344480000000  0.4369560000000  0.4579200000000 1.0
C      1  0.4655520000000  0.4369560000000  0.5420800000000 1.0
C      1  0.5344480000000  0.5630440000000  0.5420800000000 1.0
C      1  0.4369560000000  0.4579200000000  0.5344480000000 1.0
C      1  0.5630440000000  0.4579200000000  0.4655520000000 1.0
C      1  0.4369560000000  0.5420800000000  0.4655520000000 1.0
C      1  0.4676960000000  0.5000000000000  0.4325920000000 1.0
C      1  0.5000000000000  0.4325920000000  0.4676960000000 1.0
C      1  0.4325920000000  0.4676960000000  0.5000000000000 1.0
C      1  0.5323040000000  0.5000000000000  0.4325920000000 1.0
C      1  0.4676960000000  0.5000000000000  0.5674080000000 1.0
C      1  0.5323040000000  0.5000000000000  0.5674080000000 1.0
C      1  0.5000000000000  0.5674080000000  0.4676960000000 1.0
C      1  0.5000000000000  0.5674080000000  0.5323040000000 1.0
C      1  0.5000000000000  0.4325920000000  0.5323040000000 1.0
C      1  0.5674080000000  0.5323040000000  0.5000000000000 1.0
C      1  0.4325920000000  0.5323040000000  0.5000000000000 1.0
C      1  0.5674080000000  0.4676960000000  0.5000000000000 1.0
END
