TITL C-3985250-725-382 -4.92594683248838e-07 125000 -403.687912472246 0 0 60 (Ih) n - 1
REM
REM in /home/nfs/bkarasulu/CARBON/AIRSS/Generating-Clusters/TERSOFF/Higher-Symm/Only-C60
REM
REM
REM
REM
REM
REM ./C.cell (28575a23ae977d3b5fae324c64b13b57)
REM
REM compiler GCC version 9.2.1 20190827 (Red Hat 9.2.1-1)
REM options -cpp -mtune=generic -march=x86-64 -g -O0 -fpre-include=/usr/include/finclude/math-vector-fortran.h
REM seed -77082519 -1965358122 -554955779 -2039364364 -1401652962 2023328621 1570289330 -431940194 -1045868984 1879047517 -1696454886 -767088049 1484662081 526580620 205619853 -682000042 754005859 1073877784 1125040416 2031876541 -1490855879 517631445 566239240 281765123 215668121 2098689076 -1538569384 478638699 -2071704821 -2042705366 -698506417 676358369 2067321231
REM
CELL 1.54180   50.00000   50.00000   50.00000   90.00000   90.00000   90.00000
LATT -1
SFAC C  
C      1  0.4756950000000  0.4370400000000  0.5296280000000 1.0
C      1  0.4370400000000  0.5296280000000  0.4756950000000 1.0
C      1  0.5296280000000  0.4756950000000  0.4370400000000 1.0
C      1  0.5243050000000  0.5629600000000  0.5296280000000 1.0
C      1  0.4756950000000  0.5629600000000  0.4703720000000 1.0
C      1  0.5243050000000  0.4370400000000  0.4703720000000 1.0
C      1  0.5629600000000  0.4703720000000  0.4756950000000 1.0
C      1  0.4370400000000  0.4703720000000  0.5243050000000 1.0
C      1  0.5629600000000  0.5296280000000  0.5243050000000 1.0
C      1  0.4703720000000  0.5243050000000  0.4370400000000 1.0
C      1  0.5296280000000  0.5243050000000  0.5629600000000 1.0
C      1  0.4703720000000  0.4756950000000  0.5629600000000 1.0
C      1  0.4756950000000  0.4370400000000  0.4703720000000 1.0
C      1  0.4370400000000  0.5296280000000  0.5243050000000 1.0
C      1  0.5296280000000  0.4756950000000  0.5629600000000 1.0
C      1  0.5243050000000  0.5629600000000  0.4703720000000 1.0
C      1  0.4756950000000  0.5629600000000  0.5296280000000 1.0
C      1  0.5243050000000  0.4370400000000  0.5296280000000 1.0
C      1  0.5629600000000  0.4703720000000  0.5243050000000 1.0
C      1  0.4370400000000  0.4703720000000  0.4756950000000 1.0
C      1  0.5629600000000  0.5296280000000  0.4756950000000 1.0
C      1  0.4703720000000  0.5243050000000  0.5629600000000 1.0
C      1  0.5296280000000  0.5243050000000  0.4370400000000 1.0
C      1  0.4703720000000  0.4756950000000  0.4370400000000 1.0
C      1  0.5479380000000  0.5539330000000  0.4849780000000 1.0
C      1  0.5539330000000  0.4849780000000  0.5479380000000 1.0
C      1  0.4849780000000  0.5479380000000  0.5539330000000 1.0
C      1  0.4520620000000  0.4460670000000  0.4849780000000 1.0
C      1  0.5479380000000  0.4460670000000  0.5150220000000 1.0
C      1  0.4520620000000  0.5539330000000  0.5150220000000 1.0
C      1  0.4460670000000  0.5150220000000  0.5479380000000 1.0
C      1  0.5539330000000  0.5150220000000  0.4520620000000 1.0
C      1  0.4460670000000  0.4849780000000  0.4520620000000 1.0
C      1  0.5150220000000  0.4520620000000  0.5539330000000 1.0
C      1  0.4849780000000  0.4520620000000  0.4460670000000 1.0
C      1  0.5150220000000  0.5479380000000  0.4460670000000 1.0
C      1  0.5479380000000  0.5539330000000  0.5150220000000 1.0
C      1  0.5539330000000  0.4849780000000  0.4520620000000 1.0
C      1  0.4849780000000  0.5479380000000  0.4460670000000 1.0
C      1  0.4520620000000  0.4460670000000  0.5150220000000 1.0
C      1  0.5479380000000  0.4460670000000  0.4849780000000 1.0
C      1  0.4520620000000  0.5539330000000  0.4849780000000 1.0
C      1  0.4460670000000  0.5150220000000  0.4520620000000 1.0
C      1  0.5539330000000  0.5150220000000  0.5479380000000 1.0
C      1  0.4460670000000  0.4849780000000  0.5479380000000 1.0
C      1  0.5150220000000  0.4520620000000  0.4460670000000 1.0
C      1  0.4849780000000  0.4520620000000  0.5539330000000 1.0
C      1  0.5150220000000  0.5479380000000  0.5539330000000 1.0
C      1  0.4853940000000  0.5000000000000  0.5722440000000 1.0
C      1  0.5000000000000  0.5722440000000  0.4853940000000 1.0
C      1  0.4853940000000  0.5000000000000  0.4277560000000 1.0
C      1  0.5146060000000  0.5000000000000  0.4277560000000 1.0
C      1  0.5000000000000  0.4277560000000  0.4853940000000 1.0
C      1  0.5000000000000  0.4277560000000  0.5146060000000 1.0
C      1  0.5000000000000  0.5722440000000  0.5146060000000 1.0
C      1  0.5146060000000  0.5000000000000  0.5722440000000 1.0
C      1  0.5722440000000  0.4853940000000  0.5000000000000 1.0
C      1  0.4277560000000  0.5146060000000  0.5000000000000 1.0
C      1  0.5722440000000  0.5146060000000  0.5000000000000 1.0
C      1  0.4277560000000  0.4853940000000  0.5000000000000 1.0
END
