TITL C-3985250-725-24 8.63794936469939e-08 125000 -403.687460763277 0 0 60 (Ih) n - 1
REM
REM in /home/nfs/bkarasulu/CARBON/AIRSS/Generating-Clusters/TERSOFF/Higher-Symm/Only-C60
REM
REM
REM
REM
REM
REM ./C.cell (28575a23ae977d3b5fae324c64b13b57)
REM
REM compiler GCC version 9.2.1 20190827 (Red Hat 9.2.1-1)
REM options -cpp -mtune=generic -march=x86-64 -g -O0 -fpre-include=/usr/include/finclude/math-vector-fortran.h
REM seed -63441090 -126584036 -31757996 -1200229529 -612029485 5437554 653903236 -444423870 -1994265409 519056017 1228389675 2057780844 140383169 -541176592 512849855 1292995826 -294205987 -1306058391 405901750 1002042581 451183735 -1964209836 -1779616108 348877599 -771822226 353543546 -545746304 905879291 -158770418 1028603315 -2132096809 -1452948637 482878093
REM
CELL 1.54180   50.00000   50.00000   50.00000   90.00000   90.00000   90.00000
LATT -1
SFAC C  
C      1  0.5539330000000  0.4849780000000  0.5479380000000 1.0
C      1  0.4849780000000  0.5479380000000  0.5539330000000 1.0
C      1  0.5479380000000  0.5539330000000  0.4849780000000 1.0
C      1  0.4460670000000  0.5150220000000  0.5479380000000 1.0
C      1  0.5539330000000  0.5150220000000  0.4520620000000 1.0
C      1  0.4460670000000  0.4849780000000  0.4520620000000 1.0
C      1  0.5150220000000  0.4520620000000  0.5539330000000 1.0
C      1  0.4849780000000  0.4520620000000  0.4460670000000 1.0
C      1  0.5150220000000  0.5479380000000  0.4460670000000 1.0
C      1  0.4520620000000  0.4460670000000  0.4849780000000 1.0
C      1  0.5479380000000  0.4460670000000  0.5150220000000 1.0
C      1  0.4520620000000  0.5539330000000  0.5150220000000 1.0
C      1  0.5539330000000  0.4849780000000  0.4520620000000 1.0
C      1  0.4849780000000  0.5479380000000  0.4460670000000 1.0
C      1  0.5479380000000  0.5539330000000  0.5150220000000 1.0
C      1  0.4460670000000  0.5150220000000  0.4520620000000 1.0
C      1  0.5539330000000  0.5150220000000  0.5479380000000 1.0
C      1  0.4460670000000  0.4849780000000  0.5479380000000 1.0
C      1  0.5150220000000  0.4520620000000  0.4460670000000 1.0
C      1  0.4849780000000  0.4520620000000  0.5539330000000 1.0
C      1  0.5150220000000  0.5479380000000  0.5539330000000 1.0
C      1  0.4520620000000  0.4460670000000  0.5150220000000 1.0
C      1  0.5479380000000  0.4460670000000  0.4849780000000 1.0
C      1  0.4520620000000  0.5539330000000  0.4849780000000 1.0
C      1  0.5296280000000  0.5243050000000  0.4370400000000 1.0
C      1  0.5243050000000  0.4370400000000  0.5296280000000 1.0
C      1  0.4370400000000  0.5296280000000  0.5243050000000 1.0
C      1  0.4703720000000  0.4756950000000  0.4370400000000 1.0
C      1  0.5296280000000  0.4756950000000  0.5629600000000 1.0
C      1  0.4703720000000  0.5243050000000  0.5629600000000 1.0
C      1  0.4756950000000  0.5629600000000  0.5296280000000 1.0
C      1  0.5243050000000  0.5629600000000  0.4703720000000 1.0
C      1  0.4756950000000  0.4370400000000  0.4703720000000 1.0
C      1  0.5629600000000  0.4703720000000  0.5243050000000 1.0
C      1  0.4370400000000  0.4703720000000  0.4756950000000 1.0
C      1  0.5629600000000  0.5296280000000  0.4756950000000 1.0
C      1  0.5296280000000  0.5243050000000  0.5629600000000 1.0
C      1  0.5243050000000  0.4370400000000  0.4703720000000 1.0
C      1  0.4370400000000  0.5296280000000  0.4756950000000 1.0
C      1  0.4703720000000  0.4756950000000  0.5629600000000 1.0
C      1  0.5296280000000  0.4756950000000  0.4370400000000 1.0
C      1  0.4703720000000  0.5243050000000  0.4370400000000 1.0
C      1  0.4756950000000  0.5629600000000  0.4703720000000 1.0
C      1  0.5243050000000  0.5629600000000  0.5296280000000 1.0
C      1  0.4756950000000  0.4370400000000  0.5296280000000 1.0
C      1  0.5629600000000  0.4703720000000  0.4756950000000 1.0
C      1  0.4370400000000  0.4703720000000  0.5243050000000 1.0
C      1  0.5629600000000  0.5296280000000  0.5243050000000 1.0
C      1  0.5000000000000  0.4277560000000  0.4853940000000 1.0
C      1  0.4277560000000  0.4853940000000  0.5000000000000 1.0
C      1  0.4853940000000  0.5000000000000  0.4277560000000 1.0
C      1  0.5000000000000  0.5722440000000  0.4853940000000 1.0
C      1  0.5000000000000  0.5722440000000  0.5146060000000 1.0
C      1  0.5000000000000  0.4277560000000  0.5146060000000 1.0
C      1  0.5722440000000  0.5146060000000  0.5000000000000 1.0
C      1  0.4277560000000  0.5146060000000  0.5000000000000 1.0
C      1  0.5722440000000  0.4853940000000  0.5000000000000 1.0
C      1  0.5146060000000  0.5000000000000  0.4277560000000 1.0
C      1  0.4853940000000  0.5000000000000  0.5722440000000 1.0
C      1  0.5146060000000  0.5000000000000  0.5722440000000 1.0
END
