TITL C-3985249-2594-53 -4.37264863720119e-07 125000 -293.713013820758 0 0 60 (Th) n - 1
REM
REM in /home/nfs/bkarasulu/CARBON/AIRSS/Generating-Clusters/TERSOFF/Higher-Symm/Only-C60
REM
REM
REM
REM
REM
REM ./C.cell (28575a23ae977d3b5fae324c64b13b57)
REM
REM compiler GCC version 9.2.1 20190827 (Red Hat 9.2.1-1)
REM options -cpp -mtune=generic -march=x86-64 -g -O0 -fpre-include=/usr/include/finclude/math-vector-fortran.h
REM seed 1208166386 -878450703 -1182985448 816974523 1871926313 -1897396639 -711988193 1536313187 1915184345 -864731586 788134977 -1365636070 -2043602357 -1744317453 -980351981 439761020 957766878 1454585614 -1991351841 -1252312217 937045917 -81136326 562901668 -1941705564 -537174961 798242568 -496588633 2101074015 -1150738536 415810108 -1486197887 2139405374 50827408
REM
CELL 1.54180   50.00000   50.00000   50.00000   90.00000   90.00000   90.00000
LATT -1
SFAC C  
C      1  0.4834800000000  0.4666640000000  0.4544480000000 1.0
C      1  0.4666640000000  0.4544480000000  0.4834800000000 1.0
C      1  0.4544480000000  0.4834800000000  0.4666640000000 1.0
C      1  0.5165200000000  0.5333360000000  0.4544480000000 1.0
C      1  0.4834800000000  0.5333360000000  0.5455520000000 1.0
C      1  0.5165200000000  0.4666640000000  0.5455520000000 1.0
C      1  0.5333360000000  0.5455520000000  0.4834800000000 1.0
C      1  0.4666640000000  0.5455520000000  0.5165200000000 1.0
C      1  0.5333360000000  0.4544480000000  0.5165200000000 1.0
C      1  0.5455520000000  0.5165200000000  0.4666640000000 1.0
C      1  0.4544480000000  0.5165200000000  0.5333360000000 1.0
C      1  0.5455520000000  0.4834800000000  0.5333360000000 1.0
C      1  0.4834800000000  0.4666640000000  0.5455520000000 1.0
C      1  0.4666640000000  0.4544480000000  0.5165200000000 1.0
C      1  0.4544480000000  0.4834800000000  0.5333360000000 1.0
C      1  0.5165200000000  0.5333360000000  0.5455520000000 1.0
C      1  0.4834800000000  0.5333360000000  0.4544480000000 1.0
C      1  0.5165200000000  0.4666640000000  0.4544480000000 1.0
C      1  0.5333360000000  0.5455520000000  0.5165200000000 1.0
C      1  0.4666640000000  0.5455520000000  0.4834800000000 1.0
C      1  0.5333360000000  0.4544480000000  0.4834800000000 1.0
C      1  0.5455520000000  0.5165200000000  0.5333360000000 1.0
C      1  0.4544480000000  0.5165200000000  0.4666640000000 1.0
C      1  0.5455520000000  0.4834800000000  0.4666640000000 1.0
C      1  0.4841840000000  0.5253650000000  0.5769060000000 1.0
C      1  0.5253650000000  0.5769060000000  0.4841840000000 1.0
C      1  0.5769060000000  0.4841840000000  0.5253650000000 1.0
C      1  0.5158160000000  0.4746350000000  0.5769060000000 1.0
C      1  0.4841840000000  0.4746350000000  0.4230940000000 1.0
C      1  0.5158160000000  0.5253650000000  0.4230940000000 1.0
C      1  0.4746350000000  0.4230940000000  0.4841840000000 1.0
C      1  0.5253650000000  0.4230940000000  0.5158160000000 1.0
C      1  0.4746350000000  0.5769060000000  0.5158160000000 1.0
C      1  0.4230940000000  0.5158160000000  0.5253650000000 1.0
C      1  0.5769060000000  0.5158160000000  0.4746350000000 1.0
C      1  0.4230940000000  0.4841840000000  0.4746350000000 1.0
C      1  0.4841840000000  0.5253650000000  0.4230940000000 1.0
C      1  0.5253650000000  0.5769060000000  0.5158160000000 1.0
C      1  0.5769060000000  0.4841840000000  0.4746350000000 1.0
C      1  0.5158160000000  0.4746350000000  0.4230940000000 1.0
C      1  0.4841840000000  0.4746350000000  0.5769060000000 1.0
C      1  0.5158160000000  0.5253650000000  0.5769060000000 1.0
C      1  0.4746350000000  0.4230940000000  0.5158160000000 1.0
C      1  0.5253650000000  0.4230940000000  0.4841840000000 1.0
C      1  0.4746350000000  0.5769060000000  0.4841840000000 1.0
C      1  0.4230940000000  0.5158160000000  0.4746350000000 1.0
C      1  0.5769060000000  0.5158160000000  0.5253650000000 1.0
C      1  0.4230940000000  0.4841840000000  0.5253650000000 1.0
C      1  0.4720720000000  0.5000000000000  0.5847830000000 1.0
C      1  0.5279280000000  0.5000000000000  0.4152170000000 1.0
C      1  0.5847830000000  0.4720720000000  0.5000000000000 1.0
C      1  0.5000000000000  0.5847830000000  0.4720720000000 1.0
C      1  0.4152170000000  0.5279280000000  0.5000000000000 1.0
C      1  0.5847830000000  0.5279280000000  0.5000000000000 1.0
C      1  0.4152170000000  0.4720720000000  0.5000000000000 1.0
C      1  0.5279280000000  0.5000000000000  0.5847830000000 1.0
C      1  0.4720720000000  0.5000000000000  0.4152170000000 1.0
C      1  0.5000000000000  0.4152170000000  0.4720720000000 1.0
C      1  0.5000000000000  0.4152170000000  0.5279280000000 1.0
C      1  0.5000000000000  0.5847830000000  0.5279280000000 1.0
END
