TITL C-3985254-1270-613 -1.27050892364927e-07 125000 -403.687627279278 0 0 60 (Ih) n - 1
REM
REM in /home/nfs/bkarasulu/CARBON/AIRSS/Generating-Clusters/TERSOFF/Higher-Symm/Only-C60
REM
REM
REM
REM
REM
REM ./C.cell (28575a23ae977d3b5fae324c64b13b57)
REM
REM compiler GCC version 9.2.1 20190827 (Red Hat 9.2.1-1)
REM options -cpp -mtune=generic -march=x86-64 -g -O0 -fpre-include=/usr/include/finclude/math-vector-fortran.h
REM seed -902425034 -1609048628 1938995984 -1963331980 -1038067759 -994799276 1973508679 -1722580004 -1998945463 993487489 1774841460 1505809735 1507914206 976371557 1853336362 1351148341 -1435498731 455843380 1246920120 1078349754 505136757 -47542731 1346469770 448074579 -1040309579 288187271 -1224356809 -1856241359 248020020 30279389 -1990181756 136136674 -1389857388
REM
CELL 1.54180   50.00000   50.00000   50.00000   90.00000   90.00000   90.00000
LATT -1
SFAC C  
C      1  0.4703720000000  0.4756950000000  0.5629600000000 1.0
C      1  0.4756950000000  0.5629600000000  0.4703720000000 1.0
C      1  0.5629600000000  0.4703720000000  0.4756950000000 1.0
C      1  0.5296280000000  0.5243050000000  0.5629600000000 1.0
C      1  0.4703720000000  0.5243050000000  0.4370400000000 1.0
C      1  0.5296280000000  0.4756950000000  0.4370400000000 1.0
C      1  0.5243050000000  0.4370400000000  0.4703720000000 1.0
C      1  0.4756950000000  0.4370400000000  0.5296280000000 1.0
C      1  0.5243050000000  0.5629600000000  0.5296280000000 1.0
C      1  0.4370400000000  0.5296280000000  0.4756950000000 1.0
C      1  0.5629600000000  0.5296280000000  0.5243050000000 1.0
C      1  0.4370400000000  0.4703720000000  0.5243050000000 1.0
C      1  0.4703720000000  0.4756950000000  0.4370400000000 1.0
C      1  0.4756950000000  0.5629600000000  0.5296280000000 1.0
C      1  0.5629600000000  0.4703720000000  0.5243050000000 1.0
C      1  0.5296280000000  0.5243050000000  0.4370400000000 1.0
C      1  0.4703720000000  0.5243050000000  0.5629600000000 1.0
C      1  0.5296280000000  0.4756950000000  0.5629600000000 1.0
C      1  0.5243050000000  0.4370400000000  0.5296280000000 1.0
C      1  0.4756950000000  0.4370400000000  0.4703720000000 1.0
C      1  0.5243050000000  0.5629600000000  0.4703720000000 1.0
C      1  0.4370400000000  0.5296280000000  0.5243050000000 1.0
C      1  0.5629600000000  0.5296280000000  0.4756950000000 1.0
C      1  0.4370400000000  0.4703720000000  0.4756950000000 1.0
C      1  0.4520620000000  0.5539330000000  0.4849780000000 1.0
C      1  0.5539330000000  0.4849780000000  0.4520620000000 1.0
C      1  0.4849780000000  0.4520620000000  0.5539330000000 1.0
C      1  0.5479380000000  0.4460670000000  0.4849780000000 1.0
C      1  0.4520620000000  0.4460670000000  0.5150220000000 1.0
C      1  0.5479380000000  0.5539330000000  0.5150220000000 1.0
C      1  0.4460670000000  0.5150220000000  0.4520620000000 1.0
C      1  0.5539330000000  0.5150220000000  0.5479380000000 1.0
C      1  0.4460670000000  0.4849780000000  0.5479380000000 1.0
C      1  0.5150220000000  0.5479380000000  0.5539330000000 1.0
C      1  0.4849780000000  0.5479380000000  0.4460670000000 1.0
C      1  0.5150220000000  0.4520620000000  0.4460670000000 1.0
C      1  0.4520620000000  0.5539330000000  0.5150220000000 1.0
C      1  0.5539330000000  0.4849780000000  0.5479380000000 1.0
C      1  0.4849780000000  0.4520620000000  0.4460670000000 1.0
C      1  0.5479380000000  0.4460670000000  0.5150220000000 1.0
C      1  0.4520620000000  0.4460670000000  0.4849780000000 1.0
C      1  0.5479380000000  0.5539330000000  0.4849780000000 1.0
C      1  0.4460670000000  0.5150220000000  0.5479380000000 1.0
C      1  0.5539330000000  0.5150220000000  0.4520620000000 1.0
C      1  0.4460670000000  0.4849780000000  0.4520620000000 1.0
C      1  0.5150220000000  0.5479380000000  0.4460670000000 1.0
C      1  0.4849780000000  0.5479380000000  0.5539330000000 1.0
C      1  0.5150220000000  0.4520620000000  0.5539330000000 1.0
C      1  0.5000000000000  0.5722440000000  0.4853940000000 1.0
C      1  0.5722440000000  0.4853940000000  0.5000000000000 1.0
C      1  0.4853940000000  0.5000000000000  0.5722440000000 1.0
C      1  0.5000000000000  0.4277560000000  0.4853940000000 1.0
C      1  0.5000000000000  0.4277560000000  0.5146060000000 1.0
C      1  0.5000000000000  0.5722440000000  0.5146060000000 1.0
C      1  0.4277560000000  0.5146060000000  0.5000000000000 1.0
C      1  0.5722440000000  0.5146060000000  0.5000000000000 1.0
C      1  0.4277560000000  0.4853940000000  0.5000000000000 1.0
C      1  0.5146060000000  0.5000000000000  0.5722440000000 1.0
C      1  0.4853940000000  0.5000000000000  0.4277560000000 1.0
C      1  0.5146060000000  0.5000000000000  0.4277560000000 1.0
END
