TITL C-3985254-1270-946 2.24697732036823e-09 125000 -284.636633335787 0 0 60 (Th) n - 1
REM
REM in /home/nfs/bkarasulu/CARBON/AIRSS/Generating-Clusters/TERSOFF/Higher-Symm/Only-C60
REM
REM
REM
REM
REM
REM ./C.cell (28575a23ae977d3b5fae324c64b13b57)
REM
REM compiler GCC version 9.2.1 20190827 (Red Hat 9.2.1-1)
REM options -cpp -mtune=generic -march=x86-64 -g -O0 -fpre-include=/usr/include/finclude/math-vector-fortran.h
REM seed 453566270 -1961940513 1769698777 -813607142 1247380676 -752078998 -1422846915 -67264976 1800487160 -1858936526 -1228812628 -968036162 1345835376 344536311 295979862 1419299150 -677553523 16973276 1262440696 560260397 934968702 426723407 1474408533 1790356083 1068812955 -1062211494 244216584 2113330472 -1490526716 -1410594389 38464323 -1971870433 -1056859825
REM
CELL 1.54180   50.00000   50.00000   50.00000   90.00000   90.00000   90.00000
LATT -1
SFAC C  
C      1  0.4570710000000  0.4827060000000  0.5176290000000 1.0
C      1  0.4827060000000  0.5176290000000  0.4570710000000 1.0
C      1  0.5176290000000  0.4570710000000  0.4827060000000 1.0
C      1  0.5429290000000  0.5172940000000  0.5176290000000 1.0
C      1  0.4570710000000  0.5172940000000  0.4823710000000 1.0
C      1  0.5429290000000  0.4827060000000  0.4823710000000 1.0
C      1  0.5172940000000  0.4823710000000  0.4570710000000 1.0
C      1  0.4827060000000  0.4823710000000  0.5429290000000 1.0
C      1  0.5172940000000  0.5176290000000  0.5429290000000 1.0
C      1  0.4823710000000  0.5429290000000  0.4827060000000 1.0
C      1  0.5176290000000  0.5429290000000  0.5172940000000 1.0
C      1  0.4823710000000  0.4570710000000  0.5172940000000 1.0
C      1  0.4570710000000  0.4827060000000  0.4823710000000 1.0
C      1  0.4827060000000  0.5176290000000  0.5429290000000 1.0
C      1  0.5176290000000  0.4570710000000  0.5172940000000 1.0
C      1  0.5429290000000  0.5172940000000  0.4823710000000 1.0
C      1  0.4570710000000  0.5172940000000  0.5176290000000 1.0
C      1  0.5429290000000  0.4827060000000  0.5176290000000 1.0
C      1  0.5172940000000  0.4823710000000  0.5429290000000 1.0
C      1  0.4827060000000  0.4823710000000  0.4570710000000 1.0
C      1  0.5172940000000  0.5176290000000  0.4570710000000 1.0
C      1  0.4823710000000  0.5429290000000  0.5172940000000 1.0
C      1  0.5176290000000  0.5429290000000  0.4827060000000 1.0
C      1  0.4823710000000  0.4570710000000  0.4827060000000 1.0
C      1  0.4839540000000  0.4752810000000  0.4251420000000 1.0
C      1  0.4752810000000  0.4251420000000  0.4839540000000 1.0
C      1  0.4251420000000  0.4839540000000  0.4752810000000 1.0
C      1  0.5160460000000  0.5247190000000  0.4251420000000 1.0
C      1  0.4839540000000  0.5247190000000  0.5748580000000 1.0
C      1  0.5160460000000  0.4752810000000  0.5748580000000 1.0
C      1  0.5247190000000  0.5748580000000  0.4839540000000 1.0
C      1  0.4752810000000  0.5748580000000  0.5160460000000 1.0
C      1  0.5247190000000  0.4251420000000  0.5160460000000 1.0
C      1  0.5748580000000  0.5160460000000  0.4752810000000 1.0
C      1  0.4251420000000  0.5160460000000  0.5247190000000 1.0
C      1  0.5748580000000  0.4839540000000  0.5247190000000 1.0
C      1  0.4839540000000  0.4752810000000  0.5748580000000 1.0
C      1  0.4752810000000  0.4251420000000  0.5160460000000 1.0
C      1  0.4251420000000  0.4839540000000  0.5247190000000 1.0
C      1  0.5160460000000  0.5247190000000  0.5748580000000 1.0
C      1  0.4839540000000  0.5247190000000  0.4251420000000 1.0
C      1  0.5160460000000  0.4752810000000  0.4251420000000 1.0
C      1  0.5247190000000  0.5748580000000  0.5160460000000 1.0
C      1  0.4752810000000  0.5748580000000  0.4839540000000 1.0
C      1  0.5247190000000  0.4251420000000  0.4839540000000 1.0
C      1  0.5748580000000  0.5160460000000  0.5247190000000 1.0
C      1  0.4251420000000  0.5160460000000  0.4752810000000 1.0
C      1  0.5748580000000  0.4839540000000  0.4752810000000 1.0
C      1  0.4117470000000  0.5260440000000  0.5000000000000 1.0
C      1  0.5260440000000  0.5000000000000  0.4117470000000 1.0
C      1  0.5000000000000  0.4117470000000  0.5260440000000 1.0
C      1  0.5882530000000  0.4739560000000  0.5000000000000 1.0
C      1  0.4739560000000  0.5000000000000  0.5882530000000 1.0
C      1  0.5000000000000  0.5882530000000  0.4739560000000 1.0
C      1  0.4117470000000  0.4739560000000  0.5000000000000 1.0
C      1  0.5882530000000  0.5260440000000  0.5000000000000 1.0
C      1  0.4739560000000  0.5000000000000  0.4117470000000 1.0
C      1  0.5260440000000  0.5000000000000  0.5882530000000 1.0
C      1  0.5000000000000  0.5882530000000  0.5260440000000 1.0
C      1  0.5000000000000  0.4117470000000  0.4739560000000 1.0
END
