TITL C-3985251-913-462 -1.05046504267846e-09 125000 -321.010271608579 0 0 60 (Th) n - 1
REM
REM in /home/nfs/bkarasulu/CARBON/AIRSS/Generating-Clusters/TERSOFF/Higher-Symm/Only-C60
REM
REM
REM
REM
REM
REM ./C.cell (28575a23ae977d3b5fae324c64b13b57)
REM
REM compiler GCC version 9.2.1 20190827 (Red Hat 9.2.1-1)
REM options -cpp -mtune=generic -march=x86-64 -g -O0 -fpre-include=/usr/include/finclude/math-vector-fortran.h
REM seed -1594838417 2022747471 1985019679 -476173591 -1354249215 -933925393 -27212736 -1361839282 952497231 807240112 2131580303 -1230671881 2014430784 1340875317 228470631 1116774934 439828622 -1337377139 -1682054415 1442434172 1622362235 1862558499 380281381 -272417725 -1578084238 1431250074 1843725998 -1392594094 -141652521 -2091057869 712806497 448145602 -1273241978
REM
CELL 1.54180   50.00000   50.00000   50.00000   90.00000   90.00000   90.00000
LATT -1
SFAC C  
C      1  0.5471190000000  0.4668320000000  0.5623640000000 1.0
C      1  0.4668320000000  0.5623640000000  0.5471190000000 1.0
C      1  0.5623640000000  0.5471190000000  0.4668320000000 1.0
C      1  0.4528810000000  0.5331680000000  0.5623640000000 1.0
C      1  0.5471190000000  0.5331680000000  0.4376360000000 1.0
C      1  0.4528810000000  0.4668320000000  0.4376360000000 1.0
C      1  0.5331680000000  0.4376360000000  0.5471190000000 1.0
C      1  0.4668320000000  0.4376360000000  0.4528810000000 1.0
C      1  0.5331680000000  0.5623640000000  0.4528810000000 1.0
C      1  0.4376360000000  0.4528810000000  0.4668320000000 1.0
C      1  0.5623640000000  0.4528810000000  0.5331680000000 1.0
C      1  0.4376360000000  0.5471190000000  0.5331680000000 1.0
C      1  0.5471190000000  0.4668320000000  0.4376360000000 1.0
C      1  0.4668320000000  0.5623640000000  0.4528810000000 1.0
C      1  0.5623640000000  0.5471190000000  0.5331680000000 1.0
C      1  0.4528810000000  0.5331680000000  0.4376360000000 1.0
C      1  0.5471190000000  0.5331680000000  0.5623640000000 1.0
C      1  0.4528810000000  0.4668320000000  0.5623640000000 1.0
C      1  0.5331680000000  0.4376360000000  0.4528810000000 1.0
C      1  0.4668320000000  0.4376360000000  0.5471190000000 1.0
C      1  0.5331680000000  0.5623640000000  0.5471190000000 1.0
C      1  0.4376360000000  0.4528810000000  0.5331680000000 1.0
C      1  0.5623640000000  0.4528810000000  0.4668320000000 1.0
C      1  0.4376360000000  0.5471190000000  0.4668320000000 1.0
C      1  0.4283560000000  0.5254690000000  0.5149950000000 1.0
C      1  0.5254690000000  0.5149950000000  0.4283560000000 1.0
C      1  0.5149950000000  0.4283560000000  0.5254690000000 1.0
C      1  0.5716440000000  0.4745310000000  0.5149950000000 1.0
C      1  0.4283560000000  0.4745310000000  0.4850050000000 1.0
C      1  0.5716440000000  0.5254690000000  0.4850050000000 1.0
C      1  0.4745310000000  0.4850050000000  0.4283560000000 1.0
C      1  0.5254690000000  0.4850050000000  0.5716440000000 1.0
C      1  0.4745310000000  0.5149950000000  0.5716440000000 1.0
C      1  0.4850050000000  0.5716440000000  0.5254690000000 1.0
C      1  0.5149950000000  0.5716440000000  0.4745310000000 1.0
C      1  0.4850050000000  0.4283560000000  0.4745310000000 1.0
C      1  0.4283560000000  0.5254690000000  0.4850050000000 1.0
C      1  0.5254690000000  0.5149950000000  0.5716440000000 1.0
C      1  0.5149950000000  0.4283560000000  0.4745310000000 1.0
C      1  0.5716440000000  0.4745310000000  0.4850050000000 1.0
C      1  0.4283560000000  0.4745310000000  0.5149950000000 1.0
C      1  0.5716440000000  0.5254690000000  0.5149950000000 1.0
C      1  0.4745310000000  0.4850050000000  0.5716440000000 1.0
C      1  0.5254690000000  0.4850050000000  0.4283560000000 1.0
C      1  0.4745310000000  0.5149950000000  0.4283560000000 1.0
C      1  0.4850050000000  0.5716440000000  0.4745310000000 1.0
C      1  0.5149950000000  0.5716440000000  0.5254690000000 1.0
C      1  0.4850050000000  0.4283560000000  0.5254690000000 1.0
C      1  0.5780270000000  0.5000000000000  0.5270550000000 1.0
C      1  0.5000000000000  0.4729450000000  0.5780270000000 1.0
C      1  0.5000000000000  0.5270550000000  0.4219730000000 1.0
C      1  0.5270550000000  0.4219730000000  0.5000000000000 1.0
C      1  0.4729450000000  0.5780270000000  0.5000000000000 1.0
C      1  0.4219730000000  0.5000000000000  0.5270550000000 1.0
C      1  0.5780270000000  0.5000000000000  0.4729450000000 1.0
C      1  0.4219730000000  0.5000000000000  0.4729450000000 1.0
C      1  0.5000000000000  0.5270550000000  0.5780270000000 1.0
C      1  0.5270550000000  0.5780270000000  0.5000000000000 1.0
C      1  0.5000000000000  0.4729450000000  0.4219730000000 1.0
C      1  0.4729450000000  0.4219730000000  0.5000000000000 1.0
END
