TITL C-3985251-913-339 1.8405813321201e-08 125000 -209.472443196978 0 0 60 (Th) n - 1
REM
REM in /home/nfs/bkarasulu/CARBON/AIRSS/Generating-Clusters/TERSOFF/Higher-Symm/Only-C60
REM
REM
REM
REM
REM
REM ./C.cell (28575a23ae977d3b5fae324c64b13b57)
REM
REM compiler GCC version 9.2.1 20190827 (Red Hat 9.2.1-1)
REM options -cpp -mtune=generic -march=x86-64 -g -O0 -fpre-include=/usr/include/finclude/math-vector-fortran.h
REM seed -1331626403 -1890046521 -1297302421 -911412968 -669431115 1318837060 -997254358 1439742185 661966913 -1864717727 -1405666201 -884769673 -746175224 1843528698 -1677730673 1755951755 -132396365 771121315 -1582023273 183794357 1097187925 1103896292 -1169407772 40887106 -65834701 1555537047 1380952392 86924484 -371598525 -84116085 -243790101 -1582875440 -2093431530
REM
CELL 1.54180   50.00000   50.00000   50.00000   90.00000   90.00000   90.00000
LATT -1
SFAC C  
C      1  0.5681010000000  0.5170490000000  0.4826940000000 1.0
C      1  0.5170490000000  0.4826940000000  0.5681010000000 1.0
C      1  0.4826940000000  0.5681010000000  0.5170490000000 1.0
C      1  0.4318990000000  0.4829510000000  0.4826940000000 1.0
C      1  0.5681010000000  0.4829510000000  0.5173060000000 1.0
C      1  0.4318990000000  0.5170490000000  0.5173060000000 1.0
C      1  0.4829510000000  0.5173060000000  0.5681010000000 1.0
C      1  0.5170490000000  0.5173060000000  0.4318990000000 1.0
C      1  0.4829510000000  0.4826940000000  0.4318990000000 1.0
C      1  0.5173060000000  0.4318990000000  0.5170490000000 1.0
C      1  0.4826940000000  0.4318990000000  0.4829510000000 1.0
C      1  0.5173060000000  0.5681010000000  0.4829510000000 1.0
C      1  0.5681010000000  0.5170490000000  0.5173060000000 1.0
C      1  0.5170490000000  0.4826940000000  0.4318990000000 1.0
C      1  0.4826940000000  0.5681010000000  0.4829510000000 1.0
C      1  0.4318990000000  0.4829510000000  0.5173060000000 1.0
C      1  0.5681010000000  0.4829510000000  0.4826940000000 1.0
C      1  0.4318990000000  0.5170490000000  0.4826940000000 1.0
C      1  0.4829510000000  0.5173060000000  0.4318990000000 1.0
C      1  0.5170490000000  0.5173060000000  0.5681010000000 1.0
C      1  0.4829510000000  0.4826940000000  0.5681010000000 1.0
C      1  0.5173060000000  0.4318990000000  0.4829510000000 1.0
C      1  0.4826940000000  0.4318990000000  0.5170490000000 1.0
C      1  0.5173060000000  0.5681010000000  0.5170490000000 1.0
C      1  0.4543870000000  0.4543990000000  0.4817320000000 1.0
C      1  0.4543990000000  0.4817320000000  0.4543870000000 1.0
C      1  0.4817320000000  0.4543870000000  0.4543990000000 1.0
C      1  0.5456130000000  0.5456010000000  0.4817320000000 1.0
C      1  0.4543870000000  0.5456010000000  0.5182680000000 1.0
C      1  0.5456130000000  0.4543990000000  0.5182680000000 1.0
C      1  0.5456010000000  0.5182680000000  0.4543870000000 1.0
C      1  0.4543990000000  0.5182680000000  0.5456130000000 1.0
C      1  0.5456010000000  0.4817320000000  0.5456130000000 1.0
C      1  0.5182680000000  0.5456130000000  0.4543990000000 1.0
C      1  0.4817320000000  0.5456130000000  0.5456010000000 1.0
C      1  0.5182680000000  0.4543870000000  0.5456010000000 1.0
C      1  0.4543870000000  0.4543990000000  0.5182680000000 1.0
C      1  0.4543990000000  0.4817320000000  0.5456130000000 1.0
C      1  0.4817320000000  0.4543870000000  0.5456010000000 1.0
C      1  0.5456130000000  0.5456010000000  0.5182680000000 1.0
C      1  0.4543870000000  0.5456010000000  0.4817320000000 1.0
C      1  0.5456130000000  0.4543990000000  0.4817320000000 1.0
C      1  0.5456010000000  0.5182680000000  0.5456130000000 1.0
C      1  0.4543990000000  0.5182680000000  0.4543870000000 1.0
C      1  0.5456010000000  0.4817320000000  0.4543870000000 1.0
C      1  0.5182680000000  0.5456130000000  0.5456010000000 1.0
C      1  0.4817320000000  0.5456130000000  0.4543990000000 1.0
C      1  0.5182680000000  0.4543870000000  0.4543990000000 1.0
C      1  0.4816150000000  0.5000000000000  0.5299260000000 1.0
C      1  0.5000000000000  0.5299260000000  0.4816150000000 1.0
C      1  0.4816150000000  0.5000000000000  0.4700740000000 1.0
C      1  0.5000000000000  0.4700740000000  0.5183850000000 1.0
C      1  0.5183850000000  0.5000000000000  0.4700740000000 1.0
C      1  0.5183850000000  0.5000000000000  0.5299260000000 1.0
C      1  0.5299260000000  0.4816150000000  0.5000000000000 1.0
C      1  0.4700740000000  0.5183850000000  0.5000000000000 1.0
C      1  0.5299260000000  0.5183850000000  0.5000000000000 1.0
C      1  0.4700740000000  0.4816150000000  0.5000000000000 1.0
C      1  0.5000000000000  0.4700740000000  0.4816150000000 1.0
C      1  0.5000000000000  0.5299260000000  0.5183850000000 1.0
END
