TITL C-3985254-1270-776 4.43235085121003e-08 125000 -403.687493574917 0 0 60 (Ih) n - 1
REM
REM in /home/nfs/bkarasulu/CARBON/AIRSS/Generating-Clusters/TERSOFF/Higher-Symm/Only-C60
REM
REM
REM
REM
REM
REM ./C.cell (28575a23ae977d3b5fae324c64b13b57)
REM
REM compiler GCC version 9.2.1 20190827 (Red Hat 9.2.1-1)
REM options -cpp -mtune=generic -march=x86-64 -g -O0 -fpre-include=/usr/include/finclude/math-vector-fortran.h
REM seed -1689998399 1069026247 -443562225 -372495829 -1722130792 -1616978767 -1148156466 -1620598184 816281729 -539189595 1725907513 998007953 -112844830 1792265458 -195505180 520033311 1116628457 290321279 -7092957 2071289070 -328868630 357822050 182753216 -186080694 733921201 622078073 -323412743 -970529978 -1512078163 -1979875298 -678019941 -671944969 1400817112
REM
CELL 1.54180   50.00000   50.00000   50.00000   90.00000   90.00000   90.00000
LATT -1
SFAC C  
C      1  0.4370400000000  0.4756950000000  0.4703720000000 1.0
C      1  0.4756950000000  0.4703720000000  0.4370400000000 1.0
C      1  0.4703720000000  0.4370400000000  0.4756950000000 1.0
C      1  0.5629600000000  0.5243050000000  0.4703720000000 1.0
C      1  0.4370400000000  0.5243050000000  0.5296280000000 1.0
C      1  0.5629600000000  0.4756950000000  0.5296280000000 1.0
C      1  0.5243050000000  0.5296280000000  0.4370400000000 1.0
C      1  0.4756950000000  0.5296280000000  0.5629600000000 1.0
C      1  0.5243050000000  0.4703720000000  0.5629600000000 1.0
C      1  0.5296280000000  0.5629600000000  0.4756950000000 1.0
C      1  0.4703720000000  0.5629600000000  0.5243050000000 1.0
C      1  0.5296280000000  0.4370400000000  0.5243050000000 1.0
C      1  0.4370400000000  0.4756950000000  0.5296280000000 1.0
C      1  0.4756950000000  0.4703720000000  0.5629600000000 1.0
C      1  0.4703720000000  0.4370400000000  0.5243050000000 1.0
C      1  0.5629600000000  0.5243050000000  0.5296280000000 1.0
C      1  0.4370400000000  0.5243050000000  0.4703720000000 1.0
C      1  0.5629600000000  0.4756950000000  0.4703720000000 1.0
C      1  0.5243050000000  0.5296280000000  0.5629600000000 1.0
C      1  0.4756950000000  0.5296280000000  0.4370400000000 1.0
C      1  0.5243050000000  0.4703720000000  0.4370400000000 1.0
C      1  0.5296280000000  0.5629600000000  0.5243050000000 1.0
C      1  0.4703720000000  0.5629600000000  0.4756950000000 1.0
C      1  0.5296280000000  0.4370400000000  0.4756950000000 1.0
C      1  0.5479380000000  0.5150220000000  0.5539330000000 1.0
C      1  0.5150220000000  0.5539330000000  0.5479380000000 1.0
C      1  0.5539330000000  0.5479380000000  0.5150220000000 1.0
C      1  0.4520620000000  0.4849780000000  0.5539330000000 1.0
C      1  0.5479380000000  0.4849780000000  0.4460670000000 1.0
C      1  0.4520620000000  0.5150220000000  0.4460670000000 1.0
C      1  0.4849780000000  0.4460670000000  0.5479380000000 1.0
C      1  0.5150220000000  0.4460670000000  0.4520620000000 1.0
C      1  0.4849780000000  0.5539330000000  0.4520620000000 1.0
C      1  0.4460670000000  0.4520620000000  0.5150220000000 1.0
C      1  0.5539330000000  0.4520620000000  0.4849780000000 1.0
C      1  0.4460670000000  0.5479380000000  0.4849780000000 1.0
C      1  0.5479380000000  0.5150220000000  0.4460670000000 1.0
C      1  0.5150220000000  0.5539330000000  0.4520620000000 1.0
C      1  0.5539330000000  0.5479380000000  0.4849780000000 1.0
C      1  0.4520620000000  0.4849780000000  0.4460670000000 1.0
C      1  0.5479380000000  0.4849780000000  0.5539330000000 1.0
C      1  0.4520620000000  0.5150220000000  0.5539330000000 1.0
C      1  0.4849780000000  0.4460670000000  0.4520620000000 1.0
C      1  0.5150220000000  0.4460670000000  0.5479380000000 1.0
C      1  0.4849780000000  0.5539330000000  0.5479380000000 1.0
C      1  0.4460670000000  0.4520620000000  0.4849780000000 1.0
C      1  0.5539330000000  0.4520620000000  0.5150220000000 1.0
C      1  0.4460670000000  0.5479380000000  0.5150220000000 1.0
C      1  0.5000000000000  0.4853940000000  0.5722440000000 1.0
C      1  0.5000000000000  0.5146060000000  0.4277560000000 1.0
C      1  0.4853940000000  0.4277560000000  0.5000000000000 1.0
C      1  0.4277560000000  0.5000000000000  0.4853940000000 1.0
C      1  0.5000000000000  0.4853940000000  0.4277560000000 1.0
C      1  0.5146060000000  0.5722440000000  0.5000000000000 1.0
C      1  0.4853940000000  0.5722440000000  0.5000000000000 1.0
C      1  0.5146060000000  0.4277560000000  0.5000000000000 1.0
C      1  0.5722440000000  0.5000000000000  0.4853940000000 1.0
C      1  0.4277560000000  0.5000000000000  0.5146060000000 1.0
C      1  0.5722440000000  0.5000000000000  0.5146060000000 1.0
C      1  0.5000000000000  0.5146060000000  0.5722440000000 1.0
END
