TITL C-3985245-9316-1270 -3.82139213984494e-07 125000 -307.249957588024 0 0 60 (Th) n - 1
REM
REM in /home/nfs/bkarasulu/CARBON/AIRSS/Generating-Clusters/TERSOFF/Higher-Symm/Only-C60
REM
REM
REM
REM
REM
REM ./C.cell (28575a23ae977d3b5fae324c64b13b57)
REM
REM compiler GCC version 9.2.1 20190827 (Red Hat 9.2.1-1)
REM options -cpp -mtune=generic -march=x86-64 -g -O0 -fpre-include=/usr/include/finclude/math-vector-fortran.h
REM seed -1647012925 382445476 556063959 -909172221 -575415846 1562183742 -1889894161 -212986448 1442231621 -1070208637 1532986214 -2132272708 2061289586 -2091238155 999255899 -1350367834 -401547506 -339286138 667308720 717985147 549606576 -2047642391 278090090 -1603562009 -482498828 866068651 130869923 1418819589 344330587 -1556144655 1633475061 1022734318 -812731269
REM
CELL 1.54180   50.00000   50.00000   50.00000   90.00000   90.00000   90.00000
LATT -1
SFAC C  
C      1  0.5252550000000  0.5265440000000  0.5725260000000 1.0
C      1  0.5265440000000  0.5725260000000  0.5252550000000 1.0
C      1  0.5725260000000  0.5252550000000  0.5265440000000 1.0
C      1  0.4747450000000  0.4734560000000  0.5725260000000 1.0
C      1  0.5252550000000  0.4734560000000  0.4274740000000 1.0
C      1  0.4747450000000  0.5265440000000  0.4274740000000 1.0
C      1  0.4734560000000  0.4274740000000  0.5252550000000 1.0
C      1  0.5265440000000  0.4274740000000  0.4747450000000 1.0
C      1  0.4734560000000  0.5725260000000  0.4747450000000 1.0
C      1  0.4274740000000  0.4747450000000  0.5265440000000 1.0
C      1  0.5725260000000  0.4747450000000  0.4734560000000 1.0
C      1  0.4274740000000  0.5252550000000  0.4734560000000 1.0
C      1  0.5252550000000  0.5265440000000  0.4274740000000 1.0
C      1  0.5265440000000  0.5725260000000  0.4747450000000 1.0
C      1  0.5725260000000  0.5252550000000  0.4734560000000 1.0
C      1  0.4747450000000  0.4734560000000  0.4274740000000 1.0
C      1  0.5252550000000  0.4734560000000  0.5725260000000 1.0
C      1  0.4747450000000  0.5265440000000  0.5725260000000 1.0
C      1  0.4734560000000  0.4274740000000  0.4747450000000 1.0
C      1  0.5265440000000  0.4274740000000  0.5252550000000 1.0
C      1  0.4734560000000  0.5725260000000  0.5252550000000 1.0
C      1  0.4274740000000  0.4747450000000  0.4734560000000 1.0
C      1  0.5725260000000  0.4747450000000  0.5265440000000 1.0
C      1  0.4274740000000  0.5252550000000  0.5265440000000 1.0
C      1  0.5273080000000  0.5155420000000  0.4554600000000 1.0
C      1  0.5155420000000  0.4554600000000  0.5273080000000 1.0
C      1  0.4554600000000  0.5273080000000  0.5155420000000 1.0
C      1  0.4726920000000  0.4844580000000  0.4554600000000 1.0
C      1  0.5273080000000  0.4844580000000  0.5445400000000 1.0
C      1  0.4726920000000  0.5155420000000  0.5445400000000 1.0
C      1  0.4844580000000  0.5445400000000  0.5273080000000 1.0
C      1  0.5155420000000  0.5445400000000  0.4726920000000 1.0
C      1  0.4844580000000  0.4554600000000  0.4726920000000 1.0
C      1  0.5445400000000  0.4726920000000  0.5155420000000 1.0
C      1  0.4554600000000  0.4726920000000  0.4844580000000 1.0
C      1  0.5445400000000  0.5273080000000  0.4844580000000 1.0
C      1  0.5273080000000  0.5155420000000  0.5445400000000 1.0
C      1  0.5155420000000  0.4554600000000  0.4726920000000 1.0
C      1  0.4554600000000  0.5273080000000  0.4844580000000 1.0
C      1  0.4726920000000  0.4844580000000  0.5445400000000 1.0
C      1  0.5273080000000  0.4844580000000  0.4554600000000 1.0
C      1  0.4726920000000  0.5155420000000  0.4554600000000 1.0
C      1  0.4844580000000  0.5445400000000  0.4726920000000 1.0
C      1  0.5155420000000  0.5445400000000  0.5273080000000 1.0
C      1  0.4844580000000  0.4554600000000  0.5273080000000 1.0
C      1  0.5445400000000  0.4726920000000  0.4844580000000 1.0
C      1  0.4554600000000  0.4726920000000  0.5155420000000 1.0
C      1  0.5445400000000  0.5273080000000  0.5155420000000 1.0
C      1  0.5000000000000  0.5316300000000  0.5854650000000 1.0
C      1  0.5316300000000  0.5854650000000  0.5000000000000 1.0
C      1  0.5854650000000  0.5000000000000  0.5316300000000 1.0
C      1  0.5000000000000  0.4683700000000  0.5854650000000 1.0
C      1  0.5000000000000  0.4683700000000  0.4145350000000 1.0
C      1  0.5000000000000  0.5316300000000  0.4145350000000 1.0
C      1  0.4683700000000  0.4145350000000  0.5000000000000 1.0
C      1  0.5316300000000  0.4145350000000  0.5000000000000 1.0
C      1  0.4683700000000  0.5854650000000  0.5000000000000 1.0
C      1  0.4145350000000  0.5000000000000  0.5316300000000 1.0
C      1  0.5854650000000  0.5000000000000  0.4683700000000 1.0
C      1  0.4145350000000  0.5000000000000  0.4683700000000 1.0
END
