TITL C-3985254-1270-1139 -3.13813257317904e-07 125000 -403.687772989053 0 0 60 (Ih) n - 1
REM
REM in /home/nfs/bkarasulu/CARBON/AIRSS/Generating-Clusters/TERSOFF/Higher-Symm/Only-C60
REM
REM
REM
REM
REM
REM ./C.cell (28575a23ae977d3b5fae324c64b13b57)
REM
REM compiler GCC version 9.2.1 20190827 (Red Hat 9.2.1-1)
REM options -cpp -mtune=generic -march=x86-64 -g -O0 -fpre-include=/usr/include/finclude/math-vector-fortran.h
REM seed 369242511 858413374 -836330517 -418922940 -719719567 -1870196203 2051485202 15623932 -813699289 1524862318 -2063923020 -259871305 934365141 856267696 -595954577 1153440133 582176587 -1098065054 1906658571 1720734308 2130617111 -297328482 -946332692 -1729150084 299769336 1149189223 -1219370233 -182053063 -1797047996 376310438 1820170357 1868290226 1361025840
REM
CELL 1.54180   50.00000   50.00000   50.00000   90.00000   90.00000   90.00000
LATT -1
SFAC C  
C      1  0.4460670000000  0.5479380000000  0.4849780000000 1.0
C      1  0.5479380000000  0.4849780000000  0.4460670000000 1.0
C      1  0.4849780000000  0.4460670000000  0.5479380000000 1.0
C      1  0.5539330000000  0.4520620000000  0.4849780000000 1.0
C      1  0.4460670000000  0.4520620000000  0.5150220000000 1.0
C      1  0.5539330000000  0.5479380000000  0.5150220000000 1.0
C      1  0.4520620000000  0.5150220000000  0.4460670000000 1.0
C      1  0.5479380000000  0.5150220000000  0.5539330000000 1.0
C      1  0.4520620000000  0.4849780000000  0.5539330000000 1.0
C      1  0.5150220000000  0.5539330000000  0.5479380000000 1.0
C      1  0.4849780000000  0.5539330000000  0.4520620000000 1.0
C      1  0.5150220000000  0.4460670000000  0.4520620000000 1.0
C      1  0.4460670000000  0.5479380000000  0.5150220000000 1.0
C      1  0.5479380000000  0.4849780000000  0.5539330000000 1.0
C      1  0.4849780000000  0.4460670000000  0.4520620000000 1.0
C      1  0.5539330000000  0.4520620000000  0.5150220000000 1.0
C      1  0.4460670000000  0.4520620000000  0.4849780000000 1.0
C      1  0.5539330000000  0.5479380000000  0.4849780000000 1.0
C      1  0.4520620000000  0.5150220000000  0.5539330000000 1.0
C      1  0.5479380000000  0.5150220000000  0.4460670000000 1.0
C      1  0.4520620000000  0.4849780000000  0.4460670000000 1.0
C      1  0.5150220000000  0.5539330000000  0.4520620000000 1.0
C      1  0.4849780000000  0.5539330000000  0.5479380000000 1.0
C      1  0.5150220000000  0.4460670000000  0.5479380000000 1.0
C      1  0.4370400000000  0.4756950000000  0.5296280000000 1.0
C      1  0.4756950000000  0.5296280000000  0.4370400000000 1.0
C      1  0.5296280000000  0.4370400000000  0.4756950000000 1.0
C      1  0.5629600000000  0.5243050000000  0.5296280000000 1.0
C      1  0.4370400000000  0.5243050000000  0.4703720000000 1.0
C      1  0.5629600000000  0.4756950000000  0.4703720000000 1.0
C      1  0.5243050000000  0.4703720000000  0.4370400000000 1.0
C      1  0.4756950000000  0.4703720000000  0.5629600000000 1.0
C      1  0.5243050000000  0.5296280000000  0.5629600000000 1.0
C      1  0.4703720000000  0.5629600000000  0.4756950000000 1.0
C      1  0.5296280000000  0.5629600000000  0.5243050000000 1.0
C      1  0.4703720000000  0.4370400000000  0.5243050000000 1.0
C      1  0.4370400000000  0.4756950000000  0.4703720000000 1.0
C      1  0.4756950000000  0.5296280000000  0.5629600000000 1.0
C      1  0.5296280000000  0.4370400000000  0.5243050000000 1.0
C      1  0.5629600000000  0.5243050000000  0.4703720000000 1.0
C      1  0.4370400000000  0.5243050000000  0.5296280000000 1.0
C      1  0.5629600000000  0.4756950000000  0.5296280000000 1.0
C      1  0.5243050000000  0.4703720000000  0.5629600000000 1.0
C      1  0.4756950000000  0.4703720000000  0.4370400000000 1.0
C      1  0.5243050000000  0.5296280000000  0.4370400000000 1.0
C      1  0.4703720000000  0.5629600000000  0.5243050000000 1.0
C      1  0.5296280000000  0.5629600000000  0.4756950000000 1.0
C      1  0.4703720000000  0.4370400000000  0.4756950000000 1.0
C      1  0.4853940000000  0.5722440000000  0.5000000000000 1.0
C      1  0.5146060000000  0.4277560000000  0.5000000000000 1.0
C      1  0.5000000000000  0.5146060000000  0.4277560000000 1.0
C      1  0.5000000000000  0.4853940000000  0.5722440000000 1.0
C      1  0.4853940000000  0.4277560000000  0.5000000000000 1.0
C      1  0.4277560000000  0.5000000000000  0.4853940000000 1.0
C      1  0.5000000000000  0.4853940000000  0.4277560000000 1.0
C      1  0.5146060000000  0.5722440000000  0.5000000000000 1.0
C      1  0.5722440000000  0.5000000000000  0.4853940000000 1.0
C      1  0.4277560000000  0.5000000000000  0.5146060000000 1.0
C      1  0.5722440000000  0.5000000000000  0.5146060000000 1.0
C      1  0.5000000000000  0.5146060000000  0.5722440000000 1.0
END
