TITL C-3985246-2097-109 7.94330231405382e-08 125000 -293.314862431398 0 0 60 (Th) n - 1
REM
REM in /home/nfs/bkarasulu/CARBON/AIRSS/Generating-Clusters/TERSOFF/Higher-Symm/Only-C60
REM
REM
REM
REM
REM
REM ./C.cell (28575a23ae977d3b5fae324c64b13b57)
REM
REM compiler GCC version 9.2.1 20190827 (Red Hat 9.2.1-1)
REM options -cpp -mtune=generic -march=x86-64 -g -O0 -fpre-include=/usr/include/finclude/math-vector-fortran.h
REM seed 276689663 2126806871 -1328359389 1133704482 933177587 -739088289 1633793447 -833070045 1461404265 -297894052 -2030534967 -145097936 -562695980 -1657054244 -182496026 1108942225 848566576 -2010252952 -1578591405 -1782365329 -128182364 -1393272673 1107146517 -1507456421 -786254193 573991678 1297395625 -707667224 -622413507 1830308899 1733244868 -127722951 853806479
REM
CELL 1.54180   50.00000   50.00000   50.00000   90.00000   90.00000   90.00000
LATT -1
SFAC C  
C      1  0.4716380000000  0.4762890000000  0.4295440000000 1.0
C      1  0.4762890000000  0.4295440000000  0.4716380000000 1.0
C      1  0.4295440000000  0.4716380000000  0.4762890000000 1.0
C      1  0.5283620000000  0.5237110000000  0.4295440000000 1.0
C      1  0.4716380000000  0.5237110000000  0.5704560000000 1.0
C      1  0.5283620000000  0.4762890000000  0.5704560000000 1.0
C      1  0.5237110000000  0.5704560000000  0.4716380000000 1.0
C      1  0.4762890000000  0.5704560000000  0.5283620000000 1.0
C      1  0.5237110000000  0.4295440000000  0.5283620000000 1.0
C      1  0.5704560000000  0.5283620000000  0.4762890000000 1.0
C      1  0.4295440000000  0.5283620000000  0.5237110000000 1.0
C      1  0.5704560000000  0.4716380000000  0.5237110000000 1.0
C      1  0.4716380000000  0.4762890000000  0.5704560000000 1.0
C      1  0.4762890000000  0.4295440000000  0.5283620000000 1.0
C      1  0.4295440000000  0.4716380000000  0.5237110000000 1.0
C      1  0.5283620000000  0.5237110000000  0.5704560000000 1.0
C      1  0.4716380000000  0.5237110000000  0.4295440000000 1.0
C      1  0.5283620000000  0.4762890000000  0.4295440000000 1.0
C      1  0.5237110000000  0.5704560000000  0.5283620000000 1.0
C      1  0.4762890000000  0.5704560000000  0.4716380000000 1.0
C      1  0.5237110000000  0.4295440000000  0.4716380000000 1.0
C      1  0.5704560000000  0.5283620000000  0.5237110000000 1.0
C      1  0.4295440000000  0.5283620000000  0.4762890000000 1.0
C      1  0.5704560000000  0.4716380000000  0.4762890000000 1.0
C      1  0.4831130000000  0.5178290000000  0.5428340000000 1.0
C      1  0.5178290000000  0.5428340000000  0.4831130000000 1.0
C      1  0.5428340000000  0.4831130000000  0.5178290000000 1.0
C      1  0.5168870000000  0.4821710000000  0.5428340000000 1.0
C      1  0.4831130000000  0.4821710000000  0.4571660000000 1.0
C      1  0.5168870000000  0.5178290000000  0.4571660000000 1.0
C      1  0.4821710000000  0.4571660000000  0.4831130000000 1.0
C      1  0.5178290000000  0.4571660000000  0.5168870000000 1.0
C      1  0.4821710000000  0.5428340000000  0.5168870000000 1.0
C      1  0.4571660000000  0.5168870000000  0.5178290000000 1.0
C      1  0.5428340000000  0.5168870000000  0.4821710000000 1.0
C      1  0.4571660000000  0.4831130000000  0.4821710000000 1.0
C      1  0.4831130000000  0.5178290000000  0.4571660000000 1.0
C      1  0.5178290000000  0.5428340000000  0.5168870000000 1.0
C      1  0.5428340000000  0.4831130000000  0.4821710000000 1.0
C      1  0.5168870000000  0.4821710000000  0.4571660000000 1.0
C      1  0.4831130000000  0.4821710000000  0.5428340000000 1.0
C      1  0.5168870000000  0.5178290000000  0.5428340000000 1.0
C      1  0.4821710000000  0.4571660000000  0.5168870000000 1.0
C      1  0.5178290000000  0.4571660000000  0.4831130000000 1.0
C      1  0.4821710000000  0.5428340000000  0.4831130000000 1.0
C      1  0.4571660000000  0.5168870000000  0.4821710000000 1.0
C      1  0.5428340000000  0.5168870000000  0.5178290000000 1.0
C      1  0.4571660000000  0.4831130000000  0.5178290000000 1.0
C      1  0.4137940000000  0.5349050000000  0.5000000000000 1.0
C      1  0.5862060000000  0.4650950000000  0.5000000000000 1.0
C      1  0.5000000000000  0.5862060000000  0.4650950000000 1.0
C      1  0.5000000000000  0.4137940000000  0.5349050000000 1.0
C      1  0.4137940000000  0.4650950000000  0.5000000000000 1.0
C      1  0.4650950000000  0.5000000000000  0.4137940000000 1.0
C      1  0.5000000000000  0.4137940000000  0.4650950000000 1.0
C      1  0.5862060000000  0.5349050000000  0.5000000000000 1.0
C      1  0.5349050000000  0.5000000000000  0.4137940000000 1.0
C      1  0.4650950000000  0.5000000000000  0.5862060000000 1.0
C      1  0.5349050000000  0.5000000000000  0.5862060000000 1.0
C      1  0.5000000000000  0.5862060000000  0.5349050000000 1.0
END
