TITL C-3985258-5380-73 3.98656410534381e-09 125000 -322.859921767207 0 0 60 (Th) n - 1
REM
REM in /home/nfs/bkarasulu/CARBON/AIRSS/Generating-Clusters/TERSOFF/Higher-Symm/Only-C60
REM
REM
REM
REM
REM
REM ./C.cell (28575a23ae977d3b5fae324c64b13b57)
REM
REM compiler GCC version 9.2.1 20190827 (Red Hat 9.2.1-1)
REM options -cpp -mtune=generic -march=x86-64 -g -O0 -fpre-include=/usr/include/finclude/math-vector-fortran.h
REM seed 2043290236 -836063764 412934767 911536953 1986280448 -1535324729 1421520066 1686193812 -756037662 655515746 -920554207 564913791 380228844 -1108810638 1728338348 -1370855193 1315939734 1779343991 1282149487 204802371 1712481179 -441158890 1195950663 -1259026343 -889407544 1931263542 -1530134979 1837552909 1084989063 -277162278 -1719454278 -595001866 -1314301367
REM
CELL 1.54180   50.00000   50.00000   50.00000   90.00000   90.00000   90.00000
LATT -1
SFAC C  
C      1  0.4709880000000  0.4472010000000  0.4736700000000 1.0
C      1  0.4472010000000  0.4736700000000  0.4709880000000 1.0
C      1  0.4736700000000  0.4709880000000  0.4472010000000 1.0
C      1  0.5290120000000  0.5527990000000  0.4736700000000 1.0
C      1  0.4709880000000  0.5527990000000  0.5263300000000 1.0
C      1  0.5290120000000  0.4472010000000  0.5263300000000 1.0
C      1  0.5527990000000  0.5263300000000  0.4709880000000 1.0
C      1  0.4472010000000  0.5263300000000  0.5290120000000 1.0
C      1  0.5527990000000  0.4736700000000  0.5290120000000 1.0
C      1  0.5263300000000  0.5290120000000  0.4472010000000 1.0
C      1  0.4736700000000  0.5290120000000  0.5527990000000 1.0
C      1  0.5263300000000  0.4709880000000  0.5527990000000 1.0
C      1  0.4709880000000  0.4472010000000  0.5263300000000 1.0
C      1  0.4472010000000  0.4736700000000  0.5290120000000 1.0
C      1  0.4736700000000  0.4709880000000  0.5527990000000 1.0
C      1  0.5290120000000  0.5527990000000  0.5263300000000 1.0
C      1  0.4709880000000  0.5527990000000  0.4736700000000 1.0
C      1  0.5290120000000  0.4472010000000  0.4736700000000 1.0
C      1  0.5527990000000  0.5263300000000  0.5290120000000 1.0
C      1  0.4472010000000  0.5263300000000  0.4709880000000 1.0
C      1  0.5527990000000  0.4736700000000  0.4709880000000 1.0
C      1  0.5263300000000  0.5290120000000  0.5527990000000 1.0
C      1  0.4736700000000  0.5290120000000  0.4472010000000 1.0
C      1  0.5263300000000  0.4709880000000  0.4472010000000 1.0
C      1  0.5145090000000  0.5741620000000  0.4572600000000 1.0
C      1  0.5741620000000  0.4572600000000  0.5145090000000 1.0
C      1  0.4572600000000  0.5145090000000  0.5741620000000 1.0
C      1  0.4854910000000  0.4258380000000  0.4572600000000 1.0
C      1  0.5145090000000  0.4258380000000  0.5427400000000 1.0
C      1  0.4854910000000  0.5741620000000  0.5427400000000 1.0
C      1  0.4258380000000  0.5427400000000  0.5145090000000 1.0
C      1  0.5741620000000  0.5427400000000  0.4854910000000 1.0
C      1  0.4258380000000  0.4572600000000  0.4854910000000 1.0
C      1  0.5427400000000  0.4854910000000  0.5741620000000 1.0
C      1  0.4572600000000  0.4854910000000  0.4258380000000 1.0
C      1  0.5427400000000  0.5145090000000  0.4258380000000 1.0
C      1  0.5145090000000  0.5741620000000  0.5427400000000 1.0
C      1  0.5741620000000  0.4572600000000  0.4854910000000 1.0
C      1  0.4572600000000  0.5145090000000  0.4258380000000 1.0
C      1  0.4854910000000  0.4258380000000  0.5427400000000 1.0
C      1  0.5145090000000  0.4258380000000  0.4572600000000 1.0
C      1  0.4854910000000  0.5741620000000  0.4572600000000 1.0
C      1  0.4258380000000  0.5427400000000  0.4854910000000 1.0
C      1  0.5741620000000  0.5427400000000  0.5145090000000 1.0
C      1  0.4258380000000  0.4572600000000  0.5145090000000 1.0
C      1  0.5427400000000  0.4854910000000  0.4258380000000 1.0
C      1  0.4572600000000  0.4854910000000  0.5741620000000 1.0
C      1  0.5427400000000  0.5145090000000  0.5741620000000 1.0
C      1  0.5503190000000  0.5000000000000  0.4853990000000 1.0
C      1  0.4496810000000  0.5000000000000  0.5146010000000 1.0
C      1  0.4496810000000  0.5000000000000  0.4853990000000 1.0
C      1  0.4853990000000  0.4496810000000  0.5000000000000 1.0
C      1  0.5503190000000  0.5000000000000  0.5146010000000 1.0
C      1  0.5146010000000  0.5503190000000  0.5000000000000 1.0
C      1  0.4853990000000  0.5503190000000  0.5000000000000 1.0
C      1  0.5146010000000  0.4496810000000  0.5000000000000 1.0
C      1  0.5000000000000  0.4853990000000  0.4496810000000 1.0
C      1  0.5000000000000  0.5146010000000  0.4496810000000 1.0
C      1  0.5000000000000  0.5146010000000  0.5503190000000 1.0
C      1  0.5000000000000  0.4853990000000  0.5503190000000 1.0
END
