TITL C-3985251-913-799 -2.17624920241208e-07 125000 -403.687697944077 0 0 60 (Ih) n - 1
REM
REM in /home/nfs/bkarasulu/CARBON/AIRSS/Generating-Clusters/TERSOFF/Higher-Symm/Only-C60
REM
REM
REM
REM
REM
REM ./C.cell (28575a23ae977d3b5fae324c64b13b57)
REM
REM compiler GCC version 9.2.1 20190827 (Red Hat 9.2.1-1)
REM options -cpp -mtune=generic -march=x86-64 -g -O0 -fpre-include=/usr/include/finclude/math-vector-fortran.h
REM seed 1811439823 -198945292 627739366 1035044701 813563478 1600434332 -141019936 -2133831819 730047467 -525461265 964046338 243464161 1695149903 -993587441 -1315710162 -117022283 808592402 1259892110 1178351068 1011217284 607479013 1418709309 644931900 1905698422 2104934872 290077365 453410776 1918948903 223274921 1335305589 -1245293739 423200151 -1153786321
REM
CELL 1.54180   50.00000   50.00000   50.00000   90.00000   90.00000   90.00000
LATT -1
SFAC C  
C      1  0.5539330000000  0.4849780000000  0.5479380000000 1.0
C      1  0.4849780000000  0.5479380000000  0.5539330000000 1.0
C      1  0.5479380000000  0.5539330000000  0.4849780000000 1.0
C      1  0.4460670000000  0.5150220000000  0.5479380000000 1.0
C      1  0.5539330000000  0.5150220000000  0.4520620000000 1.0
C      1  0.4460670000000  0.4849780000000  0.4520620000000 1.0
C      1  0.5150220000000  0.4520620000000  0.5539330000000 1.0
C      1  0.4849780000000  0.4520620000000  0.4460670000000 1.0
C      1  0.5150220000000  0.5479380000000  0.4460670000000 1.0
C      1  0.4520620000000  0.4460670000000  0.4849780000000 1.0
C      1  0.5479380000000  0.4460670000000  0.5150220000000 1.0
C      1  0.4520620000000  0.5539330000000  0.5150220000000 1.0
C      1  0.5539330000000  0.4849780000000  0.4520620000000 1.0
C      1  0.4849780000000  0.5479380000000  0.4460670000000 1.0
C      1  0.5479380000000  0.5539330000000  0.5150220000000 1.0
C      1  0.4460670000000  0.5150220000000  0.4520620000000 1.0
C      1  0.5539330000000  0.5150220000000  0.5479380000000 1.0
C      1  0.4460670000000  0.4849780000000  0.5479380000000 1.0
C      1  0.5150220000000  0.4520620000000  0.4460670000000 1.0
C      1  0.4849780000000  0.4520620000000  0.5539330000000 1.0
C      1  0.5150220000000  0.5479380000000  0.5539330000000 1.0
C      1  0.4520620000000  0.4460670000000  0.5150220000000 1.0
C      1  0.5479380000000  0.4460670000000  0.4849780000000 1.0
C      1  0.4520620000000  0.5539330000000  0.4849780000000 1.0
C      1  0.5243050000000  0.4370400000000  0.5296280000000 1.0
C      1  0.4370400000000  0.5296280000000  0.5243050000000 1.0
C      1  0.5296280000000  0.5243050000000  0.4370400000000 1.0
C      1  0.4756950000000  0.5629600000000  0.5296280000000 1.0
C      1  0.5243050000000  0.5629600000000  0.4703720000000 1.0
C      1  0.4756950000000  0.4370400000000  0.4703720000000 1.0
C      1  0.5629600000000  0.4703720000000  0.5243050000000 1.0
C      1  0.4370400000000  0.4703720000000  0.4756950000000 1.0
C      1  0.5629600000000  0.5296280000000  0.4756950000000 1.0
C      1  0.4703720000000  0.4756950000000  0.4370400000000 1.0
C      1  0.5296280000000  0.4756950000000  0.5629600000000 1.0
C      1  0.4703720000000  0.5243050000000  0.5629600000000 1.0
C      1  0.5243050000000  0.4370400000000  0.4703720000000 1.0
C      1  0.4370400000000  0.5296280000000  0.4756950000000 1.0
C      1  0.5296280000000  0.5243050000000  0.5629600000000 1.0
C      1  0.4756950000000  0.5629600000000  0.4703720000000 1.0
C      1  0.5243050000000  0.5629600000000  0.5296280000000 1.0
C      1  0.4756950000000  0.4370400000000  0.5296280000000 1.0
C      1  0.5629600000000  0.4703720000000  0.4756950000000 1.0
C      1  0.4370400000000  0.4703720000000  0.5243050000000 1.0
C      1  0.5629600000000  0.5296280000000  0.5243050000000 1.0
C      1  0.4703720000000  0.4756950000000  0.5629600000000 1.0
C      1  0.5296280000000  0.4756950000000  0.4370400000000 1.0
C      1  0.4703720000000  0.5243050000000  0.4370400000000 1.0
C      1  0.4277560000000  0.4853940000000  0.5000000000000 1.0
C      1  0.4853940000000  0.5000000000000  0.4277560000000 1.0
C      1  0.5000000000000  0.4277560000000  0.4853940000000 1.0
C      1  0.5722440000000  0.5146060000000  0.5000000000000 1.0
C      1  0.4277560000000  0.5146060000000  0.5000000000000 1.0
C      1  0.5722440000000  0.4853940000000  0.5000000000000 1.0
C      1  0.5146060000000  0.5000000000000  0.4277560000000 1.0
C      1  0.4853940000000  0.5000000000000  0.5722440000000 1.0
C      1  0.5146060000000  0.5000000000000  0.5722440000000 1.0
C      1  0.5000000000000  0.5722440000000  0.4853940000000 1.0
C      1  0.5000000000000  0.5722440000000  0.5146060000000 1.0
C      1  0.5000000000000  0.4277560000000  0.5146060000000 1.0
END
