TITL C-3985259-1859-1232 2.47092689452414e-09 125000 -403.687526227837 0 0 60 (Ih) n - 1
REM
REM in /home/nfs/bkarasulu/CARBON/AIRSS/Generating-Clusters/TERSOFF/Higher-Symm/Only-C60
REM
REM
REM
REM
REM
REM ./C.cell (28575a23ae977d3b5fae324c64b13b57)
REM
REM compiler GCC version 9.2.1 20190827 (Red Hat 9.2.1-1)
REM options -cpp -mtune=generic -march=x86-64 -g -O0 -fpre-include=/usr/include/finclude/math-vector-fortran.h
REM seed -459849951 -1215968086 1156725300 1607195011 1888793053 1465367594 554643101 2136744469 -1702300278 -1750737046 2070111318 546484805 282798174 -786252218 -66495350 -894930533 401593103 879324808 -1188225367 -692219720 -1469973911 1102451022 1048194171 494527142 1986451635 -45341755 -479154888 -1506647712 -1265554286 843207872 -1784001945 -1017671518 -924659837
REM
CELL 1.54180   50.00000   50.00000   50.00000   90.00000   90.00000   90.00000
LATT -1
SFAC C  
C      1  0.5150220000000  0.5479380000000  0.5539330000000 1.0
C      1  0.5479380000000  0.5539330000000  0.5150220000000 1.0
C      1  0.5539330000000  0.5150220000000  0.5479380000000 1.0
C      1  0.4849780000000  0.4520620000000  0.5539330000000 1.0
C      1  0.5150220000000  0.4520620000000  0.4460670000000 1.0
C      1  0.4849780000000  0.5479380000000  0.4460670000000 1.0
C      1  0.4520620000000  0.4460670000000  0.5150220000000 1.0
C      1  0.5479380000000  0.4460670000000  0.4849780000000 1.0
C      1  0.4520620000000  0.5539330000000  0.4849780000000 1.0
C      1  0.4460670000000  0.4849780000000  0.5479380000000 1.0
C      1  0.5539330000000  0.4849780000000  0.4520620000000 1.0
C      1  0.4460670000000  0.5150220000000  0.4520620000000 1.0
C      1  0.5150220000000  0.5479380000000  0.4460670000000 1.0
C      1  0.5479380000000  0.5539330000000  0.4849780000000 1.0
C      1  0.5539330000000  0.5150220000000  0.4520620000000 1.0
C      1  0.4849780000000  0.4520620000000  0.4460670000000 1.0
C      1  0.5150220000000  0.4520620000000  0.5539330000000 1.0
C      1  0.4849780000000  0.5479380000000  0.5539330000000 1.0
C      1  0.4520620000000  0.4460670000000  0.4849780000000 1.0
C      1  0.5479380000000  0.4460670000000  0.5150220000000 1.0
C      1  0.4520620000000  0.5539330000000  0.5150220000000 1.0
C      1  0.4460670000000  0.4849780000000  0.4520620000000 1.0
C      1  0.5539330000000  0.4849780000000  0.5479380000000 1.0
C      1  0.4460670000000  0.5150220000000  0.5479380000000 1.0
C      1  0.4756950000000  0.4370400000000  0.5296280000000 1.0
C      1  0.4370400000000  0.5296280000000  0.4756950000000 1.0
C      1  0.5296280000000  0.4756950000000  0.4370400000000 1.0
C      1  0.5243050000000  0.5629600000000  0.5296280000000 1.0
C      1  0.4756950000000  0.5629600000000  0.4703720000000 1.0
C      1  0.5243050000000  0.4370400000000  0.4703720000000 1.0
C      1  0.5629600000000  0.4703720000000  0.4756950000000 1.0
C      1  0.4370400000000  0.4703720000000  0.5243050000000 1.0
C      1  0.5629600000000  0.5296280000000  0.5243050000000 1.0
C      1  0.4703720000000  0.5243050000000  0.4370400000000 1.0
C      1  0.5296280000000  0.5243050000000  0.5629600000000 1.0
C      1  0.4703720000000  0.4756950000000  0.5629600000000 1.0
C      1  0.4756950000000  0.4370400000000  0.4703720000000 1.0
C      1  0.4370400000000  0.5296280000000  0.5243050000000 1.0
C      1  0.5296280000000  0.4756950000000  0.5629600000000 1.0
C      1  0.5243050000000  0.5629600000000  0.4703720000000 1.0
C      1  0.4756950000000  0.5629600000000  0.5296280000000 1.0
C      1  0.5243050000000  0.4370400000000  0.5296280000000 1.0
C      1  0.5629600000000  0.4703720000000  0.5243050000000 1.0
C      1  0.4370400000000  0.4703720000000  0.4756950000000 1.0
C      1  0.5629600000000  0.5296280000000  0.4756950000000 1.0
C      1  0.4703720000000  0.5243050000000  0.5629600000000 1.0
C      1  0.5296280000000  0.5243050000000  0.4370400000000 1.0
C      1  0.4703720000000  0.4756950000000  0.4370400000000 1.0
C      1  0.5000000000000  0.5722440000000  0.5146060000000 1.0
C      1  0.5722440000000  0.5146060000000  0.5000000000000 1.0
C      1  0.5000000000000  0.4277560000000  0.5146060000000 1.0
C      1  0.5000000000000  0.5722440000000  0.4853940000000 1.0
C      1  0.4277560000000  0.4853940000000  0.5000000000000 1.0
C      1  0.5722440000000  0.4853940000000  0.5000000000000 1.0
C      1  0.4277560000000  0.5146060000000  0.5000000000000 1.0
C      1  0.5146060000000  0.5000000000000  0.4277560000000 1.0
C      1  0.5000000000000  0.4277560000000  0.4853940000000 1.0
C      1  0.4853940000000  0.5000000000000  0.5722440000000 1.0
C      1  0.5146060000000  0.5000000000000  0.5722440000000 1.0
C      1  0.4853940000000  0.5000000000000  0.4277560000000 1.0
END
