TITL C-3985251-913-835 -2.36989126948629e-07 125000 -284.636819985032 0 0 60 (Th) n - 1
REM
REM in /home/nfs/bkarasulu/CARBON/AIRSS/Generating-Clusters/TERSOFF/Higher-Symm/Only-C60
REM
REM
REM
REM
REM
REM ./C.cell (28575a23ae977d3b5fae324c64b13b57)
REM
REM compiler GCC version 9.2.1 20190827 (Red Hat 9.2.1-1)
REM options -cpp -mtune=generic -march=x86-64 -g -O0 -fpre-include=/usr/include/finclude/math-vector-fortran.h
REM seed -220279045 -1302935120 1296706771 -458332380 -132359213 -245415320 -921132855 1039254791 1790696696 -424248969 -1474777132 316652079 -1599876293 73259425 782798254 -398875867 1348208180 -926137610 -1297291105 -1900694049 44052700 150542852 -817912246 -211220907 364626585 -800676595 103797216 -249318400 1166143333 -1753910243 -1244666643 105386212 1141908618
REM
CELL 1.54180   50.00000   50.00000   50.00000   90.00000   90.00000   90.00000
LATT -1
SFAC C  
C      1  0.5429290000000  0.4823710000000  0.5172940000000 1.0
C      1  0.4823710000000  0.5172940000000  0.5429290000000 1.0
C      1  0.5172940000000  0.5429290000000  0.4823710000000 1.0
C      1  0.4570710000000  0.5176290000000  0.5172940000000 1.0
C      1  0.5429290000000  0.5176290000000  0.4827060000000 1.0
C      1  0.4570710000000  0.4823710000000  0.4827060000000 1.0
C      1  0.5176290000000  0.4827060000000  0.5429290000000 1.0
C      1  0.4823710000000  0.4827060000000  0.4570710000000 1.0
C      1  0.5176290000000  0.5172940000000  0.4570710000000 1.0
C      1  0.4827060000000  0.4570710000000  0.4823710000000 1.0
C      1  0.5172940000000  0.4570710000000  0.5176290000000 1.0
C      1  0.4827060000000  0.5429290000000  0.5176290000000 1.0
C      1  0.5429290000000  0.4823710000000  0.4827060000000 1.0
C      1  0.4823710000000  0.5172940000000  0.4570710000000 1.0
C      1  0.5172940000000  0.5429290000000  0.5176290000000 1.0
C      1  0.4570710000000  0.5176290000000  0.4827060000000 1.0
C      1  0.5429290000000  0.5176290000000  0.5172940000000 1.0
C      1  0.4570710000000  0.4823710000000  0.5172940000000 1.0
C      1  0.5176290000000  0.4827060000000  0.4570710000000 1.0
C      1  0.4823710000000  0.4827060000000  0.5429290000000 1.0
C      1  0.5176290000000  0.5172940000000  0.5429290000000 1.0
C      1  0.4827060000000  0.4570710000000  0.5176290000000 1.0
C      1  0.5172940000000  0.4570710000000  0.4823710000000 1.0
C      1  0.4827060000000  0.5429290000000  0.4823710000000 1.0
C      1  0.4251420000000  0.4752810000000  0.5160460000000 1.0
C      1  0.4752810000000  0.5160460000000  0.4251420000000 1.0
C      1  0.5160460000000  0.4251420000000  0.4752810000000 1.0
C      1  0.5748580000000  0.5247190000000  0.5160460000000 1.0
C      1  0.4251420000000  0.5247190000000  0.4839540000000 1.0
C      1  0.5748580000000  0.4752810000000  0.4839540000000 1.0
C      1  0.5247190000000  0.4839540000000  0.4251420000000 1.0
C      1  0.4752810000000  0.4839540000000  0.5748580000000 1.0
C      1  0.5247190000000  0.5160460000000  0.5748580000000 1.0
C      1  0.4839540000000  0.5748580000000  0.4752810000000 1.0
C      1  0.5160460000000  0.5748580000000  0.5247190000000 1.0
C      1  0.4839540000000  0.4251420000000  0.5247190000000 1.0
C      1  0.4251420000000  0.4752810000000  0.4839540000000 1.0
C      1  0.4752810000000  0.5160460000000  0.5748580000000 1.0
C      1  0.5160460000000  0.4251420000000  0.5247190000000 1.0
C      1  0.5748580000000  0.5247190000000  0.4839540000000 1.0
C      1  0.4251420000000  0.5247190000000  0.5160460000000 1.0
C      1  0.5748580000000  0.4752810000000  0.5160460000000 1.0
C      1  0.5247190000000  0.4839540000000  0.5748580000000 1.0
C      1  0.4752810000000  0.4839540000000  0.4251420000000 1.0
C      1  0.5247190000000  0.5160460000000  0.4251420000000 1.0
C      1  0.4839540000000  0.5748580000000  0.5247190000000 1.0
C      1  0.5160460000000  0.5748580000000  0.4752810000000 1.0
C      1  0.4839540000000  0.4251420000000  0.4752810000000 1.0
C      1  0.4739560000000  0.4117470000000  0.5000000000000 1.0
C      1  0.4117470000000  0.5000000000000  0.4739560000000 1.0
C      1  0.5260440000000  0.5882530000000  0.5000000000000 1.0
C      1  0.4739560000000  0.5882530000000  0.5000000000000 1.0
C      1  0.5260440000000  0.4117470000000  0.5000000000000 1.0
C      1  0.5882530000000  0.5000000000000  0.4739560000000 1.0
C      1  0.4117470000000  0.5000000000000  0.5260440000000 1.0
C      1  0.5882530000000  0.5000000000000  0.5260440000000 1.0
C      1  0.5000000000000  0.5260440000000  0.4117470000000 1.0
C      1  0.5000000000000  0.5260440000000  0.5882530000000 1.0
C      1  0.5000000000000  0.4739560000000  0.5882530000000 1.0
C      1  0.5000000000000  0.4739560000000  0.4117470000000 1.0
END
