TITL C-3985259-1859-418 2.69346877430274e-07 125000 -294.793544279209 0 0 60 (Th) n - 1
REM
REM in /home/nfs/bkarasulu/CARBON/AIRSS/Generating-Clusters/TERSOFF/Higher-Symm/Only-C60
REM
REM
REM
REM
REM
REM ./C.cell (28575a23ae977d3b5fae324c64b13b57)
REM
REM compiler GCC version 9.2.1 20190827 (Red Hat 9.2.1-1)
REM options -cpp -mtune=generic -march=x86-64 -g -O0 -fpre-include=/usr/include/finclude/math-vector-fortran.h
REM seed -1123367396 1736894302 1401097688 1980553249 -1995367200 -1283405416 -757507445 -2012218000 340289989 671171818 2123008958 1807474500 408166731 1266165696 -1986515017 -1510745599 1707559171 -1539841427 1002928604 -1657301674 27483461 -1733851609 -2012658690 33988701 1948797470 895643997 -1382979436 646985366 432560030 1685138288 159015724 270792430 -392061551
REM
CELL 1.54180   50.00000   50.00000   50.00000   90.00000   90.00000   90.00000
LATT -1
SFAC C  
C      1  0.5720490000000  0.4777700000000  0.5242860000000 1.0
C      1  0.4777700000000  0.5242860000000  0.5720490000000 1.0
C      1  0.5242860000000  0.5720490000000  0.4777700000000 1.0
C      1  0.4279510000000  0.5222300000000  0.5242860000000 1.0
C      1  0.5720490000000  0.5222300000000  0.4757140000000 1.0
C      1  0.4279510000000  0.4777700000000  0.4757140000000 1.0
C      1  0.5222300000000  0.4757140000000  0.5720490000000 1.0
C      1  0.4777700000000  0.4757140000000  0.4279510000000 1.0
C      1  0.5222300000000  0.5242860000000  0.4279510000000 1.0
C      1  0.4757140000000  0.4279510000000  0.4777700000000 1.0
C      1  0.5242860000000  0.4279510000000  0.5222300000000 1.0
C      1  0.4757140000000  0.5720490000000  0.5222300000000 1.0
C      1  0.5720490000000  0.4777700000000  0.4757140000000 1.0
C      1  0.4777700000000  0.5242860000000  0.4279510000000 1.0
C      1  0.5242860000000  0.5720490000000  0.5222300000000 1.0
C      1  0.4279510000000  0.5222300000000  0.4757140000000 1.0
C      1  0.5720490000000  0.5222300000000  0.5242860000000 1.0
C      1  0.4279510000000  0.4777700000000  0.5242860000000 1.0
C      1  0.5222300000000  0.4757140000000  0.4279510000000 1.0
C      1  0.4777700000000  0.4757140000000  0.5720490000000 1.0
C      1  0.5222300000000  0.5242860000000  0.5720490000000 1.0
C      1  0.4757140000000  0.4279510000000  0.5222300000000 1.0
C      1  0.5242860000000  0.4279510000000  0.4777700000000 1.0
C      1  0.4757140000000  0.5720490000000  0.4777700000000 1.0
C      1  0.5427010000000  0.5174710000000  0.5170090000000 1.0
C      1  0.5174710000000  0.5170090000000  0.5427010000000 1.0
C      1  0.5170090000000  0.5427010000000  0.5174710000000 1.0
C      1  0.4572990000000  0.4825290000000  0.5170090000000 1.0
C      1  0.5427010000000  0.4825290000000  0.4829910000000 1.0
C      1  0.4572990000000  0.5174710000000  0.4829910000000 1.0
C      1  0.4825290000000  0.4829910000000  0.5427010000000 1.0
C      1  0.5174710000000  0.4829910000000  0.4572990000000 1.0
C      1  0.4825290000000  0.5170090000000  0.4572990000000 1.0
C      1  0.4829910000000  0.4572990000000  0.5174710000000 1.0
C      1  0.5170090000000  0.4572990000000  0.4825290000000 1.0
C      1  0.4829910000000  0.5427010000000  0.4825290000000 1.0
C      1  0.5427010000000  0.5174710000000  0.4829910000000 1.0
C      1  0.5174710000000  0.5170090000000  0.4572990000000 1.0
C      1  0.5170090000000  0.5427010000000  0.4825290000000 1.0
C      1  0.4572990000000  0.4825290000000  0.4829910000000 1.0
C      1  0.5427010000000  0.4825290000000  0.5170090000000 1.0
C      1  0.4572990000000  0.5174710000000  0.5170090000000 1.0
C      1  0.4825290000000  0.4829910000000  0.4572990000000 1.0
C      1  0.5174710000000  0.4829910000000  0.5427010000000 1.0
C      1  0.4825290000000  0.5170090000000  0.5427010000000 1.0
C      1  0.4829910000000  0.4572990000000  0.4825290000000 1.0
C      1  0.5170090000000  0.4572990000000  0.5174710000000 1.0
C      1  0.4829910000000  0.5427010000000  0.5174710000000 1.0
C      1  0.5907420000000  0.5000000000000  0.4846490000000 1.0
C      1  0.5000000000000  0.4846490000000  0.5907420000000 1.0
C      1  0.4846490000000  0.5907420000000  0.5000000000000 1.0
C      1  0.4092580000000  0.5000000000000  0.4846490000000 1.0
C      1  0.5907420000000  0.5000000000000  0.5153510000000 1.0
C      1  0.4092580000000  0.5000000000000  0.5153510000000 1.0
C      1  0.5000000000000  0.5153510000000  0.5907420000000 1.0
C      1  0.5000000000000  0.5153510000000  0.4092580000000 1.0
C      1  0.5000000000000  0.4846490000000  0.4092580000000 1.0
C      1  0.5153510000000  0.4092580000000  0.5000000000000 1.0
C      1  0.4846490000000  0.4092580000000  0.5000000000000 1.0
C      1  0.5153510000000  0.5907420000000  0.5000000000000 1.0
END
