TITL C-3985256-5419-16 -2.9332612071496e-07 125000 -403.6877570053 0 0 60 (Ih) n - 1
REM
REM in /home/nfs/bkarasulu/CARBON/AIRSS/Generating-Clusters/TERSOFF/Higher-Symm/Only-C60
REM
REM
REM
REM
REM
REM ./C.cell (28575a23ae977d3b5fae324c64b13b57)
REM
REM compiler GCC version 9.2.1 20190827 (Red Hat 9.2.1-1)
REM options -cpp -mtune=generic -march=x86-64 -g -O0 -fpre-include=/usr/include/finclude/math-vector-fortran.h
REM seed -1507526306 1402161586 -250194968 -879432283 1830636807 -777070299 -252138723 976073265 -771610577 -240896176 -1554598513 -1958161475 712684678 -1128802576 164418025 -957375374 1719048847 1872351331 -427090368 -278475053 -1889017975 -646358286 681176085 -1594044886 -87699232 1692102900 481710230 1072760255 1417811378 644934009 -1462370491 2107826241 -1264724901
REM
CELL 1.54180   50.00000   50.00000   50.00000   90.00000   90.00000   90.00000
LATT -1
SFAC C  
C      1  0.5296280000000  0.4370400000000  0.5243050000000 1.0
C      1  0.4370400000000  0.5243050000000  0.5296280000000 1.0
C      1  0.5243050000000  0.5296280000000  0.4370400000000 1.0
C      1  0.4703720000000  0.5629600000000  0.5243050000000 1.0
C      1  0.5296280000000  0.5629600000000  0.4756950000000 1.0
C      1  0.4703720000000  0.4370400000000  0.4756950000000 1.0
C      1  0.5629600000000  0.4756950000000  0.5296280000000 1.0
C      1  0.4370400000000  0.4756950000000  0.4703720000000 1.0
C      1  0.5629600000000  0.5243050000000  0.4703720000000 1.0
C      1  0.4756950000000  0.4703720000000  0.4370400000000 1.0
C      1  0.5243050000000  0.4703720000000  0.5629600000000 1.0
C      1  0.4756950000000  0.5296280000000  0.5629600000000 1.0
C      1  0.5296280000000  0.4370400000000  0.4756950000000 1.0
C      1  0.4370400000000  0.5243050000000  0.4703720000000 1.0
C      1  0.5243050000000  0.5296280000000  0.5629600000000 1.0
C      1  0.4703720000000  0.5629600000000  0.4756950000000 1.0
C      1  0.5296280000000  0.5629600000000  0.5243050000000 1.0
C      1  0.4703720000000  0.4370400000000  0.5243050000000 1.0
C      1  0.5629600000000  0.4756950000000  0.4703720000000 1.0
C      1  0.4370400000000  0.4756950000000  0.5296280000000 1.0
C      1  0.5629600000000  0.5243050000000  0.5296280000000 1.0
C      1  0.4756950000000  0.4703720000000  0.5629600000000 1.0
C      1  0.5243050000000  0.4703720000000  0.4370400000000 1.0
C      1  0.4756950000000  0.5296280000000  0.4370400000000 1.0
C      1  0.4520620000000  0.5150220000000  0.4460670000000 1.0
C      1  0.5150220000000  0.4460670000000  0.4520620000000 1.0
C      1  0.4460670000000  0.4520620000000  0.5150220000000 1.0
C      1  0.5479380000000  0.4849780000000  0.4460670000000 1.0
C      1  0.4520620000000  0.4849780000000  0.5539330000000 1.0
C      1  0.5479380000000  0.5150220000000  0.5539330000000 1.0
C      1  0.4849780000000  0.5539330000000  0.4520620000000 1.0
C      1  0.5150220000000  0.5539330000000  0.5479380000000 1.0
C      1  0.4849780000000  0.4460670000000  0.5479380000000 1.0
C      1  0.5539330000000  0.5479380000000  0.5150220000000 1.0
C      1  0.4460670000000  0.5479380000000  0.4849780000000 1.0
C      1  0.5539330000000  0.4520620000000  0.4849780000000 1.0
C      1  0.4520620000000  0.5150220000000  0.5539330000000 1.0
C      1  0.5150220000000  0.4460670000000  0.5479380000000 1.0
C      1  0.4460670000000  0.4520620000000  0.4849780000000 1.0
C      1  0.5479380000000  0.4849780000000  0.5539330000000 1.0
C      1  0.4520620000000  0.4849780000000  0.4460670000000 1.0
C      1  0.5479380000000  0.5150220000000  0.4460670000000 1.0
C      1  0.4849780000000  0.5539330000000  0.5479380000000 1.0
C      1  0.5150220000000  0.5539330000000  0.4520620000000 1.0
C      1  0.4849780000000  0.4460670000000  0.4520620000000 1.0
C      1  0.5539330000000  0.5479380000000  0.4849780000000 1.0
C      1  0.4460670000000  0.5479380000000  0.5150220000000 1.0
C      1  0.5539330000000  0.4520620000000  0.5150220000000 1.0
C      1  0.4277560000000  0.5000000000000  0.5146060000000 1.0
C      1  0.5000000000000  0.5146060000000  0.4277560000000 1.0
C      1  0.5146060000000  0.4277560000000  0.5000000000000 1.0
C      1  0.5722440000000  0.5000000000000  0.5146060000000 1.0
C      1  0.4277560000000  0.5000000000000  0.4853940000000 1.0
C      1  0.5722440000000  0.5000000000000  0.4853940000000 1.0
C      1  0.5000000000000  0.4853940000000  0.4277560000000 1.0
C      1  0.5000000000000  0.4853940000000  0.5722440000000 1.0
C      1  0.5000000000000  0.5146060000000  0.5722440000000 1.0
C      1  0.4853940000000  0.5722440000000  0.5000000000000 1.0
C      1  0.5146060000000  0.5722440000000  0.5000000000000 1.0
C      1  0.4853940000000  0.4277560000000  0.5000000000000 1.0
END
