TITL C-3985252-168-243 2.35463647254975e-07 125000 -294.793570714521 0 0 60 (Th) n - 1
REM
REM in /home/nfs/bkarasulu/CARBON/AIRSS/Generating-Clusters/TERSOFF/Higher-Symm/Only-C60
REM
REM
REM
REM
REM
REM ./C.cell (28575a23ae977d3b5fae324c64b13b57)
REM
REM compiler GCC version 9.2.1 20190827 (Red Hat 9.2.1-1)
REM options -cpp -mtune=generic -march=x86-64 -g -O0 -fpre-include=/usr/include/finclude/math-vector-fortran.h
REM seed 2025089010 493593497 -2089417537 -1106491066 -1198141292 -29862388 1492686926 1420815101 -1418314844 1181783797 680501435 747436552 -1909303801 2002585523 -1226800456 592813548 377788986 986822484 -1028050104 238567453 -1944585029 146507036 1748726468 1152948164 -2021542445 -668583550 1362457241 580718533 600496975 -1430899207 -1173651543 841721431 -2060575233
REM
CELL 1.54180   50.00000   50.00000   50.00000   90.00000   90.00000   90.00000
LATT -1
SFAC C  
C      1  0.5720490000000  0.5242860000000  0.5222300000000 1.0
C      1  0.5242860000000  0.5222300000000  0.5720490000000 1.0
C      1  0.5222300000000  0.5720490000000  0.5242860000000 1.0
C      1  0.4279510000000  0.4757140000000  0.5222300000000 1.0
C      1  0.5720490000000  0.4757140000000  0.4777700000000 1.0
C      1  0.4279510000000  0.5242860000000  0.4777700000000 1.0
C      1  0.4757140000000  0.4777700000000  0.5720490000000 1.0
C      1  0.5242860000000  0.4777700000000  0.4279510000000 1.0
C      1  0.4757140000000  0.5222300000000  0.4279510000000 1.0
C      1  0.4777700000000  0.4279510000000  0.5242860000000 1.0
C      1  0.5222300000000  0.4279510000000  0.4757140000000 1.0
C      1  0.4777700000000  0.5720490000000  0.4757140000000 1.0
C      1  0.5720490000000  0.5242860000000  0.4777700000000 1.0
C      1  0.5242860000000  0.5222300000000  0.4279510000000 1.0
C      1  0.5222300000000  0.5720490000000  0.4757140000000 1.0
C      1  0.4279510000000  0.4757140000000  0.4777700000000 1.0
C      1  0.5720490000000  0.4757140000000  0.5222300000000 1.0
C      1  0.4279510000000  0.5242860000000  0.5222300000000 1.0
C      1  0.4757140000000  0.4777700000000  0.4279510000000 1.0
C      1  0.5242860000000  0.4777700000000  0.5720490000000 1.0
C      1  0.4757140000000  0.5222300000000  0.5720490000000 1.0
C      1  0.4777700000000  0.4279510000000  0.4757140000000 1.0
C      1  0.5222300000000  0.4279510000000  0.5242860000000 1.0
C      1  0.4777700000000  0.5720490000000  0.5242860000000 1.0
C      1  0.5170090000000  0.5174710000000  0.4572990000000 1.0
C      1  0.5174710000000  0.4572990000000  0.5170090000000 1.0
C      1  0.4572990000000  0.5170090000000  0.5174710000000 1.0
C      1  0.4829910000000  0.4825290000000  0.4572990000000 1.0
C      1  0.5170090000000  0.4825290000000  0.5427010000000 1.0
C      1  0.4829910000000  0.5174710000000  0.5427010000000 1.0
C      1  0.4825290000000  0.5427010000000  0.5170090000000 1.0
C      1  0.5174710000000  0.5427010000000  0.4829910000000 1.0
C      1  0.4825290000000  0.4572990000000  0.4829910000000 1.0
C      1  0.5427010000000  0.4829910000000  0.5174710000000 1.0
C      1  0.4572990000000  0.4829910000000  0.4825290000000 1.0
C      1  0.5427010000000  0.5170090000000  0.4825290000000 1.0
C      1  0.5170090000000  0.5174710000000  0.5427010000000 1.0
C      1  0.5174710000000  0.4572990000000  0.4829910000000 1.0
C      1  0.4572990000000  0.5170090000000  0.4825290000000 1.0
C      1  0.4829910000000  0.4825290000000  0.5427010000000 1.0
C      1  0.5170090000000  0.4825290000000  0.4572990000000 1.0
C      1  0.4829910000000  0.5174710000000  0.4572990000000 1.0
C      1  0.4825290000000  0.5427010000000  0.4829910000000 1.0
C      1  0.5174710000000  0.5427010000000  0.5170090000000 1.0
C      1  0.4825290000000  0.4572990000000  0.5170090000000 1.0
C      1  0.5427010000000  0.4829910000000  0.4825290000000 1.0
C      1  0.4572990000000  0.4829910000000  0.5174710000000 1.0
C      1  0.5427010000000  0.5170090000000  0.5174710000000 1.0
C      1  0.5000000000000  0.4092580000000  0.4846490000000 1.0
C      1  0.4092580000000  0.4846490000000  0.5000000000000 1.0
C      1  0.5000000000000  0.5907420000000  0.4846490000000 1.0
C      1  0.5000000000000  0.5907420000000  0.5153510000000 1.0
C      1  0.5000000000000  0.4092580000000  0.5153510000000 1.0
C      1  0.5907420000000  0.5153510000000  0.5000000000000 1.0
C      1  0.4092580000000  0.5153510000000  0.5000000000000 1.0
C      1  0.5907420000000  0.4846490000000  0.5000000000000 1.0
C      1  0.4846490000000  0.5000000000000  0.4092580000000 1.0
C      1  0.5153510000000  0.5000000000000  0.4092580000000 1.0
C      1  0.4846490000000  0.5000000000000  0.5907420000000 1.0
C      1  0.5153510000000  0.5000000000000  0.5907420000000 1.0
END
