TITL C-3985247-764-192 3.8836284480782e-06 125000 -313.845280345316 0 0 60 (Th) n - 1
REM
REM in /home/nfs/bkarasulu/CARBON/AIRSS/Generating-Clusters/TERSOFF/Higher-Symm/Only-C60
REM
REM
REM
REM
REM
REM ./C.cell (28575a23ae977d3b5fae324c64b13b57)
REM
REM compiler GCC version 9.2.1 20190827 (Red Hat 9.2.1-1)
REM options -cpp -mtune=generic -march=x86-64 -g -O0 -fpre-include=/usr/include/finclude/math-vector-fortran.h
REM seed -1907014867 -826444805 34943801 1897097215 -364925684 970477499 1208754931 -774788955 1521478509 993521184 95356107 -747183833 -2052746097 1854857325 -56919172 -1377525699 559530500 -1690556139 1797206613 -652911393 -489609785 -443087685 584969063 10824140 -1836249165 872872795 -1363905413 464521067 1380661941 -941462962 -196762785 -993756269 322121604
REM
CELL 1.54180   50.00000   50.00000   50.00000   90.00000   90.00000   90.00000
LATT -1
SFAC C  
C      1  0.5502270000000  0.4786880000000  0.4470620000000 1.0
C      1  0.4786880000000  0.4470620000000  0.5502270000000 1.0
C      1  0.4470620000000  0.5502270000000  0.4786880000000 1.0
C      1  0.4497730000000  0.5213120000000  0.4470620000000 1.0
C      1  0.5502270000000  0.5213120000000  0.5529380000000 1.0
C      1  0.4497730000000  0.4786880000000  0.5529380000000 1.0
C      1  0.5213120000000  0.5529380000000  0.5502270000000 1.0
C      1  0.4786880000000  0.5529380000000  0.4497730000000 1.0
C      1  0.5213120000000  0.4470620000000  0.4497730000000 1.0
C      1  0.5529380000000  0.4497730000000  0.4786880000000 1.0
C      1  0.4470620000000  0.4497730000000  0.5213120000000 1.0
C      1  0.5529380000000  0.5502270000000  0.5213120000000 1.0
C      1  0.5502270000000  0.4786880000000  0.5529380000000 1.0
C      1  0.4786880000000  0.4470620000000  0.4497730000000 1.0
C      1  0.4470620000000  0.5502270000000  0.5213120000000 1.0
C      1  0.4497730000000  0.5213120000000  0.5529380000000 1.0
C      1  0.5502270000000  0.5213120000000  0.4470620000000 1.0
C      1  0.4497730000000  0.4786880000000  0.4470620000000 1.0
C      1  0.5213120000000  0.5529380000000  0.4497730000000 1.0
C      1  0.4786880000000  0.5529380000000  0.5502270000000 1.0
C      1  0.5213120000000  0.4470620000000  0.5502270000000 1.0
C      1  0.5529380000000  0.4497730000000  0.5213120000000 1.0
C      1  0.4470620000000  0.4497730000000  0.4786880000000 1.0
C      1  0.5529380000000  0.5502270000000  0.4786880000000 1.0
C      1  0.5147700000000  0.5672920000000  0.5252910000000 1.0
C      1  0.5672920000000  0.5252910000000  0.5147700000000 1.0
C      1  0.5252910000000  0.5147700000000  0.5672920000000 1.0
C      1  0.4852300000000  0.4327080000000  0.5252910000000 1.0
C      1  0.5147700000000  0.4327080000000  0.4747090000000 1.0
C      1  0.4852300000000  0.5672920000000  0.4747090000000 1.0
C      1  0.4327080000000  0.4747090000000  0.5147700000000 1.0
C      1  0.5672920000000  0.4747090000000  0.4852300000000 1.0
C      1  0.4327080000000  0.5252910000000  0.4852300000000 1.0
C      1  0.4747090000000  0.4852300000000  0.5672920000000 1.0
C      1  0.5252910000000  0.4852300000000  0.4327080000000 1.0
C      1  0.4747090000000  0.5147700000000  0.4327080000000 1.0
C      1  0.5147700000000  0.5672920000000  0.4747090000000 1.0
C      1  0.5672920000000  0.5252910000000  0.4852300000000 1.0
C      1  0.5252910000000  0.5147700000000  0.4327080000000 1.0
C      1  0.4852300000000  0.4327080000000  0.4747090000000 1.0
C      1  0.5147700000000  0.4327080000000  0.5252910000000 1.0
C      1  0.4852300000000  0.5672920000000  0.5252910000000 1.0
C      1  0.4327080000000  0.4747090000000  0.4852300000000 1.0
C      1  0.5672920000000  0.4747090000000  0.5147700000000 1.0
C      1  0.4327080000000  0.5252910000000  0.5147700000000 1.0
C      1  0.4747090000000  0.4852300000000  0.4327080000000 1.0
C      1  0.5252910000000  0.4852300000000  0.5672920000000 1.0
C      1  0.4747090000000  0.5147700000000  0.5672920000000 1.0
C      1  0.5656660000000  0.5000000000000  0.5330160000000 1.0
C      1  0.5000000000000  0.4669840000000  0.5656660000000 1.0
C      1  0.5000000000000  0.5330160000000  0.4343340000000 1.0
C      1  0.4343340000000  0.5000000000000  0.5330160000000 1.0
C      1  0.5656660000000  0.5000000000000  0.4669840000000 1.0
C      1  0.4343340000000  0.5000000000000  0.4669840000000 1.0
C      1  0.5000000000000  0.5330160000000  0.5656660000000 1.0
C      1  0.5330160000000  0.5656660000000  0.5000000000000 1.0
C      1  0.5000000000000  0.4669840000000  0.4343340000000 1.0
C      1  0.4669840000000  0.4343340000000  0.5000000000000 1.0
C      1  0.5330160000000  0.4343340000000  0.5000000000000 1.0
C      1  0.4669840000000  0.5656660000000  0.5000000000000 1.0
END
