TITL C-3985254-1270-377 -1.10314803792386e-07 125000 -293.315010470508 0 0 60 (Th) n - 1
REM
REM in /home/nfs/bkarasulu/CARBON/AIRSS/Generating-Clusters/TERSOFF/Higher-Symm/Only-C60
REM
REM
REM
REM
REM
REM ./C.cell (28575a23ae977d3b5fae324c64b13b57)
REM
REM compiler GCC version 9.2.1 20190827 (Red Hat 9.2.1-1)
REM options -cpp -mtune=generic -march=x86-64 -g -O0 -fpre-include=/usr/include/finclude/math-vector-fortran.h
REM seed -1162126075 -1932475763 1722912393 -967128517 221002741 -667082444 2073745719 399336978 -432938057 1255948950 -1933132765 747836940 -766625525 -193862232 -1019529314 385291497 -1761430028 -731747185 1539121381 -2016622258 -1225656491 1469472754 -698941377 1951124900 -1676651345 2107899285 -713083842 -102223881 -258459348 -509863013 -1464432540 677089561 556503506
REM
CELL 1.54180   50.00000   50.00000   50.00000   90.00000   90.00000   90.00000
LATT -1
SFAC C  
C      1  0.5428340000000  0.4831130000000  0.5178290000000 1.0
C      1  0.4831130000000  0.5178290000000  0.5428340000000 1.0
C      1  0.5178290000000  0.5428340000000  0.4831130000000 1.0
C      1  0.4571660000000  0.5168870000000  0.5178290000000 1.0
C      1  0.5428340000000  0.5168870000000  0.4821710000000 1.0
C      1  0.4571660000000  0.4831130000000  0.4821710000000 1.0
C      1  0.5168870000000  0.4821710000000  0.5428340000000 1.0
C      1  0.4831130000000  0.4821710000000  0.4571660000000 1.0
C      1  0.5168870000000  0.5178290000000  0.4571660000000 1.0
C      1  0.4821710000000  0.4571660000000  0.4831130000000 1.0
C      1  0.5178290000000  0.4571660000000  0.5168870000000 1.0
C      1  0.4821710000000  0.5428340000000  0.5168870000000 1.0
C      1  0.5428340000000  0.4831130000000  0.4821710000000 1.0
C      1  0.4831130000000  0.5178290000000  0.4571660000000 1.0
C      1  0.5178290000000  0.5428340000000  0.5168870000000 1.0
C      1  0.4571660000000  0.5168870000000  0.4821710000000 1.0
C      1  0.5428340000000  0.5168870000000  0.5178290000000 1.0
C      1  0.4571660000000  0.4831130000000  0.5178290000000 1.0
C      1  0.5168870000000  0.4821710000000  0.4571660000000 1.0
C      1  0.4831130000000  0.4821710000000  0.5428340000000 1.0
C      1  0.5168870000000  0.5178290000000  0.5428340000000 1.0
C      1  0.4821710000000  0.4571660000000  0.5168870000000 1.0
C      1  0.5178290000000  0.4571660000000  0.4831130000000 1.0
C      1  0.4821710000000  0.5428340000000  0.4831130000000 1.0
C      1  0.4716380000000  0.4762890000000  0.4295440000000 1.0
C      1  0.4762890000000  0.4295440000000  0.4716380000000 1.0
C      1  0.4295440000000  0.4716380000000  0.4762890000000 1.0
C      1  0.5283620000000  0.5237110000000  0.4295440000000 1.0
C      1  0.4716380000000  0.5237110000000  0.5704560000000 1.0
C      1  0.5283620000000  0.4762890000000  0.5704560000000 1.0
C      1  0.5237110000000  0.5704560000000  0.4716380000000 1.0
C      1  0.4762890000000  0.5704560000000  0.5283620000000 1.0
C      1  0.5237110000000  0.4295440000000  0.5283620000000 1.0
C      1  0.5704560000000  0.5283620000000  0.4762890000000 1.0
C      1  0.4295440000000  0.5283620000000  0.5237110000000 1.0
C      1  0.5704560000000  0.4716380000000  0.5237110000000 1.0
C      1  0.4716380000000  0.4762890000000  0.5704560000000 1.0
C      1  0.4762890000000  0.4295440000000  0.5283620000000 1.0
C      1  0.4295440000000  0.4716380000000  0.5237110000000 1.0
C      1  0.5283620000000  0.5237110000000  0.5704560000000 1.0
C      1  0.4716380000000  0.5237110000000  0.4295440000000 1.0
C      1  0.5283620000000  0.4762890000000  0.4295440000000 1.0
C      1  0.5237110000000  0.5704560000000  0.5283620000000 1.0
C      1  0.4762890000000  0.5704560000000  0.4716380000000 1.0
C      1  0.5237110000000  0.4295440000000  0.4716380000000 1.0
C      1  0.5704560000000  0.5283620000000  0.5237110000000 1.0
C      1  0.4295440000000  0.5283620000000  0.4762890000000 1.0
C      1  0.5704560000000  0.4716380000000  0.4762890000000 1.0
C      1  0.4650950000000  0.5000000000000  0.5862060000000 1.0
C      1  0.5000000000000  0.4137940000000  0.4650950000000 1.0
C      1  0.5000000000000  0.5862060000000  0.5349050000000 1.0
C      1  0.5349050000000  0.5000000000000  0.4137940000000 1.0
C      1  0.5000000000000  0.5862060000000  0.4650950000000 1.0
C      1  0.5862060000000  0.4650950000000  0.5000000000000 1.0
C      1  0.5000000000000  0.4137940000000  0.5349050000000 1.0
C      1  0.4137940000000  0.5349050000000  0.5000000000000 1.0
C      1  0.5862060000000  0.5349050000000  0.5000000000000 1.0
C      1  0.4137940000000  0.4650950000000  0.5000000000000 1.0
C      1  0.5349050000000  0.5000000000000  0.5862060000000 1.0
C      1  0.4650950000000  0.5000000000000  0.4137940000000 1.0
END
