TITL C-3985259-1859-897 -1.063096992706e-07 125000 -275.530165703947 0 0 60 (Th) n - 1
REM
REM in /home/nfs/bkarasulu/CARBON/AIRSS/Generating-Clusters/TERSOFF/Higher-Symm/Only-C60
REM
REM
REM
REM
REM
REM ./C.cell (28575a23ae977d3b5fae324c64b13b57)
REM
REM compiler GCC version 9.2.1 20190827 (Red Hat 9.2.1-1)
REM options -cpp -mtune=generic -march=x86-64 -g -O0 -fpre-include=/usr/include/finclude/math-vector-fortran.h
REM seed 239122082 434876890 -2086908993 -322378952 1567182140 1416078891 -912083199 518923349 692678367 696486725 928294643 1064980873 -1073015309 199844312 -1700411660 -1470120845 1275764635 -1441390991 1281255146 -1062572701 2128185839 -1903955618 -1283407184 -1340635834 -1455011835 1792274538 161124927 -1629508516 140692398 -306584962 -1578838082 -1839442554 -2003405445
REM
CELL 1.54180   50.00000   50.00000   50.00000   90.00000   90.00000   90.00000
LATT -1
SFAC C  
C      1  0.4243260000000  0.4854180000000  0.5334300000000 1.0
C      1  0.4854180000000  0.5334300000000  0.4243260000000 1.0
C      1  0.5334300000000  0.4243260000000  0.4854180000000 1.0
C      1  0.5756740000000  0.5145820000000  0.5334300000000 1.0
C      1  0.4243260000000  0.5145820000000  0.4665700000000 1.0
C      1  0.5756740000000  0.4854180000000  0.4665700000000 1.0
C      1  0.5145820000000  0.4665700000000  0.4243260000000 1.0
C      1  0.4854180000000  0.4665700000000  0.5756740000000 1.0
C      1  0.5145820000000  0.5334300000000  0.5756740000000 1.0
C      1  0.4665700000000  0.5756740000000  0.4854180000000 1.0
C      1  0.5334300000000  0.5756740000000  0.5145820000000 1.0
C      1  0.4665700000000  0.4243260000000  0.5145820000000 1.0
C      1  0.4243260000000  0.4854180000000  0.4665700000000 1.0
C      1  0.4854180000000  0.5334300000000  0.5756740000000 1.0
C      1  0.5334300000000  0.4243260000000  0.5145820000000 1.0
C      1  0.5756740000000  0.5145820000000  0.4665700000000 1.0
C      1  0.4243260000000  0.5145820000000  0.5334300000000 1.0
C      1  0.5756740000000  0.4854180000000  0.5334300000000 1.0
C      1  0.5145820000000  0.4665700000000  0.5756740000000 1.0
C      1  0.4854180000000  0.4665700000000  0.4243260000000 1.0
C      1  0.5145820000000  0.5334300000000  0.4243260000000 1.0
C      1  0.4665700000000  0.5756740000000  0.5145820000000 1.0
C      1  0.5334300000000  0.5756740000000  0.4854180000000 1.0
C      1  0.4665700000000  0.4243260000000  0.4854180000000 1.0
C      1  0.4832540000000  0.4411140000000  0.5314660000000 1.0
C      1  0.4411140000000  0.5314660000000  0.4832540000000 1.0
C      1  0.5314660000000  0.4832540000000  0.4411140000000 1.0
C      1  0.5167460000000  0.5588860000000  0.5314660000000 1.0
C      1  0.4832540000000  0.5588860000000  0.4685340000000 1.0
C      1  0.5167460000000  0.4411140000000  0.4685340000000 1.0
C      1  0.5588860000000  0.4685340000000  0.4832540000000 1.0
C      1  0.4411140000000  0.4685340000000  0.5167460000000 1.0
C      1  0.5588860000000  0.5314660000000  0.5167460000000 1.0
C      1  0.4685340000000  0.5167460000000  0.4411140000000 1.0
C      1  0.5314660000000  0.5167460000000  0.5588860000000 1.0
C      1  0.4685340000000  0.4832540000000  0.5588860000000 1.0
C      1  0.4832540000000  0.4411140000000  0.4685340000000 1.0
C      1  0.4411140000000  0.5314660000000  0.5167460000000 1.0
C      1  0.5314660000000  0.4832540000000  0.5588860000000 1.0
C      1  0.5167460000000  0.5588860000000  0.4685340000000 1.0
C      1  0.4832540000000  0.5588860000000  0.5314660000000 1.0
C      1  0.5167460000000  0.4411140000000  0.5314660000000 1.0
C      1  0.5588860000000  0.4685340000000  0.5167460000000 1.0
C      1  0.4411140000000  0.4685340000000  0.4832540000000 1.0
C      1  0.5588860000000  0.5314660000000  0.4832540000000 1.0
C      1  0.4685340000000  0.5167460000000  0.5588860000000 1.0
C      1  0.5314660000000  0.5167460000000  0.4411140000000 1.0
C      1  0.4685340000000  0.4832540000000  0.4411140000000 1.0
C      1  0.5286310000000  0.4790870000000  0.5000000000000 1.0
C      1  0.4790870000000  0.5000000000000  0.5286310000000 1.0
C      1  0.5000000000000  0.5286310000000  0.4790870000000 1.0
C      1  0.4713690000000  0.5209130000000  0.5000000000000 1.0
C      1  0.5286310000000  0.5209130000000  0.5000000000000 1.0
C      1  0.4713690000000  0.4790870000000  0.5000000000000 1.0
C      1  0.5209130000000  0.5000000000000  0.5286310000000 1.0
C      1  0.4790870000000  0.5000000000000  0.4713690000000 1.0
C      1  0.5209130000000  0.5000000000000  0.4713690000000 1.0
C      1  0.5000000000000  0.4713690000000  0.4790870000000 1.0
C      1  0.5000000000000  0.4713690000000  0.5209130000000 1.0
C      1  0.5000000000000  0.5286310000000  0.5209130000000 1.0
END
