TITL C-3985253-1688-1053 1.62107339495418e-08 125000 -209.472444909533 0 0 60 (Th) n - 1
REM
REM in /home/nfs/bkarasulu/CARBON/AIRSS/Generating-Clusters/TERSOFF/Higher-Symm/Only-C60
REM
REM
REM
REM
REM
REM ./C.cell (28575a23ae977d3b5fae324c64b13b57)
REM
REM compiler GCC version 9.2.1 20190827 (Red Hat 9.2.1-1)
REM options -cpp -mtune=generic -march=x86-64 -g -O0 -fpre-include=/usr/include/finclude/math-vector-fortran.h
REM seed -1059921976 736593008 1958509277 -1655627911 -850413764 -763789308 1896380881 -509269385 1861364043 1687035108 396389770 -585692524 -1276197766 942110772 809906475 167890339 1034517188 -835751634 -463343392 -669727201 -1947195283 -224761574 2022518420 1681535376 -450804706 -734173928 1553821759 1719398482 317210370 -1739604755 1723320471 1189938161 206302298
REM
CELL 1.54180   50.00000   50.00000   50.00000   90.00000   90.00000   90.00000
LATT -1
SFAC C  
C      1  0.5170490000000  0.5173060000000  0.5681010000000 1.0
C      1  0.5173060000000  0.5681010000000  0.5170490000000 1.0
C      1  0.5681010000000  0.5170490000000  0.5173060000000 1.0
C      1  0.4829510000000  0.4826940000000  0.5681010000000 1.0
C      1  0.5170490000000  0.4826940000000  0.4318990000000 1.0
C      1  0.4829510000000  0.5173060000000  0.4318990000000 1.0
C      1  0.4826940000000  0.4318990000000  0.5170490000000 1.0
C      1  0.5173060000000  0.4318990000000  0.4829510000000 1.0
C      1  0.4826940000000  0.5681010000000  0.4829510000000 1.0
C      1  0.4318990000000  0.4829510000000  0.5173060000000 1.0
C      1  0.5681010000000  0.4829510000000  0.4826940000000 1.0
C      1  0.4318990000000  0.5170490000000  0.4826940000000 1.0
C      1  0.5170490000000  0.5173060000000  0.4318990000000 1.0
C      1  0.5173060000000  0.5681010000000  0.4829510000000 1.0
C      1  0.5681010000000  0.5170490000000  0.4826940000000 1.0
C      1  0.4829510000000  0.4826940000000  0.4318990000000 1.0
C      1  0.5170490000000  0.4826940000000  0.5681010000000 1.0
C      1  0.4829510000000  0.5173060000000  0.5681010000000 1.0
C      1  0.4826940000000  0.4318990000000  0.4829510000000 1.0
C      1  0.5173060000000  0.4318990000000  0.5170490000000 1.0
C      1  0.4826940000000  0.5681010000000  0.5170490000000 1.0
C      1  0.4318990000000  0.4829510000000  0.4826940000000 1.0
C      1  0.5681010000000  0.4829510000000  0.5173060000000 1.0
C      1  0.4318990000000  0.5170490000000  0.5173060000000 1.0
C      1  0.5456130000000  0.4543990000000  0.5182680000000 1.0
C      1  0.4543990000000  0.5182680000000  0.5456130000000 1.0
C      1  0.5182680000000  0.5456130000000  0.4543990000000 1.0
C      1  0.4543870000000  0.5456010000000  0.5182680000000 1.0
C      1  0.5456130000000  0.5456010000000  0.4817320000000 1.0
C      1  0.4543870000000  0.4543990000000  0.4817320000000 1.0
C      1  0.5456010000000  0.4817320000000  0.5456130000000 1.0
C      1  0.4543990000000  0.4817320000000  0.4543870000000 1.0
C      1  0.5456010000000  0.5182680000000  0.4543870000000 1.0
C      1  0.4817320000000  0.4543870000000  0.4543990000000 1.0
C      1  0.5182680000000  0.4543870000000  0.5456010000000 1.0
C      1  0.4817320000000  0.5456130000000  0.5456010000000 1.0
C      1  0.5456130000000  0.4543990000000  0.4817320000000 1.0
C      1  0.4543990000000  0.5182680000000  0.4543870000000 1.0
C      1  0.5182680000000  0.5456130000000  0.5456010000000 1.0
C      1  0.4543870000000  0.5456010000000  0.4817320000000 1.0
C      1  0.5456130000000  0.5456010000000  0.5182680000000 1.0
C      1  0.4543870000000  0.4543990000000  0.5182680000000 1.0
C      1  0.5456010000000  0.4817320000000  0.4543870000000 1.0
C      1  0.4543990000000  0.4817320000000  0.5456130000000 1.0
C      1  0.5456010000000  0.5182680000000  0.5456130000000 1.0
C      1  0.4817320000000  0.4543870000000  0.5456010000000 1.0
C      1  0.5182680000000  0.4543870000000  0.4543990000000 1.0
C      1  0.4817320000000  0.5456130000000  0.4543990000000 1.0
C      1  0.5299260000000  0.4816150000000  0.5000000000000 1.0
C      1  0.4816150000000  0.5000000000000  0.5299260000000 1.0
C      1  0.5000000000000  0.5299260000000  0.4816150000000 1.0
C      1  0.4700740000000  0.5183850000000  0.5000000000000 1.0
C      1  0.5299260000000  0.5183850000000  0.5000000000000 1.0
C      1  0.4700740000000  0.4816150000000  0.5000000000000 1.0
C      1  0.5183850000000  0.5000000000000  0.4700740000000 1.0
C      1  0.5000000000000  0.4700740000000  0.4816150000000 1.0
C      1  0.5000000000000  0.4700740000000  0.5183850000000 1.0
C      1  0.5000000000000  0.5299260000000  0.5183850000000 1.0
C      1  0.5183850000000  0.5000000000000  0.5299260000000 1.0
C      1  0.4816150000000  0.5000000000000  0.4700740000000 1.0
END
