TITL C-3985247-764-755 2.94632394734207e-08 125000 -309.43943239343 0 0 60 (Th) n - 1
REM
REM in /home/nfs/bkarasulu/CARBON/AIRSS/Generating-Clusters/TERSOFF/Higher-Symm/Only-C60
REM
REM
REM
REM
REM
REM ./C.cell (28575a23ae977d3b5fae324c64b13b57)
REM
REM compiler GCC version 9.2.1 20190827 (Red Hat 9.2.1-1)
REM options -cpp -mtune=generic -march=x86-64 -g -O0 -fpre-include=/usr/include/finclude/math-vector-fortran.h
REM seed -466888987 141765339 -298196716 1342296413 2044083253 1204567994 -323669244 1162252594 -1170799752 601797726 1111628716 -517068644 1007897980 -232204072 1573381206 1572421076 -2024484251 -1634033132 -761703152 1570338108 1052043191 -868593280 542209042 -1048809514 695572012 -1011882385 156524969 336774566 626489877 -1460954244 -284864809 1274885555 916971409
REM
CELL 1.54180   50.00000   50.00000   50.00000   90.00000   90.00000   90.00000
LATT -1
SFAC C  
C      1  0.4752750000000  0.4262480000000  0.4757710000000 1.0
C      1  0.4262480000000  0.4757710000000  0.4752750000000 1.0
C      1  0.4757710000000  0.4752750000000  0.4262480000000 1.0
C      1  0.5247250000000  0.5737520000000  0.4757710000000 1.0
C      1  0.4752750000000  0.5737520000000  0.5242290000000 1.0
C      1  0.5247250000000  0.4262480000000  0.5242290000000 1.0
C      1  0.5737520000000  0.5242290000000  0.4752750000000 1.0
C      1  0.4262480000000  0.5242290000000  0.5247250000000 1.0
C      1  0.5737520000000  0.4757710000000  0.5247250000000 1.0
C      1  0.5242290000000  0.5247250000000  0.4262480000000 1.0
C      1  0.4757710000000  0.5247250000000  0.5737520000000 1.0
C      1  0.5242290000000  0.4752750000000  0.5737520000000 1.0
C      1  0.4752750000000  0.4262480000000  0.5242290000000 1.0
C      1  0.4262480000000  0.4757710000000  0.5247250000000 1.0
C      1  0.4757710000000  0.4752750000000  0.5737520000000 1.0
C      1  0.5247250000000  0.5737520000000  0.5242290000000 1.0
C      1  0.4752750000000  0.5737520000000  0.4757710000000 1.0
C      1  0.5247250000000  0.4262480000000  0.4757710000000 1.0
C      1  0.5737520000000  0.5242290000000  0.5247250000000 1.0
C      1  0.4262480000000  0.5242290000000  0.4752750000000 1.0
C      1  0.5737520000000  0.4757710000000  0.4752750000000 1.0
C      1  0.5242290000000  0.5247250000000  0.5737520000000 1.0
C      1  0.4757710000000  0.5247250000000  0.4262480000000 1.0
C      1  0.5242290000000  0.4752750000000  0.4262480000000 1.0
C      1  0.5158150000000  0.4548380000000  0.5300480000000 1.0
C      1  0.4548380000000  0.5300480000000  0.5158150000000 1.0
C      1  0.5300480000000  0.5158150000000  0.4548380000000 1.0
C      1  0.4841850000000  0.5451620000000  0.5300480000000 1.0
C      1  0.5158150000000  0.5451620000000  0.4699520000000 1.0
C      1  0.4841850000000  0.4548380000000  0.4699520000000 1.0
C      1  0.5451620000000  0.4699520000000  0.5158150000000 1.0
C      1  0.4548380000000  0.4699520000000  0.4841850000000 1.0
C      1  0.5451620000000  0.5300480000000  0.4841850000000 1.0
C      1  0.4699520000000  0.4841850000000  0.4548380000000 1.0
C      1  0.5300480000000  0.4841850000000  0.5451620000000 1.0
C      1  0.4699520000000  0.5158150000000  0.5451620000000 1.0
C      1  0.5158150000000  0.4548380000000  0.4699520000000 1.0
C      1  0.4548380000000  0.5300480000000  0.4841850000000 1.0
C      1  0.5300480000000  0.5158150000000  0.5451620000000 1.0
C      1  0.4841850000000  0.5451620000000  0.4699520000000 1.0
C      1  0.5158150000000  0.5451620000000  0.5300480000000 1.0
C      1  0.4841850000000  0.4548380000000  0.5300480000000 1.0
C      1  0.5451620000000  0.4699520000000  0.4841850000000 1.0
C      1  0.4548380000000  0.4699520000000  0.5158150000000 1.0
C      1  0.5451620000000  0.5300480000000  0.5158150000000 1.0
C      1  0.4699520000000  0.4841850000000  0.5451620000000 1.0
C      1  0.5300480000000  0.4841850000000  0.4548380000000 1.0
C      1  0.4699520000000  0.5158150000000  0.4548380000000 1.0
C      1  0.5149870000000  0.4127670000000  0.5000000000000 1.0
C      1  0.4127670000000  0.5000000000000  0.5149870000000 1.0
C      1  0.5000000000000  0.5149870000000  0.4127670000000 1.0
C      1  0.4850130000000  0.5872330000000  0.5000000000000 1.0
C      1  0.5149870000000  0.5872330000000  0.5000000000000 1.0
C      1  0.4850130000000  0.4127670000000  0.5000000000000 1.0
C      1  0.5872330000000  0.5000000000000  0.5149870000000 1.0
C      1  0.4127670000000  0.5000000000000  0.4850130000000 1.0
C      1  0.5872330000000  0.5000000000000  0.4850130000000 1.0
C      1  0.5000000000000  0.4850130000000  0.5872330000000 1.0
C      1  0.5000000000000  0.5149870000000  0.5872330000000 1.0
C      1  0.5000000000000  0.4850130000000  0.4127670000000 1.0
END
