TITL C-3985259-1859-1075 2.62837747525748e-08 125000 -278.363415932469 0 0 60 (Th) n - 1
REM
REM in /home/nfs/bkarasulu/CARBON/AIRSS/Generating-Clusters/TERSOFF/Higher-Symm/Only-C60
REM
REM
REM
REM
REM
REM ./C.cell (28575a23ae977d3b5fae324c64b13b57)
REM
REM compiler GCC version 9.2.1 20190827 (Red Hat 9.2.1-1)
REM options -cpp -mtune=generic -march=x86-64 -g -O0 -fpre-include=/usr/include/finclude/math-vector-fortran.h
REM seed 1009625760 -1253027129 23555333 -1015894953 -1166461853 -1159595601 -608054691 -685624432 336438221 67206001 614416896 1486940445 -1080787010 -1723056343 -279797592 -2069138021 714649601 -659816158 -489836942 640124211 1903627533 898510583 580422463 1419135633 -1536217637 519873595 -613246101 -315616595 2139260362 1607018361 -1455240560 -2082789489 -921013323
REM
CELL 1.54180   50.00000   50.00000   50.00000   90.00000   90.00000   90.00000
LATT -1
SFAC C  
C      1  0.5162840000000  0.5750380000000  0.5159590000000 1.0
C      1  0.5750380000000  0.5159590000000  0.5162840000000 1.0
C      1  0.5159590000000  0.5162840000000  0.5750380000000 1.0
C      1  0.4837160000000  0.4249620000000  0.5159590000000 1.0
C      1  0.5162840000000  0.4249620000000  0.4840410000000 1.0
C      1  0.4837160000000  0.5750380000000  0.4840410000000 1.0
C      1  0.4249620000000  0.4840410000000  0.5162840000000 1.0
C      1  0.5750380000000  0.4840410000000  0.4837160000000 1.0
C      1  0.4249620000000  0.5159590000000  0.4837160000000 1.0
C      1  0.4840410000000  0.4837160000000  0.5750380000000 1.0
C      1  0.5159590000000  0.4837160000000  0.4249620000000 1.0
C      1  0.4840410000000  0.5162840000000  0.4249620000000 1.0
C      1  0.5162840000000  0.5750380000000  0.4840410000000 1.0
C      1  0.5750380000000  0.5159590000000  0.4837160000000 1.0
C      1  0.5159590000000  0.5162840000000  0.4249620000000 1.0
C      1  0.4837160000000  0.4249620000000  0.4840410000000 1.0
C      1  0.5162840000000  0.4249620000000  0.5159590000000 1.0
C      1  0.4837160000000  0.5750380000000  0.5159590000000 1.0
C      1  0.4249620000000  0.4840410000000  0.4837160000000 1.0
C      1  0.5750380000000  0.4840410000000  0.5162840000000 1.0
C      1  0.4249620000000  0.5159590000000  0.5162840000000 1.0
C      1  0.4840410000000  0.4837160000000  0.4249620000000 1.0
C      1  0.5159590000000  0.4837160000000  0.5750380000000 1.0
C      1  0.4840410000000  0.5162840000000  0.5750380000000 1.0
C      1  0.4614240000000  0.5560550000000  0.5271910000000 1.0
C      1  0.5560550000000  0.5271910000000  0.4614240000000 1.0
C      1  0.5271910000000  0.4614240000000  0.5560550000000 1.0
C      1  0.5385760000000  0.4439450000000  0.5271910000000 1.0
C      1  0.4614240000000  0.4439450000000  0.4728090000000 1.0
C      1  0.5385760000000  0.5560550000000  0.4728090000000 1.0
C      1  0.4439450000000  0.4728090000000  0.4614240000000 1.0
C      1  0.5560550000000  0.4728090000000  0.5385760000000 1.0
C      1  0.4439450000000  0.5271910000000  0.5385760000000 1.0
C      1  0.4728090000000  0.5385760000000  0.5560550000000 1.0
C      1  0.5271910000000  0.5385760000000  0.4439450000000 1.0
C      1  0.4728090000000  0.4614240000000  0.4439450000000 1.0
C      1  0.4614240000000  0.5560550000000  0.4728090000000 1.0
C      1  0.5560550000000  0.5271910000000  0.5385760000000 1.0
C      1  0.5271910000000  0.4614240000000  0.4439450000000 1.0
C      1  0.5385760000000  0.4439450000000  0.4728090000000 1.0
C      1  0.4614240000000  0.4439450000000  0.5271910000000 1.0
C      1  0.5385760000000  0.5560550000000  0.5271910000000 1.0
C      1  0.4439450000000  0.4728090000000  0.5385760000000 1.0
C      1  0.5560550000000  0.4728090000000  0.4614240000000 1.0
C      1  0.4439450000000  0.5271910000000  0.4614240000000 1.0
C      1  0.4728090000000  0.5385760000000  0.4439450000000 1.0
C      1  0.5271910000000  0.5385760000000  0.5560550000000 1.0
C      1  0.4728090000000  0.4614240000000  0.5560550000000 1.0
C      1  0.5503330000000  0.5000000000000  0.4479340000000 1.0
C      1  0.5000000000000  0.4479340000000  0.5503330000000 1.0
C      1  0.4479340000000  0.5503330000000  0.5000000000000 1.0
C      1  0.5503330000000  0.5000000000000  0.5520660000000 1.0
C      1  0.5000000000000  0.5520660000000  0.4496670000000 1.0
C      1  0.5520660000000  0.4496670000000  0.5000000000000 1.0
C      1  0.4496670000000  0.5000000000000  0.5520660000000 1.0
C      1  0.4496670000000  0.5000000000000  0.4479340000000 1.0
C      1  0.5000000000000  0.5520660000000  0.5503330000000 1.0
C      1  0.5000000000000  0.4479340000000  0.4496670000000 1.0
C      1  0.4479340000000  0.4496670000000  0.5000000000000 1.0
C      1  0.5520660000000  0.5503330000000  0.5000000000000 1.0
END
