TITL C-3985254-1270-1340 -7.35059493350939e-09 125000 -259.855489976705 0 0 60 (Th) n - 1
REM
REM in /home/nfs/bkarasulu/CARBON/AIRSS/Generating-Clusters/TERSOFF/Higher-Symm/Only-C60
REM
REM
REM
REM
REM
REM ./C.cell (28575a23ae977d3b5fae324c64b13b57)
REM
REM compiler GCC version 9.2.1 20190827 (Red Hat 9.2.1-1)
REM options -cpp -mtune=generic -march=x86-64 -g -O0 -fpre-include=/usr/include/finclude/math-vector-fortran.h
REM seed -1144329206 1076504482 -823039700 -162226145 563618757 569953880 -821748366 1903582523 1264666927 -388470700 -875157358 411329009 1502221093 -336927101 -216415502 1423864582 309168051 -1181540641 -1819842497 1655678997 46807598 -1519949302 -499535422 52307595 -1819778570 1245274276 1512127762 935842209 100427438 1805586839 1051732664 248163770 -1416548350
REM
CELL 1.54180   50.00000   50.00000   50.00000   90.00000   90.00000   90.00000
LATT -1
SFAC C  
C      1  0.5160570000000  0.5158520000000  0.4216630000000 1.0
C      1  0.5158520000000  0.4216630000000  0.5160570000000 1.0
C      1  0.4216630000000  0.5160570000000  0.5158520000000 1.0
C      1  0.4839430000000  0.4841480000000  0.4216630000000 1.0
C      1  0.5160570000000  0.4841480000000  0.5783370000000 1.0
C      1  0.4839430000000  0.5158520000000  0.5783370000000 1.0
C      1  0.4841480000000  0.5783370000000  0.5160570000000 1.0
C      1  0.5158520000000  0.5783370000000  0.4839430000000 1.0
C      1  0.4841480000000  0.4216630000000  0.4839430000000 1.0
C      1  0.5783370000000  0.4839430000000  0.5158520000000 1.0
C      1  0.4216630000000  0.4839430000000  0.4841480000000 1.0
C      1  0.5783370000000  0.5160570000000  0.4841480000000 1.0
C      1  0.5160570000000  0.5158520000000  0.5783370000000 1.0
C      1  0.5158520000000  0.4216630000000  0.4839430000000 1.0
C      1  0.4216630000000  0.5160570000000  0.4841480000000 1.0
C      1  0.4839430000000  0.4841480000000  0.5783370000000 1.0
C      1  0.5160570000000  0.4841480000000  0.4216630000000 1.0
C      1  0.4839430000000  0.5158520000000  0.4216630000000 1.0
C      1  0.4841480000000  0.5783370000000  0.4839430000000 1.0
C      1  0.5158520000000  0.5783370000000  0.5160570000000 1.0
C      1  0.4841480000000  0.4216630000000  0.5160570000000 1.0
C      1  0.5783370000000  0.4839430000000  0.4841480000000 1.0
C      1  0.4216630000000  0.4839430000000  0.5158520000000 1.0
C      1  0.5783370000000  0.5160570000000  0.5158520000000 1.0
C      1  0.4688630000000  0.4750660000000  0.5530080000000 1.0
C      1  0.4750660000000  0.5530080000000  0.4688630000000 1.0
C      1  0.5530080000000  0.4688630000000  0.4750660000000 1.0
C      1  0.5311370000000  0.5249340000000  0.5530080000000 1.0
C      1  0.4688630000000  0.5249340000000  0.4469920000000 1.0
C      1  0.5311370000000  0.4750660000000  0.4469920000000 1.0
C      1  0.5249340000000  0.4469920000000  0.4688630000000 1.0
C      1  0.4750660000000  0.4469920000000  0.5311370000000 1.0
C      1  0.5249340000000  0.5530080000000  0.5311370000000 1.0
C      1  0.4469920000000  0.5311370000000  0.4750660000000 1.0
C      1  0.5530080000000  0.5311370000000  0.5249340000000 1.0
C      1  0.4469920000000  0.4688630000000  0.5249340000000 1.0
C      1  0.4688630000000  0.4750660000000  0.4469920000000 1.0
C      1  0.4750660000000  0.5530080000000  0.5311370000000 1.0
C      1  0.5530080000000  0.4688630000000  0.5249340000000 1.0
C      1  0.5311370000000  0.5249340000000  0.4469920000000 1.0
C      1  0.4688630000000  0.5249340000000  0.5530080000000 1.0
C      1  0.5311370000000  0.4750660000000  0.5530080000000 1.0
C      1  0.5249340000000  0.4469920000000  0.5311370000000 1.0
C      1  0.4750660000000  0.4469920000000  0.4688630000000 1.0
C      1  0.5249340000000  0.5530080000000  0.4688630000000 1.0
C      1  0.4469920000000  0.5311370000000  0.5249340000000 1.0
C      1  0.5530080000000  0.5311370000000  0.4750660000000 1.0
C      1  0.4469920000000  0.4688630000000  0.4750660000000 1.0
C      1  0.4710730000000  0.4780770000000  0.5000000000000 1.0
C      1  0.4780770000000  0.5000000000000  0.4710730000000 1.0
C      1  0.5000000000000  0.5289270000000  0.4780770000000 1.0
C      1  0.5000000000000  0.4710730000000  0.5219230000000 1.0
C      1  0.5289270000000  0.5219230000000  0.5000000000000 1.0
C      1  0.4710730000000  0.5219230000000  0.5000000000000 1.0
C      1  0.5289270000000  0.4780770000000  0.5000000000000 1.0
C      1  0.5219230000000  0.5000000000000  0.4710730000000 1.0
C      1  0.4780770000000  0.5000000000000  0.5289270000000 1.0
C      1  0.5219230000000  0.5000000000000  0.5289270000000 1.0
C      1  0.5000000000000  0.4710730000000  0.4780770000000 1.0
C      1  0.5000000000000  0.5289270000000  0.5219230000000 1.0
END
