TITL C-3985250-725-914 1.27838408896323e-07 125000 -322.859825139506 0 0 60 (Th) n - 1
REM
REM in /home/nfs/bkarasulu/CARBON/AIRSS/Generating-Clusters/TERSOFF/Higher-Symm/Only-C60
REM
REM
REM
REM
REM
REM ./C.cell (28575a23ae977d3b5fae324c64b13b57)
REM
REM compiler GCC version 9.2.1 20190827 (Red Hat 9.2.1-1)
REM options -cpp -mtune=generic -march=x86-64 -g -O0 -fpre-include=/usr/include/finclude/math-vector-fortran.h
REM seed 901461466 263012098 -1455403049 -69775046 2010977525 954465801 1286785486 -853173655 -1241114431 -1837074622 1036053803 -334997733 1492182250 -328705711 131400896 -269037710 -436455357 -1917236039 1228764884 -1435219705 1276073812 -17308330 -1219085606 -1894687818 72057098 -452663625 -1433983123 -1986443983 1903930416 1488542572 601227795 1460126990 445747297
REM
CELL 1.54180   50.00000   50.00000   50.00000   90.00000   90.00000   90.00000
LATT -1
SFAC C  
C      1  0.5741620000000  0.4572600000000  0.4854910000000 1.0
C      1  0.4572600000000  0.4854910000000  0.5741620000000 1.0
C      1  0.4854910000000  0.5741620000000  0.4572600000000 1.0
C      1  0.4258380000000  0.5427400000000  0.4854910000000 1.0
C      1  0.5741620000000  0.5427400000000  0.5145090000000 1.0
C      1  0.4258380000000  0.4572600000000  0.5145090000000 1.0
C      1  0.5427400000000  0.5145090000000  0.5741620000000 1.0
C      1  0.4572600000000  0.5145090000000  0.4258380000000 1.0
C      1  0.5427400000000  0.4854910000000  0.4258380000000 1.0
C      1  0.5145090000000  0.4258380000000  0.4572600000000 1.0
C      1  0.4854910000000  0.4258380000000  0.5427400000000 1.0
C      1  0.5145090000000  0.5741620000000  0.5427400000000 1.0
C      1  0.5741620000000  0.4572600000000  0.5145090000000 1.0
C      1  0.4572600000000  0.4854910000000  0.4258380000000 1.0
C      1  0.4854910000000  0.5741620000000  0.5427400000000 1.0
C      1  0.4258380000000  0.5427400000000  0.5145090000000 1.0
C      1  0.5741620000000  0.5427400000000  0.4854910000000 1.0
C      1  0.4258380000000  0.4572600000000  0.4854910000000 1.0
C      1  0.5427400000000  0.5145090000000  0.4258380000000 1.0
C      1  0.4572600000000  0.5145090000000  0.5741620000000 1.0
C      1  0.5427400000000  0.4854910000000  0.5741620000000 1.0
C      1  0.5145090000000  0.4258380000000  0.5427400000000 1.0
C      1  0.4854910000000  0.4258380000000  0.4572600000000 1.0
C      1  0.5145090000000  0.5741620000000  0.4572600000000 1.0
C      1  0.5263300000000  0.4709880000000  0.5527990000000 1.0
C      1  0.4709880000000  0.5527990000000  0.5263300000000 1.0
C      1  0.5527990000000  0.5263300000000  0.4709880000000 1.0
C      1  0.4736700000000  0.5290120000000  0.5527990000000 1.0
C      1  0.5263300000000  0.5290120000000  0.4472010000000 1.0
C      1  0.4736700000000  0.4709880000000  0.4472010000000 1.0
C      1  0.5290120000000  0.4472010000000  0.5263300000000 1.0
C      1  0.4709880000000  0.4472010000000  0.4736700000000 1.0
C      1  0.5290120000000  0.5527990000000  0.4736700000000 1.0
C      1  0.4472010000000  0.4736700000000  0.4709880000000 1.0
C      1  0.5527990000000  0.4736700000000  0.5290120000000 1.0
C      1  0.4472010000000  0.5263300000000  0.5290120000000 1.0
C      1  0.5263300000000  0.4709880000000  0.4472010000000 1.0
C      1  0.4709880000000  0.5527990000000  0.4736700000000 1.0
C      1  0.5527990000000  0.5263300000000  0.5290120000000 1.0
C      1  0.4736700000000  0.5290120000000  0.4472010000000 1.0
C      1  0.5263300000000  0.5290120000000  0.5527990000000 1.0
C      1  0.4736700000000  0.4709880000000  0.5527990000000 1.0
C      1  0.5290120000000  0.4472010000000  0.4736700000000 1.0
C      1  0.4709880000000  0.4472010000000  0.5263300000000 1.0
C      1  0.5290120000000  0.5527990000000  0.5263300000000 1.0
C      1  0.4472010000000  0.4736700000000  0.5290120000000 1.0
C      1  0.5527990000000  0.4736700000000  0.4709880000000 1.0
C      1  0.4472010000000  0.5263300000000  0.4709880000000 1.0
C      1  0.5000000000000  0.4853990000000  0.5503190000000 1.0
C      1  0.4853990000000  0.5503190000000  0.5000000000000 1.0
C      1  0.5503190000000  0.5000000000000  0.4853990000000 1.0
C      1  0.5000000000000  0.5146010000000  0.5503190000000 1.0
C      1  0.5000000000000  0.5146010000000  0.4496810000000 1.0
C      1  0.5146010000000  0.4496810000000  0.5000000000000 1.0
C      1  0.4496810000000  0.5000000000000  0.4853990000000 1.0
C      1  0.5503190000000  0.5000000000000  0.5146010000000 1.0
C      1  0.4496810000000  0.5000000000000  0.5146010000000 1.0
C      1  0.5000000000000  0.4853990000000  0.4496810000000 1.0
C      1  0.4853990000000  0.4496810000000  0.5000000000000 1.0
C      1  0.5146010000000  0.5503190000000  0.5000000000000 1.0
END
