TITL C-3985254-1270-170 2.3571230567513e-07 125000 -253.481519059994 0 0 60 (Th) n - 1
REM
REM in /home/nfs/bkarasulu/CARBON/AIRSS/Generating-Clusters/TERSOFF/Higher-Symm/Only-C60
REM
REM
REM
REM
REM
REM ./C.cell (28575a23ae977d3b5fae324c64b13b57)
REM
REM compiler GCC version 9.2.1 20190827 (Red Hat 9.2.1-1)
REM options -cpp -mtune=generic -march=x86-64 -g -O0 -fpre-include=/usr/include/finclude/math-vector-fortran.h
REM seed 1594540635 825689059 292185403 674863457 -492476436 1939499240 -1523413999 1934196056 -816805566 -1867287196 -394384552 -1987635460 -1824839013 858717 1871080637 886069657 1556406148 -303767852 -52650707 1903742279 -675328759 1725885307 -391540980 1296231207 1540081581 -1607213404 -926736819 -1369337950 -1314274621 1538325973 545378772 1410046171 -773595816
REM
CELL 1.54180   50.00000   50.00000   50.00000   90.00000   90.00000   90.00000
LATT -1
SFAC C  
C      1  0.4299150000000  0.5498900000000  0.5152450000000 1.0
C      1  0.5498900000000  0.5152450000000  0.4299150000000 1.0
C      1  0.5152450000000  0.4299150000000  0.5498900000000 1.0
C      1  0.5700850000000  0.4501100000000  0.5152450000000 1.0
C      1  0.4299150000000  0.4501100000000  0.4847550000000 1.0
C      1  0.5700850000000  0.5498900000000  0.4847550000000 1.0
C      1  0.4501100000000  0.4847550000000  0.4299150000000 1.0
C      1  0.5498900000000  0.4847550000000  0.5700850000000 1.0
C      1  0.4501100000000  0.5152450000000  0.5700850000000 1.0
C      1  0.4847550000000  0.5700850000000  0.5498900000000 1.0
C      1  0.5152450000000  0.5700850000000  0.4501100000000 1.0
C      1  0.4847550000000  0.4299150000000  0.4501100000000 1.0
C      1  0.4299150000000  0.5498900000000  0.4847550000000 1.0
C      1  0.5498900000000  0.5152450000000  0.5700850000000 1.0
C      1  0.5152450000000  0.4299150000000  0.4501100000000 1.0
C      1  0.5700850000000  0.4501100000000  0.4847550000000 1.0
C      1  0.4299150000000  0.4501100000000  0.5152450000000 1.0
C      1  0.5700850000000  0.5498900000000  0.5152450000000 1.0
C      1  0.4501100000000  0.4847550000000  0.5700850000000 1.0
C      1  0.5498900000000  0.4847550000000  0.4299150000000 1.0
C      1  0.4501100000000  0.5152450000000  0.4299150000000 1.0
C      1  0.4847550000000  0.5700850000000  0.4501100000000 1.0
C      1  0.5152450000000  0.5700850000000  0.5498900000000 1.0
C      1  0.4847550000000  0.4299150000000  0.5498900000000 1.0
C      1  0.5180270000000  0.5471520000000  0.5274700000000 1.0
C      1  0.5471520000000  0.5274700000000  0.5180270000000 1.0
C      1  0.5274700000000  0.5180270000000  0.5471520000000 1.0
C      1  0.4819730000000  0.4528480000000  0.5274700000000 1.0
C      1  0.5180270000000  0.4528480000000  0.4725300000000 1.0
C      1  0.4819730000000  0.5471520000000  0.4725300000000 1.0
C      1  0.4528480000000  0.4725300000000  0.5180270000000 1.0
C      1  0.5471520000000  0.4725300000000  0.4819730000000 1.0
C      1  0.4528480000000  0.5274700000000  0.4819730000000 1.0
C      1  0.4725300000000  0.4819730000000  0.5471520000000 1.0
C      1  0.5274700000000  0.4819730000000  0.4528480000000 1.0
C      1  0.4725300000000  0.5180270000000  0.4528480000000 1.0
C      1  0.5180270000000  0.5471520000000  0.4725300000000 1.0
C      1  0.5471520000000  0.5274700000000  0.4819730000000 1.0
C      1  0.5274700000000  0.5180270000000  0.4528480000000 1.0
C      1  0.4819730000000  0.4528480000000  0.4725300000000 1.0
C      1  0.5180270000000  0.4528480000000  0.5274700000000 1.0
C      1  0.4819730000000  0.5471520000000  0.5274700000000 1.0
C      1  0.4528480000000  0.4725300000000  0.4819730000000 1.0
C      1  0.5471520000000  0.4725300000000  0.5180270000000 1.0
C      1  0.4528480000000  0.5274700000000  0.5180270000000 1.0
C      1  0.4725300000000  0.4819730000000  0.4528480000000 1.0
C      1  0.5274700000000  0.4819730000000  0.5471520000000 1.0
C      1  0.4725300000000  0.5180270000000  0.5471520000000 1.0
C      1  0.5000000000000  0.4756820000000  0.5600770000000 1.0
C      1  0.5000000000000  0.5243180000000  0.4399230000000 1.0
C      1  0.5600770000000  0.5000000000000  0.4756820000000 1.0
C      1  0.4756820000000  0.5600770000000  0.5000000000000 1.0
C      1  0.4399230000000  0.5000000000000  0.4756820000000 1.0
C      1  0.5600770000000  0.5000000000000  0.5243180000000 1.0
C      1  0.4399230000000  0.5000000000000  0.5243180000000 1.0
C      1  0.5243180000000  0.4399230000000  0.5000000000000 1.0
C      1  0.4756820000000  0.4399230000000  0.5000000000000 1.0
C      1  0.5243180000000  0.5600770000000  0.5000000000000 1.0
C      1  0.5000000000000  0.5243180000000  0.5600770000000 1.0
C      1  0.5000000000000  0.4756820000000  0.4399230000000 1.0
END
