TITL C-3985244-725-610 3.37896760043641e-07 125000 -293.314660780846 0 0 60 (Th) n - 1
REM
REM in /home/nfs/bkarasulu/CARBON/AIRSS/Generating-Clusters/TERSOFF/Higher-Symm/Only-C60
REM
REM
REM
REM
REM
REM ./C.cell (28575a23ae977d3b5fae324c64b13b57)
REM
REM compiler GCC version 9.2.1 20190827 (Red Hat 9.2.1-1)
REM options -cpp -mtune=generic -march=x86-64 -g -O0 -fpre-include=/usr/include/finclude/math-vector-fortran.h
REM seed -687439208 -744657304 1987779663 6242002 -1152410172 612563034 1171108593 -1216187810 -2139890578 -702456399 -1954575023 872030799 -2108485065 -256854925 1165411187 376339979 2039611151 84850220 203991601 1086160038 -378653949 -1704597157 -1109783481 1478461676 1230617087 -140090695 1141516596 -1329084232 169566417 -1693763287 2018524468 -2066757340 -2053153180
REM
CELL 1.54180   50.00000   50.00000   50.00000   90.00000   90.00000   90.00000
LATT -1
SFAC C  
C      1  0.4716380000000  0.4762890000000  0.5704560000000 1.0
C      1  0.4762890000000  0.5704560000000  0.4716380000000 1.0
C      1  0.5704560000000  0.4716380000000  0.4762890000000 1.0
C      1  0.5283620000000  0.5237110000000  0.5704560000000 1.0
C      1  0.4716380000000  0.5237110000000  0.4295440000000 1.0
C      1  0.5283620000000  0.4762890000000  0.4295440000000 1.0
C      1  0.5237110000000  0.4295440000000  0.4716380000000 1.0
C      1  0.4762890000000  0.4295440000000  0.5283620000000 1.0
C      1  0.5237110000000  0.5704560000000  0.5283620000000 1.0
C      1  0.4295440000000  0.5283620000000  0.4762890000000 1.0
C      1  0.5704560000000  0.5283620000000  0.5237110000000 1.0
C      1  0.4295440000000  0.4716380000000  0.5237110000000 1.0
C      1  0.4716380000000  0.4762890000000  0.4295440000000 1.0
C      1  0.4762890000000  0.5704560000000  0.5283620000000 1.0
C      1  0.5704560000000  0.4716380000000  0.5237110000000 1.0
C      1  0.5283620000000  0.5237110000000  0.4295440000000 1.0
C      1  0.4716380000000  0.5237110000000  0.5704560000000 1.0
C      1  0.5283620000000  0.4762890000000  0.5704560000000 1.0
C      1  0.5237110000000  0.4295440000000  0.5283620000000 1.0
C      1  0.4762890000000  0.4295440000000  0.4716380000000 1.0
C      1  0.5237110000000  0.5704560000000  0.4716380000000 1.0
C      1  0.4295440000000  0.5283620000000  0.5237110000000 1.0
C      1  0.5704560000000  0.5283620000000  0.4762890000000 1.0
C      1  0.4295440000000  0.4716380000000  0.4762890000000 1.0
C      1  0.5178290000000  0.5428340000000  0.5168870000000 1.0
C      1  0.5428340000000  0.5168870000000  0.5178290000000 1.0
C      1  0.5168870000000  0.5178290000000  0.5428340000000 1.0
C      1  0.4821710000000  0.4571660000000  0.5168870000000 1.0
C      1  0.5178290000000  0.4571660000000  0.4831130000000 1.0
C      1  0.4821710000000  0.5428340000000  0.4831130000000 1.0
C      1  0.4571660000000  0.4831130000000  0.5178290000000 1.0
C      1  0.5428340000000  0.4831130000000  0.4821710000000 1.0
C      1  0.4571660000000  0.5168870000000  0.4821710000000 1.0
C      1  0.4831130000000  0.4821710000000  0.5428340000000 1.0
C      1  0.5168870000000  0.4821710000000  0.4571660000000 1.0
C      1  0.4831130000000  0.5178290000000  0.4571660000000 1.0
C      1  0.5178290000000  0.5428340000000  0.4831130000000 1.0
C      1  0.5428340000000  0.5168870000000  0.4821710000000 1.0
C      1  0.5168870000000  0.5178290000000  0.4571660000000 1.0
C      1  0.4821710000000  0.4571660000000  0.4831130000000 1.0
C      1  0.5178290000000  0.4571660000000  0.5168870000000 1.0
C      1  0.4821710000000  0.5428340000000  0.5168870000000 1.0
C      1  0.4571660000000  0.4831130000000  0.4821710000000 1.0
C      1  0.5428340000000  0.4831130000000  0.5178290000000 1.0
C      1  0.4571660000000  0.5168870000000  0.5178290000000 1.0
C      1  0.4831130000000  0.4821710000000  0.4571660000000 1.0
C      1  0.5168870000000  0.4821710000000  0.5428340000000 1.0
C      1  0.4831130000000  0.5178290000000  0.5428340000000 1.0
C      1  0.4137940000000  0.5349050000000  0.5000000000000 1.0
C      1  0.5349050000000  0.5000000000000  0.4137940000000 1.0
C      1  0.5000000000000  0.4137940000000  0.5349050000000 1.0
C      1  0.5862060000000  0.4650950000000  0.5000000000000 1.0
C      1  0.4650950000000  0.5000000000000  0.4137940000000 1.0
C      1  0.5349050000000  0.5000000000000  0.5862060000000 1.0
C      1  0.4650950000000  0.5000000000000  0.5862060000000 1.0
C      1  0.5000000000000  0.5862060000000  0.5349050000000 1.0
C      1  0.5000000000000  0.5862060000000  0.4650950000000 1.0
C      1  0.5000000000000  0.4137940000000  0.4650950000000 1.0
C      1  0.4137940000000  0.4650950000000  0.5000000000000 1.0
C      1  0.5862060000000  0.5349050000000  0.5000000000000 1.0
END
