TITL C-3985256-5419-82 -2.76742580613787e-08 125000 -403.687549746763 0 0 60 (Ih) n - 1
REM
REM in /home/nfs/bkarasulu/CARBON/AIRSS/Generating-Clusters/TERSOFF/Higher-Symm/Only-C60
REM
REM
REM
REM
REM
REM ./C.cell (28575a23ae977d3b5fae324c64b13b57)
REM
REM compiler GCC version 9.2.1 20190827 (Red Hat 9.2.1-1)
REM options -cpp -mtune=generic -march=x86-64 -g -O0 -fpre-include=/usr/include/finclude/math-vector-fortran.h
REM seed -1716954026 889108552 1701863644 1412624076 -2133253906 -911967166 117521306 -1886421031 134509547 -1122270714 842029054 -798916154 -412504023 1667348044 -1224564 -1813974953 312713486 -907146978 -1861323686 -1890848551 -1021115769 1812748987 1425462472 -602937475 -1596576319 1890285744 50380687 1980350444 -922131543 -959145396 1381268098 -448197511 2134573951
REM
CELL 1.54180   50.00000   50.00000   50.00000   90.00000   90.00000   90.00000
LATT -1
SFAC C  
C      1  0.5243050000000  0.5296280000000  0.4370400000000 1.0
C      1  0.5296280000000  0.4370400000000  0.5243050000000 1.0
C      1  0.4370400000000  0.5243050000000  0.5296280000000 1.0
C      1  0.4756950000000  0.4703720000000  0.4370400000000 1.0
C      1  0.5243050000000  0.4703720000000  0.5629600000000 1.0
C      1  0.4756950000000  0.5296280000000  0.5629600000000 1.0
C      1  0.4703720000000  0.5629600000000  0.5243050000000 1.0
C      1  0.5296280000000  0.5629600000000  0.4756950000000 1.0
C      1  0.4703720000000  0.4370400000000  0.4756950000000 1.0
C      1  0.5629600000000  0.4756950000000  0.5296280000000 1.0
C      1  0.4370400000000  0.4756950000000  0.4703720000000 1.0
C      1  0.5629600000000  0.5243050000000  0.4703720000000 1.0
C      1  0.5243050000000  0.5296280000000  0.5629600000000 1.0
C      1  0.5296280000000  0.4370400000000  0.4756950000000 1.0
C      1  0.4370400000000  0.5243050000000  0.4703720000000 1.0
C      1  0.4756950000000  0.4703720000000  0.5629600000000 1.0
C      1  0.5243050000000  0.4703720000000  0.4370400000000 1.0
C      1  0.4756950000000  0.5296280000000  0.4370400000000 1.0
C      1  0.4703720000000  0.5629600000000  0.4756950000000 1.0
C      1  0.5296280000000  0.5629600000000  0.5243050000000 1.0
C      1  0.4703720000000  0.4370400000000  0.5243050000000 1.0
C      1  0.5629600000000  0.4756950000000  0.4703720000000 1.0
C      1  0.4370400000000  0.4756950000000  0.5296280000000 1.0
C      1  0.5629600000000  0.5243050000000  0.5296280000000 1.0
C      1  0.4520620000000  0.5150220000000  0.4460670000000 1.0
C      1  0.5150220000000  0.4460670000000  0.4520620000000 1.0
C      1  0.4460670000000  0.4520620000000  0.5150220000000 1.0
C      1  0.5479380000000  0.4849780000000  0.4460670000000 1.0
C      1  0.4520620000000  0.4849780000000  0.5539330000000 1.0
C      1  0.5479380000000  0.5150220000000  0.5539330000000 1.0
C      1  0.4849780000000  0.5539330000000  0.4520620000000 1.0
C      1  0.5150220000000  0.5539330000000  0.5479380000000 1.0
C      1  0.4849780000000  0.4460670000000  0.5479380000000 1.0
C      1  0.5539330000000  0.5479380000000  0.5150220000000 1.0
C      1  0.4460670000000  0.5479380000000  0.4849780000000 1.0
C      1  0.5539330000000  0.4520620000000  0.4849780000000 1.0
C      1  0.4520620000000  0.5150220000000  0.5539330000000 1.0
C      1  0.5150220000000  0.4460670000000  0.5479380000000 1.0
C      1  0.4460670000000  0.4520620000000  0.4849780000000 1.0
C      1  0.5479380000000  0.4849780000000  0.5539330000000 1.0
C      1  0.4520620000000  0.4849780000000  0.4460670000000 1.0
C      1  0.5479380000000  0.5150220000000  0.4460670000000 1.0
C      1  0.4849780000000  0.5539330000000  0.5479380000000 1.0
C      1  0.5150220000000  0.5539330000000  0.4520620000000 1.0
C      1  0.4849780000000  0.4460670000000  0.4520620000000 1.0
C      1  0.5539330000000  0.5479380000000  0.4849780000000 1.0
C      1  0.4460670000000  0.5479380000000  0.5150220000000 1.0
C      1  0.5539330000000  0.4520620000000  0.5150220000000 1.0
C      1  0.4853940000000  0.5722440000000  0.5000000000000 1.0
C      1  0.5722440000000  0.5000000000000  0.4853940000000 1.0
C      1  0.5000000000000  0.4853940000000  0.5722440000000 1.0
C      1  0.5146060000000  0.4277560000000  0.5000000000000 1.0
C      1  0.4853940000000  0.4277560000000  0.5000000000000 1.0
C      1  0.5146060000000  0.5722440000000  0.5000000000000 1.0
C      1  0.4277560000000  0.5000000000000  0.4853940000000 1.0
C      1  0.5722440000000  0.5000000000000  0.5146060000000 1.0
C      1  0.4277560000000  0.5000000000000  0.5146060000000 1.0
C      1  0.5000000000000  0.5146060000000  0.5722440000000 1.0
C      1  0.5000000000000  0.5146060000000  0.4277560000000 1.0
C      1  0.5000000000000  0.4853940000000  0.4277560000000 1.0
END
