TITL C-3985259-1859-1185 -2.5131203111896e-06 125000 -313.850271021403 0 0 60 (Th) n - 1
REM
REM in /home/nfs/bkarasulu/CARBON/AIRSS/Generating-Clusters/TERSOFF/Higher-Symm/Only-C60
REM
REM
REM
REM
REM
REM ./C.cell (28575a23ae977d3b5fae324c64b13b57)
REM
REM compiler GCC version 9.2.1 20190827 (Red Hat 9.2.1-1)
REM options -cpp -mtune=generic -march=x86-64 -g -O0 -fpre-include=/usr/include/finclude/math-vector-fortran.h
REM seed 1801525369 -1615892690 -1076911737 -1400500679 -1818540553 1780916630 713046664 1266384658 925735013 -422859345 -311889439 1692873986 950016512 -1502500866 473190446 923435768 2117827678 638060919 -1652879677 385720870 264504752 -1825520621 -1445296815 928230801 1969742285 1164919853 -1267956266 -597755267 -1469883330 -1736688499 -1634587825 -1425059880 -360428099
REM
CELL 1.54180   50.00000   50.00000   50.00000   90.00000   90.00000   90.00000
LATT -1
SFAC C  
C      1  0.5252910000000  0.5672920000000  0.4852300000000 1.0
C      1  0.5672920000000  0.4852300000000  0.5252910000000 1.0
C      1  0.4852300000000  0.5252910000000  0.5672920000000 1.0
C      1  0.4747090000000  0.4327080000000  0.4852300000000 1.0
C      1  0.5252910000000  0.4327080000000  0.5147700000000 1.0
C      1  0.4747090000000  0.5672920000000  0.5147700000000 1.0
C      1  0.4327080000000  0.5147700000000  0.5252910000000 1.0
C      1  0.5672920000000  0.5147700000000  0.4747090000000 1.0
C      1  0.4327080000000  0.4852300000000  0.4747090000000 1.0
C      1  0.5147700000000  0.4747090000000  0.5672920000000 1.0
C      1  0.4852300000000  0.4747090000000  0.4327080000000 1.0
C      1  0.5147700000000  0.5252910000000  0.4327080000000 1.0
C      1  0.5252910000000  0.5672920000000  0.5147700000000 1.0
C      1  0.5672920000000  0.4852300000000  0.4747090000000 1.0
C      1  0.4852300000000  0.5252910000000  0.4327080000000 1.0
C      1  0.4747090000000  0.4327080000000  0.5147700000000 1.0
C      1  0.5252910000000  0.4327080000000  0.4852300000000 1.0
C      1  0.4747090000000  0.5672920000000  0.4852300000000 1.0
C      1  0.4327080000000  0.5147700000000  0.4747090000000 1.0
C      1  0.5672920000000  0.5147700000000  0.5252910000000 1.0
C      1  0.4327080000000  0.4852300000000  0.5252910000000 1.0
C      1  0.5147700000000  0.4747090000000  0.4327080000000 1.0
C      1  0.4852300000000  0.4747090000000  0.5672920000000 1.0
C      1  0.5147700000000  0.5252910000000  0.5672920000000 1.0
C      1  0.4470620000000  0.4786880000000  0.4497730000000 1.0
C      1  0.4786880000000  0.4497730000000  0.4470620000000 1.0
C      1  0.4497730000000  0.4470620000000  0.4786880000000 1.0
C      1  0.5529380000000  0.5213120000000  0.4497730000000 1.0
C      1  0.4470620000000  0.5213120000000  0.5502270000000 1.0
C      1  0.5529380000000  0.4786880000000  0.5502270000000 1.0
C      1  0.5213120000000  0.5502270000000  0.4470620000000 1.0
C      1  0.4786880000000  0.5502270000000  0.5529380000000 1.0
C      1  0.5213120000000  0.4497730000000  0.5529380000000 1.0
C      1  0.5502270000000  0.5529380000000  0.4786880000000 1.0
C      1  0.4497730000000  0.5529380000000  0.5213120000000 1.0
C      1  0.5502270000000  0.4470620000000  0.5213120000000 1.0
C      1  0.4470620000000  0.4786880000000  0.5502270000000 1.0
C      1  0.4786880000000  0.4497730000000  0.5529380000000 1.0
C      1  0.4497730000000  0.4470620000000  0.5213120000000 1.0
C      1  0.5529380000000  0.5213120000000  0.5502270000000 1.0
C      1  0.4470620000000  0.5213120000000  0.4497730000000 1.0
C      1  0.5529380000000  0.4786880000000  0.4497730000000 1.0
C      1  0.5213120000000  0.5502270000000  0.5529380000000 1.0
C      1  0.4786880000000  0.5502270000000  0.4470620000000 1.0
C      1  0.5213120000000  0.4497730000000  0.4470620000000 1.0
C      1  0.5502270000000  0.5529380000000  0.5213120000000 1.0
C      1  0.4497730000000  0.5529380000000  0.4786880000000 1.0
C      1  0.5502270000000  0.4470620000000  0.4786880000000 1.0
C      1  0.4343340000000  0.5330160000000  0.5000000000000 1.0
C      1  0.5330160000000  0.5000000000000  0.4343340000000 1.0
C      1  0.5656660000000  0.4669840000000  0.5000000000000 1.0
C      1  0.4669840000000  0.5000000000000  0.5656660000000 1.0
C      1  0.5000000000000  0.4343340000000  0.5330160000000 1.0
C      1  0.5000000000000  0.5656660000000  0.4669840000000 1.0
C      1  0.5000000000000  0.4343340000000  0.4669840000000 1.0
C      1  0.5000000000000  0.5656660000000  0.5330160000000 1.0
C      1  0.4343340000000  0.4669840000000  0.5000000000000 1.0
C      1  0.5656660000000  0.5330160000000  0.5000000000000 1.0
C      1  0.4669840000000  0.5000000000000  0.4343340000000 1.0
C      1  0.5330160000000  0.5000000000000  0.5656660000000 1.0
END
