TITL C-3985247-764-133 8.86324333465702e-08 125000 -256.958336756192 0 0 60 (Th) n - 1
REM
REM in /home/nfs/bkarasulu/CARBON/AIRSS/Generating-Clusters/TERSOFF/Higher-Symm/Only-C60
REM
REM
REM
REM
REM
REM ./C.cell (28575a23ae977d3b5fae324c64b13b57)
REM
REM compiler GCC version 9.2.1 20190827 (Red Hat 9.2.1-1)
REM options -cpp -mtune=generic -march=x86-64 -g -O0 -fpre-include=/usr/include/finclude/math-vector-fortran.h
REM seed 495671137 1894697417 -1759045577 -1933914469 -800221340 -127056526 2118265634 899165415 -968134796 1926416183 770196704 -1789053881 -1572930673 -1234135567 -1528177038 -411810747 -253375291 1213454356 -58399199 -1065063370 -1189962514 1111428984 481967894 -1947196538 1950454864 -1808262032 -689608337 296905605 -1634716455 962994449 -750913992 -1626361039 -392619587
REM
CELL 1.54180   50.00000   50.00000   50.00000   90.00000   90.00000   90.00000
LATT -1
SFAC C  
C      1  0.4388600000000  0.5175960000000  0.5167470000000 1.0
C      1  0.5175960000000  0.5167470000000  0.4388600000000 1.0
C      1  0.5167470000000  0.4388600000000  0.5175960000000 1.0
C      1  0.5611400000000  0.4824040000000  0.5167470000000 1.0
C      1  0.4388600000000  0.4824040000000  0.4832530000000 1.0
C      1  0.5611400000000  0.5175960000000  0.4832530000000 1.0
C      1  0.4824040000000  0.4832530000000  0.4388600000000 1.0
C      1  0.5175960000000  0.4832530000000  0.5611400000000 1.0
C      1  0.4824040000000  0.5167470000000  0.5611400000000 1.0
C      1  0.4832530000000  0.5611400000000  0.5175960000000 1.0
C      1  0.5167470000000  0.5611400000000  0.4824040000000 1.0
C      1  0.4832530000000  0.4388600000000  0.4824040000000 1.0
C      1  0.4388600000000  0.5175960000000  0.4832530000000 1.0
C      1  0.5175960000000  0.5167470000000  0.5611400000000 1.0
C      1  0.5167470000000  0.4388600000000  0.4824040000000 1.0
C      1  0.5611400000000  0.4824040000000  0.4832530000000 1.0
C      1  0.4388600000000  0.4824040000000  0.5167470000000 1.0
C      1  0.5611400000000  0.5175960000000  0.5167470000000 1.0
C      1  0.4824040000000  0.4832530000000  0.5611400000000 1.0
C      1  0.5175960000000  0.4832530000000  0.4388600000000 1.0
C      1  0.4824040000000  0.5167470000000  0.4388600000000 1.0
C      1  0.4832530000000  0.5611400000000  0.4824040000000 1.0
C      1  0.5167470000000  0.5611400000000  0.5175960000000 1.0
C      1  0.4832530000000  0.4388600000000  0.5175960000000 1.0
C      1  0.5628240000000  0.5389630000000  0.4625560000000 1.0
C      1  0.5389630000000  0.4625560000000  0.5628240000000 1.0
C      1  0.4625560000000  0.5628240000000  0.5389630000000 1.0
C      1  0.4371760000000  0.4610370000000  0.4625560000000 1.0
C      1  0.5628240000000  0.4610370000000  0.5374440000000 1.0
C      1  0.4371760000000  0.5389630000000  0.5374440000000 1.0
C      1  0.4610370000000  0.5374440000000  0.5628240000000 1.0
C      1  0.5389630000000  0.5374440000000  0.4371760000000 1.0
C      1  0.4610370000000  0.4625560000000  0.4371760000000 1.0
C      1  0.5374440000000  0.4371760000000  0.5389630000000 1.0
C      1  0.4625560000000  0.4371760000000  0.4610370000000 1.0
C      1  0.5374440000000  0.5628240000000  0.4610370000000 1.0
C      1  0.5628240000000  0.5389630000000  0.5374440000000 1.0
C      1  0.5389630000000  0.4625560000000  0.4371760000000 1.0
C      1  0.4625560000000  0.5628240000000  0.4610370000000 1.0
C      1  0.4371760000000  0.4610370000000  0.5374440000000 1.0
C      1  0.5628240000000  0.4610370000000  0.4625560000000 1.0
C      1  0.4371760000000  0.5389630000000  0.4625560000000 1.0
C      1  0.4610370000000  0.5374440000000  0.4371760000000 1.0
C      1  0.5389630000000  0.5374440000000  0.5628240000000 1.0
C      1  0.4610370000000  0.4625560000000  0.5628240000000 1.0
C      1  0.5374440000000  0.4371760000000  0.4610370000000 1.0
C      1  0.4625560000000  0.4371760000000  0.5389630000000 1.0
C      1  0.5374440000000  0.5628240000000  0.5389630000000 1.0
C      1  0.5000000000000  0.5208010000000  0.5290800000000 1.0
C      1  0.5208010000000  0.5290800000000  0.5000000000000 1.0
C      1  0.5290800000000  0.5000000000000  0.5208010000000 1.0
C      1  0.5000000000000  0.4791990000000  0.5290800000000 1.0
C      1  0.5000000000000  0.4791990000000  0.4709200000000 1.0
C      1  0.5000000000000  0.5208010000000  0.4709200000000 1.0
C      1  0.4791990000000  0.4709200000000  0.5000000000000 1.0
C      1  0.5208010000000  0.4709200000000  0.5000000000000 1.0
C      1  0.4791990000000  0.5290800000000  0.5000000000000 1.0
C      1  0.4709200000000  0.5000000000000  0.5208010000000 1.0
C      1  0.5290800000000  0.5000000000000  0.4791990000000 1.0
C      1  0.4709200000000  0.5000000000000  0.4791990000000 1.0
END
