TITL C-3985254-1270-1743 2.30074957567958e-08 125000 -259.855466291644 0 0 60 (Th) n - 1
REM
REM in /home/nfs/bkarasulu/CARBON/AIRSS/Generating-Clusters/TERSOFF/Higher-Symm/Only-C60
REM
REM
REM
REM
REM
REM ./C.cell (28575a23ae977d3b5fae324c64b13b57)
REM
REM compiler GCC version 9.2.1 20190827 (Red Hat 9.2.1-1)
REM options -cpp -mtune=generic -march=x86-64 -g -O0 -fpre-include=/usr/include/finclude/math-vector-fortran.h
REM seed -1678689442 733233212 -1549905100 167910317 1199161767 1053084057 784223834 -1434652588 1092176695 -951611969 -61317446 -1155704174 -1200849722 1701101246 487617895 -2005098146 -901855117 -1231688299 979696764 2014786130 -35958467 -663146534 -1229532164 1485555705 2034426250 1607478754 -985720560 -623489488 935411349 -1372523351 1013746103 811340968 -1711080392
REM
CELL 1.54180   50.00000   50.00000   50.00000   90.00000   90.00000   90.00000
LATT -1
SFAC C  
C      1  0.4469920000000  0.5311370000000  0.4750660000000 1.0
C      1  0.5311370000000  0.4750660000000  0.4469920000000 1.0
C      1  0.4750660000000  0.4469920000000  0.5311370000000 1.0
C      1  0.5530080000000  0.4688630000000  0.4750660000000 1.0
C      1  0.4469920000000  0.4688630000000  0.5249340000000 1.0
C      1  0.5530080000000  0.5311370000000  0.5249340000000 1.0
C      1  0.4688630000000  0.5249340000000  0.4469920000000 1.0
C      1  0.5311370000000  0.5249340000000  0.5530080000000 1.0
C      1  0.4688630000000  0.4750660000000  0.5530080000000 1.0
C      1  0.5249340000000  0.5530080000000  0.5311370000000 1.0
C      1  0.4750660000000  0.5530080000000  0.4688630000000 1.0
C      1  0.5249340000000  0.4469920000000  0.4688630000000 1.0
C      1  0.4469920000000  0.5311370000000  0.5249340000000 1.0
C      1  0.5311370000000  0.4750660000000  0.5530080000000 1.0
C      1  0.4750660000000  0.4469920000000  0.4688630000000 1.0
C      1  0.5530080000000  0.4688630000000  0.5249340000000 1.0
C      1  0.4469920000000  0.4688630000000  0.4750660000000 1.0
C      1  0.5530080000000  0.5311370000000  0.4750660000000 1.0
C      1  0.4688630000000  0.5249340000000  0.5530080000000 1.0
C      1  0.5311370000000  0.5249340000000  0.4469920000000 1.0
C      1  0.4688630000000  0.4750660000000  0.4469920000000 1.0
C      1  0.5249340000000  0.5530080000000  0.4688630000000 1.0
C      1  0.4750660000000  0.5530080000000  0.5311370000000 1.0
C      1  0.5249340000000  0.4469920000000  0.5311370000000 1.0
C      1  0.5160570000000  0.4841480000000  0.4216630000000 1.0
C      1  0.4841480000000  0.4216630000000  0.5160570000000 1.0
C      1  0.4216630000000  0.5160570000000  0.4841480000000 1.0
C      1  0.4839430000000  0.5158520000000  0.4216630000000 1.0
C      1  0.5160570000000  0.5158520000000  0.5783370000000 1.0
C      1  0.4839430000000  0.4841480000000  0.5783370000000 1.0
C      1  0.5158520000000  0.5783370000000  0.5160570000000 1.0
C      1  0.4841480000000  0.5783370000000  0.4839430000000 1.0
C      1  0.5158520000000  0.4216630000000  0.4839430000000 1.0
C      1  0.5783370000000  0.4839430000000  0.4841480000000 1.0
C      1  0.4216630000000  0.4839430000000  0.5158520000000 1.0
C      1  0.5783370000000  0.5160570000000  0.5158520000000 1.0
C      1  0.5160570000000  0.4841480000000  0.5783370000000 1.0
C      1  0.4841480000000  0.4216630000000  0.4839430000000 1.0
C      1  0.4216630000000  0.5160570000000  0.5158520000000 1.0
C      1  0.4839430000000  0.5158520000000  0.5783370000000 1.0
C      1  0.5160570000000  0.5158520000000  0.4216630000000 1.0
C      1  0.4839430000000  0.4841480000000  0.4216630000000 1.0
C      1  0.5158520000000  0.5783370000000  0.4839430000000 1.0
C      1  0.4841480000000  0.5783370000000  0.5160570000000 1.0
C      1  0.5158520000000  0.4216630000000  0.5160570000000 1.0
C      1  0.5783370000000  0.4839430000000  0.5158520000000 1.0
C      1  0.4216630000000  0.4839430000000  0.4841480000000 1.0
C      1  0.5783370000000  0.5160570000000  0.4841480000000 1.0
C      1  0.5219230000000  0.5000000000000  0.4710730000000 1.0
C      1  0.4780770000000  0.5000000000000  0.5289270000000 1.0
C      1  0.4710730000000  0.5219230000000  0.5000000000000 1.0
C      1  0.5289270000000  0.4780770000000  0.5000000000000 1.0
C      1  0.5000000000000  0.5289270000000  0.4780770000000 1.0
C      1  0.5000000000000  0.4710730000000  0.5219230000000 1.0
C      1  0.5289270000000  0.5219230000000  0.5000000000000 1.0
C      1  0.4710730000000  0.4780770000000  0.5000000000000 1.0
C      1  0.4780770000000  0.5000000000000  0.4710730000000 1.0
C      1  0.5000000000000  0.4710730000000  0.4780770000000 1.0
C      1  0.5219230000000  0.5000000000000  0.5289270000000 1.0
C      1  0.5000000000000  0.5289270000000  0.5219230000000 1.0
END
