TITL C-3985244-725-521 -0.000725817337998618 125000 -254.017088243667 0 0 60 (Th) n - 1
REM
REM in /home/nfs/bkarasulu/CARBON/AIRSS/Generating-Clusters/TERSOFF/Higher-Symm/Only-C60
REM
REM
REM
REM
REM
REM ./C.cell (28575a23ae977d3b5fae324c64b13b57)
REM
REM compiler GCC version 9.2.1 20190827 (Red Hat 9.2.1-1)
REM options -cpp -mtune=generic -march=x86-64 -g -O0 -fpre-include=/usr/include/finclude/math-vector-fortran.h
REM seed -1374881313 770365454 1812914484 1353169082 -1549079277 1083624025 -1873346087 -1433307362 -2003130933 -256901244 -984873442 -849196315 -2125037082 -1578119981 413898083 384310148 744889731 -200371665 -810312954 537232580 -223066811 -1757685163 1461587106 -1529208099 -1547818950 1623652992 315360814 331690702 -495666388 527972902 -1824702014 -1940105932 1775603749
REM
CELL 1.54180   50.00000   50.00000   50.00000   90.00000   90.00000   90.00000
LATT -1
SFAC C  
C      1  0.5696580000000  0.5503340000000  0.4847670000000 1.0
C      1  0.5503340000000  0.4847670000000  0.5696580000000 1.0
C      1  0.4847670000000  0.5696580000000  0.5503340000000 1.0
C      1  0.4303420000000  0.4496660000000  0.4847670000000 1.0
C      1  0.5696580000000  0.4496660000000  0.5152330000000 1.0
C      1  0.4303420000000  0.5503340000000  0.5152330000000 1.0
C      1  0.4496660000000  0.5152330000000  0.5696580000000 1.0
C      1  0.5503340000000  0.5152330000000  0.4303420000000 1.0
C      1  0.4496660000000  0.4847670000000  0.4303420000000 1.0
C      1  0.5152330000000  0.4303420000000  0.5503340000000 1.0
C      1  0.4847670000000  0.4303420000000  0.4496660000000 1.0
C      1  0.5152330000000  0.5696580000000  0.4496660000000 1.0
C      1  0.5696580000000  0.5503340000000  0.5152330000000 1.0
C      1  0.5503340000000  0.4847670000000  0.4303420000000 1.0
C      1  0.4847670000000  0.5696580000000  0.4496660000000 1.0
C      1  0.4303420000000  0.4496660000000  0.5152330000000 1.0
C      1  0.5696580000000  0.4496660000000  0.4847670000000 1.0
C      1  0.4303420000000  0.5503340000000  0.4847670000000 1.0
C      1  0.4496660000000  0.5152330000000  0.4303420000000 1.0
C      1  0.5503340000000  0.5152330000000  0.5696580000000 1.0
C      1  0.4496660000000  0.4847670000000  0.5696580000000 1.0
C      1  0.5152330000000  0.4303420000000  0.4496660000000 1.0
C      1  0.4847670000000  0.4303420000000  0.5503340000000 1.0
C      1  0.5152330000000  0.5696580000000  0.5503340000000 1.0
C      1  0.5180440000000  0.4529000000000  0.4725160000000 1.0
C      1  0.4529000000000  0.4725160000000  0.5180440000000 1.0
C      1  0.4725160000000  0.5180440000000  0.4529000000000 1.0
C      1  0.4819560000000  0.5471000000000  0.4725160000000 1.0
C      1  0.5180440000000  0.5471000000000  0.5274840000000 1.0
C      1  0.4819560000000  0.4529000000000  0.5274840000000 1.0
C      1  0.5471000000000  0.5274840000000  0.5180440000000 1.0
C      1  0.4529000000000  0.5274840000000  0.4819560000000 1.0
C      1  0.5471000000000  0.4725160000000  0.4819560000000 1.0
C      1  0.5274840000000  0.4819560000000  0.4529000000000 1.0
C      1  0.4725160000000  0.4819560000000  0.5471000000000 1.0
C      1  0.5274840000000  0.5180440000000  0.5471000000000 1.0
C      1  0.5180440000000  0.4529000000000  0.5274840000000 1.0
C      1  0.4529000000000  0.4725160000000  0.4819560000000 1.0
C      1  0.4725160000000  0.5180440000000  0.5471000000000 1.0
C      1  0.4819560000000  0.5471000000000  0.5274840000000 1.0
C      1  0.5180440000000  0.5471000000000  0.4725160000000 1.0
C      1  0.4819560000000  0.4529000000000  0.4725160000000 1.0
C      1  0.5471000000000  0.5274840000000  0.4819560000000 1.0
C      1  0.4529000000000  0.5274840000000  0.5180440000000 1.0
C      1  0.5471000000000  0.4725160000000  0.5180440000000 1.0
C      1  0.5274840000000  0.4819560000000  0.5471000000000 1.0
C      1  0.4725160000000  0.4819560000000  0.4529000000000 1.0
C      1  0.5274840000000  0.5180440000000  0.4529000000000 1.0
C      1  0.5238430000000  0.5602800000000  0.5000000000000 1.0
C      1  0.5602800000000  0.5000000000000  0.5238430000000 1.0
C      1  0.5000000000000  0.4761570000000  0.5602800000000 1.0
C      1  0.5000000000000  0.4761570000000  0.4397200000000 1.0
C      1  0.5000000000000  0.5238430000000  0.4397200000000 1.0
C      1  0.4761570000000  0.4397200000000  0.5000000000000 1.0
C      1  0.5238430000000  0.4397200000000  0.5000000000000 1.0
C      1  0.4761570000000  0.5602800000000  0.5000000000000 1.0
C      1  0.4397200000000  0.5000000000000  0.5238430000000 1.0
C      1  0.5602800000000  0.5000000000000  0.4761570000000 1.0
C      1  0.4397200000000  0.5000000000000  0.4761570000000 1.0
C      1  0.5000000000000  0.5238430000000  0.5602800000000 1.0
END
