TITL C-2441167-4473-477 0.725343620732094 125000 -1660.68688742775 0 0 156 (Th) n - 1
REM
REM in /home/bkarasulu/work/CARBON/AIRSS/Generating-Clusters/ReaxFF-fromJPCA2015/Units_Real/with-SteepDescent/Higher-Symm
REM
REM
REM
REM
REM
REM ./C.cell (1df0a924f5614ab8850e4351716899ee)
REM
REM compiler GCC version 9.2.1 20190827 (Red Hat 9.2.1-1)
REM options -cpp -mtune=generic -march=x86-64 -g -O0 -fpre-include=/usr/include/finclude/math-vector-fortran.h
REM seed 190264963 899926345 1459601788 -1908851755 1938947369 -688856388 1656314926 1117176534 467454018 1258195553 -1722071143 -1788510514 -2090830309 -1219694127 1132735454 -1092869797 1468382996 -864665482 -1595981820 -122105353 -1541364313 -1334654243 1097803355 1610800219 2063600985 -1453834906 1094939169 -642602678 -1290848670 2124902164 1335506615 246353522 1606479685
REM
CELL 1.54180   50.00000   50.00000   50.00000   90.00000   90.00000   90.00000
LATT -1
SFAC C  
C      1  0.4755950000000  0.4615150000000  0.4186570000000 1.0
C      1  0.4615150000000  0.4186570000000  0.4755950000000 1.0
C      1  0.4186570000000  0.4755950000000  0.4615150000000 1.0
C      1  0.5244050000000  0.5384850000000  0.4186570000000 1.0
C      1  0.4755950000000  0.5384850000000  0.5813430000000 1.0
C      1  0.5244050000000  0.4615150000000  0.5813430000000 1.0
C      1  0.5384850000000  0.5813430000000  0.4755950000000 1.0
C      1  0.4615150000000  0.5813430000000  0.5244050000000 1.0
C      1  0.5384850000000  0.4186570000000  0.5244050000000 1.0
C      1  0.5813430000000  0.5244050000000  0.4615150000000 1.0
C      1  0.4186570000000  0.5244050000000  0.5384850000000 1.0
C      1  0.5813430000000  0.4755950000000  0.5384850000000 1.0
C      1  0.4755950000000  0.4615150000000  0.5813430000000 1.0
C      1  0.4615150000000  0.4186570000000  0.5244050000000 1.0
C      1  0.4186570000000  0.4755950000000  0.5384850000000 1.0
C      1  0.5244050000000  0.5384850000000  0.5813430000000 1.0
C      1  0.4755950000000  0.5384850000000  0.4186570000000 1.0
C      1  0.5244050000000  0.4615150000000  0.4186570000000 1.0
C      1  0.5384850000000  0.5813430000000  0.5244050000000 1.0
C      1  0.4615150000000  0.5813430000000  0.4755950000000 1.0
C      1  0.5384850000000  0.4186570000000  0.4755950000000 1.0
C      1  0.5813430000000  0.5244050000000  0.5384850000000 1.0
C      1  0.4186570000000  0.5244050000000  0.4615150000000 1.0
C      1  0.5813430000000  0.4755950000000  0.4615150000000 1.0
C      1  0.4513300000000  0.5333920000000  0.5668280000000 1.0
C      1  0.5333920000000  0.5668280000000  0.4513300000000 1.0
C      1  0.5668280000000  0.4513300000000  0.5333920000000 1.0
C      1  0.5486700000000  0.4666080000000  0.5668280000000 1.0
C      1  0.4513300000000  0.4666080000000  0.4331720000000 1.0
C      1  0.5486700000000  0.5333920000000  0.4331720000000 1.0
C      1  0.4666080000000  0.4331720000000  0.4513300000000 1.0
C      1  0.5333920000000  0.4331720000000  0.5486700000000 1.0
C      1  0.4666080000000  0.5668280000000  0.5486700000000 1.0
C      1  0.4331720000000  0.5486700000000  0.5333920000000 1.0
C      1  0.5668280000000  0.5486700000000  0.4666080000000 1.0
C      1  0.4331720000000  0.4513300000000  0.4666080000000 1.0
C      1  0.4513300000000  0.5333920000000  0.4331720000000 1.0
C      1  0.5333920000000  0.5668280000000  0.5486700000000 1.0
C      1  0.5668280000000  0.4513300000000  0.4666080000000 1.0
C      1  0.5486700000000  0.4666080000000  0.4331720000000 1.0
C      1  0.4513300000000  0.4666080000000  0.5668280000000 1.0
C      1  0.5486700000000  0.5333920000000  0.5668280000000 1.0
C      1  0.4666080000000  0.4331720000000  0.5486700000000 1.0
C      1  0.5333920000000  0.4331720000000  0.4513300000000 1.0
C      1  0.4666080000000  0.5668280000000  0.4513300000000 1.0
C      1  0.4331720000000  0.5486700000000  0.4666080000000 1.0
C      1  0.5668280000000  0.5486700000000  0.5333920000000 1.0
C      1  0.4331720000000  0.4513300000000  0.5333920000000 1.0
C      1  0.4869880000000  0.5823200000000  0.5557690000000 1.0
C      1  0.5823200000000  0.5557690000000  0.4869880000000 1.0
C      1  0.5557690000000  0.4869880000000  0.5823200000000 1.0
C      1  0.5130120000000  0.4176800000000  0.5557690000000 1.0
C      1  0.4869880000000  0.4176800000000  0.4442310000000 1.0
C      1  0.5130120000000  0.5823200000000  0.4442310000000 1.0
C      1  0.4176800000000  0.4442310000000  0.4869880000000 1.0
C      1  0.5823200000000  0.4442310000000  0.5130120000000 1.0
C      1  0.4176800000000  0.5557690000000  0.5130120000000 1.0
C      1  0.4442310000000  0.5130120000000  0.5823200000000 1.0
C      1  0.5557690000000  0.5130120000000  0.4176800000000 1.0
C      1  0.4442310000000  0.4869880000000  0.4176800000000 1.0
C      1  0.4869880000000  0.5823200000000  0.4442310000000 1.0
C      1  0.5823200000000  0.5557690000000  0.5130120000000 1.0
C      1  0.5557690000000  0.4869880000000  0.4176800000000 1.0
C      1  0.5130120000000  0.4176800000000  0.4442310000000 1.0
C      1  0.4869880000000  0.4176800000000  0.5557690000000 1.0
C      1  0.5130120000000  0.5823200000000  0.5557690000000 1.0
C      1  0.4176800000000  0.4442310000000  0.5130120000000 1.0
C      1  0.5823200000000  0.4442310000000  0.4869880000000 1.0
C      1  0.4176800000000  0.5557690000000  0.4869880000000 1.0
C      1  0.4442310000000  0.5130120000000  0.4176800000000 1.0
C      1  0.5557690000000  0.5130120000000  0.5823200000000 1.0
C      1  0.4442310000000  0.4869880000000  0.5823200000000 1.0
C      1  0.4870590000000  0.5445490000000  0.5537520000000 1.0
C      1  0.5445490000000  0.5537520000000  0.4870590000000 1.0
C      1  0.5537520000000  0.4870590000000  0.5445490000000 1.0
C      1  0.5129410000000  0.4554510000000  0.5537520000000 1.0
C      1  0.4870590000000  0.4554510000000  0.4462480000000 1.0
C      1  0.5129410000000  0.5445490000000  0.4462480000000 1.0
C      1  0.4554510000000  0.4462480000000  0.4870590000000 1.0
C      1  0.5445490000000  0.4462480000000  0.5129410000000 1.0
C      1  0.4554510000000  0.5537520000000  0.5129410000000 1.0
C      1  0.4462480000000  0.5129410000000  0.5445490000000 1.0
C      1  0.5537520000000  0.5129410000000  0.4554510000000 1.0
C      1  0.4462480000000  0.4870590000000  0.4554510000000 1.0
C      1  0.4870590000000  0.5445490000000  0.4462480000000 1.0
C      1  0.5445490000000  0.5537520000000  0.5129410000000 1.0
C      1  0.5537520000000  0.4870590000000  0.4554510000000 1.0
C      1  0.5129410000000  0.4554510000000  0.4462480000000 1.0
C      1  0.4870590000000  0.4554510000000  0.5537520000000 1.0
C      1  0.5129410000000  0.5445490000000  0.5537520000000 1.0
C      1  0.4554510000000  0.4462480000000  0.5129410000000 1.0
C      1  0.5445490000000  0.4462480000000  0.4870590000000 1.0
C      1  0.4554510000000  0.5537520000000  0.4870590000000 1.0
C      1  0.4462480000000  0.5129410000000  0.4554510000000 1.0
C      1  0.5537520000000  0.5129410000000  0.5445490000000 1.0
C      1  0.4462480000000  0.4870590000000  0.5445490000000 1.0
C      1  0.5443950000000  0.4796910000000  0.5135120000000 1.0
C      1  0.4796910000000  0.5135120000000  0.5443950000000 1.0
C      1  0.5135120000000  0.5443950000000  0.4796910000000 1.0
C      1  0.4556050000000  0.5203090000000  0.5135120000000 1.0
C      1  0.5443950000000  0.5203090000000  0.4864880000000 1.0
C      1  0.4556050000000  0.4796910000000  0.4864880000000 1.0
C      1  0.5203090000000  0.4864880000000  0.5443950000000 1.0
C      1  0.4796910000000  0.4864880000000  0.4556050000000 1.0
C      1  0.5203090000000  0.5135120000000  0.4556050000000 1.0
C      1  0.4864880000000  0.4556050000000  0.4796910000000 1.0
C      1  0.5135120000000  0.4556050000000  0.5203090000000 1.0
C      1  0.4864880000000  0.5443950000000  0.5203090000000 1.0
C      1  0.5443950000000  0.4796910000000  0.4864880000000 1.0
C      1  0.4796910000000  0.5135120000000  0.4556050000000 1.0
C      1  0.5135120000000  0.5443950000000  0.5203090000000 1.0
C      1  0.4556050000000  0.5203090000000  0.4864880000000 1.0
C      1  0.5443950000000  0.5203090000000  0.5135120000000 1.0
C      1  0.4556050000000  0.4796910000000  0.5135120000000 1.0
C      1  0.5203090000000  0.4864880000000  0.4556050000000 1.0
C      1  0.4796910000000  0.4864880000000  0.5443950000000 1.0
C      1  0.5203090000000  0.5135120000000  0.5443950000000 1.0
C      1  0.4864880000000  0.4556050000000  0.5203090000000 1.0
C      1  0.5135120000000  0.4556050000000  0.4796910000000 1.0
C      1  0.4864880000000  0.5443950000000  0.4796910000000 1.0
C      1  0.4882290000000  0.4254830000000  0.4864660000000 1.0
C      1  0.4254830000000  0.4864660000000  0.4882290000000 1.0
C      1  0.4864660000000  0.4882290000000  0.4254830000000 1.0
C      1  0.5117710000000  0.5745170000000  0.4864660000000 1.0
C      1  0.4882290000000  0.5745170000000  0.5135340000000 1.0
C      1  0.5117710000000  0.4254830000000  0.5135340000000 1.0
C      1  0.5745170000000  0.5135340000000  0.4882290000000 1.0
C      1  0.4254830000000  0.5135340000000  0.5117710000000 1.0
C      1  0.5745170000000  0.4864660000000  0.5117710000000 1.0
C      1  0.5135340000000  0.5117710000000  0.4254830000000 1.0
C      1  0.4864660000000  0.5117710000000  0.5745170000000 1.0
C      1  0.5135340000000  0.4882290000000  0.5745170000000 1.0
C      1  0.4882290000000  0.4254830000000  0.5135340000000 1.0
C      1  0.4254830000000  0.4864660000000  0.5117710000000 1.0
C      1  0.4864660000000  0.4882290000000  0.5745170000000 1.0
C      1  0.5117710000000  0.5745170000000  0.5135340000000 1.0
C      1  0.4882290000000  0.5745170000000  0.4864660000000 1.0
C      1  0.5117710000000  0.4254830000000  0.4864660000000 1.0
C      1  0.5745170000000  0.5135340000000  0.5117710000000 1.0
C      1  0.4254830000000  0.5135340000000  0.4882290000000 1.0
C      1  0.5745170000000  0.4864660000000  0.4882290000000 1.0
C      1  0.5135340000000  0.5117710000000  0.5745170000000 1.0
C      1  0.4864660000000  0.5117710000000  0.4254830000000 1.0
C      1  0.5135340000000  0.4882290000000  0.4254830000000 1.0
C      1  0.5000000000000  0.5131970000000  0.5284210000000 1.0
C      1  0.5000000000000  0.4868030000000  0.5284210000000 1.0
C      1  0.5000000000000  0.4868030000000  0.4715790000000 1.0
C      1  0.5000000000000  0.5131970000000  0.4715790000000 1.0
C      1  0.5131970000000  0.5284210000000  0.5000000000000 1.0
C      1  0.5284210000000  0.5000000000000  0.5131970000000 1.0
C      1  0.4868030000000  0.4715790000000  0.5000000000000 1.0
C      1  0.5131970000000  0.4715790000000  0.5000000000000 1.0
C      1  0.4868030000000  0.5284210000000  0.5000000000000 1.0
C      1  0.4715790000000  0.5000000000000  0.5131970000000 1.0
C      1  0.5284210000000  0.5000000000000  0.4868030000000 1.0
C      1  0.4715790000000  0.5000000000000  0.4868030000000 1.0
END
