TITL C-2441159-1093-589 0.642592794328406 125000 -6959.82091013326 0 0 156 (Th) n - 1
REM
REM in /home/bkarasulu/work/CARBON/AIRSS/Generating-Clusters/ReaxFF-fromJPCA2015/Units_Real/with-SteepDescent/Higher-Symm
REM
REM
REM
REM
REM
REM ./C.cell (1df0a924f5614ab8850e4351716899ee)
REM
REM compiler GCC version 9.2.1 20190827 (Red Hat 9.2.1-1)
REM options -cpp -mtune=generic -march=x86-64 -g -O0 -fpre-include=/usr/include/finclude/math-vector-fortran.h
REM seed -1906389236 56814434 -2059555698 -814478675 1315991826 1467757061 705631897 53502963 856554348 -160207128 1460242193 1429534057 805566573 1348663567 -1514460729 -235386051 39671589 1979777808 2078477903 -841507847 934541729 -1490433848 -1393450499 -2016607530 1862081369 1301063858 -1652374722 -1769329307 1500446677 96741017 1245948062 687129286 -2084163530
REM
CELL 1.54180   50.00000   50.00000   50.00000   90.00000   90.00000   90.00000
LATT -1
SFAC C  
C      1  0.4294460000000  0.4482030000000  0.4778390000000 1.0
C      1  0.4482030000000  0.4778390000000  0.4294460000000 1.0
C      1  0.4778390000000  0.4294460000000  0.4482030000000 1.0
C      1  0.5705540000000  0.5517970000000  0.4778390000000 1.0
C      1  0.4294460000000  0.5517970000000  0.5221610000000 1.0
C      1  0.5705540000000  0.4482030000000  0.5221610000000 1.0
C      1  0.5517970000000  0.5221610000000  0.4294460000000 1.0
C      1  0.4482030000000  0.5221610000000  0.5705540000000 1.0
C      1  0.5517970000000  0.4778390000000  0.5705540000000 1.0
C      1  0.5221610000000  0.5705540000000  0.4482030000000 1.0
C      1  0.4778390000000  0.5705540000000  0.5517970000000 1.0
C      1  0.5221610000000  0.4294460000000  0.5517970000000 1.0
C      1  0.4294460000000  0.4482030000000  0.5221610000000 1.0
C      1  0.4482030000000  0.4778390000000  0.5705540000000 1.0
C      1  0.4778390000000  0.4294460000000  0.5517970000000 1.0
C      1  0.5705540000000  0.5517970000000  0.5221610000000 1.0
C      1  0.4294460000000  0.5517970000000  0.4778390000000 1.0
C      1  0.5705540000000  0.4482030000000  0.4778390000000 1.0
C      1  0.5517970000000  0.5221610000000  0.5705540000000 1.0
C      1  0.4482030000000  0.5221610000000  0.4294460000000 1.0
C      1  0.5517970000000  0.4778390000000  0.4294460000000 1.0
C      1  0.5221610000000  0.5705540000000  0.5517970000000 1.0
C      1  0.4778390000000  0.5705540000000  0.4482030000000 1.0
C      1  0.5221610000000  0.4294460000000  0.4482030000000 1.0
C      1  0.4882540000000  0.5129470000000  0.4611490000000 1.0
C      1  0.5129470000000  0.4611490000000  0.4882540000000 1.0
C      1  0.4611490000000  0.4882540000000  0.5129470000000 1.0
C      1  0.5117460000000  0.4870530000000  0.4611490000000 1.0
C      1  0.4882540000000  0.4870530000000  0.5388510000000 1.0
C      1  0.5117460000000  0.5129470000000  0.5388510000000 1.0
C      1  0.4870530000000  0.5388510000000  0.4882540000000 1.0
C      1  0.5129470000000  0.5388510000000  0.5117460000000 1.0
C      1  0.4870530000000  0.4611490000000  0.5117460000000 1.0
C      1  0.5388510000000  0.5117460000000  0.5129470000000 1.0
C      1  0.4611490000000  0.5117460000000  0.4870530000000 1.0
C      1  0.5388510000000  0.4882540000000  0.4870530000000 1.0
C      1  0.4882540000000  0.5129470000000  0.5388510000000 1.0
C      1  0.5129470000000  0.4611490000000  0.5117460000000 1.0
C      1  0.4611490000000  0.4882540000000  0.4870530000000 1.0
C      1  0.5117460000000  0.4870530000000  0.5388510000000 1.0
C      1  0.4882540000000  0.4870530000000  0.4611490000000 1.0
C      1  0.5117460000000  0.5129470000000  0.4611490000000 1.0
C      1  0.4870530000000  0.5388510000000  0.5117460000000 1.0
C      1  0.5129470000000  0.5388510000000  0.4882540000000 1.0
C      1  0.4870530000000  0.4611490000000  0.4882540000000 1.0
C      1  0.5388510000000  0.5117460000000  0.4870530000000 1.0
C      1  0.4611490000000  0.5117460000000  0.5129470000000 1.0
C      1  0.5388510000000  0.4882540000000  0.5129470000000 1.0
C      1  0.4148980000000  0.4683970000000  0.5405840000000 1.0
C      1  0.4683970000000  0.5405840000000  0.4148980000000 1.0
C      1  0.5405840000000  0.4148980000000  0.4683970000000 1.0
C      1  0.5851020000000  0.5316030000000  0.5405840000000 1.0
C      1  0.4148980000000  0.5316030000000  0.4594160000000 1.0
C      1  0.5851020000000  0.4683970000000  0.4594160000000 1.0
C      1  0.5316030000000  0.4594160000000  0.4148980000000 1.0
C      1  0.4683970000000  0.4594160000000  0.5851020000000 1.0
C      1  0.5316030000000  0.5405840000000  0.5851020000000 1.0
C      1  0.4594160000000  0.5851020000000  0.4683970000000 1.0
C      1  0.5405840000000  0.5851020000000  0.5316030000000 1.0
C      1  0.4594160000000  0.4148980000000  0.5316030000000 1.0
C      1  0.4148980000000  0.4683970000000  0.4594160000000 1.0
C      1  0.4683970000000  0.5405840000000  0.5851020000000 1.0
C      1  0.5405840000000  0.4148980000000  0.5316030000000 1.0
C      1  0.5851020000000  0.5316030000000  0.4594160000000 1.0
C      1  0.4148980000000  0.5316030000000  0.5405840000000 1.0
C      1  0.5851020000000  0.4683970000000  0.5405840000000 1.0
C      1  0.5316030000000  0.4594160000000  0.5851020000000 1.0
C      1  0.4683970000000  0.4594160000000  0.4148980000000 1.0
C      1  0.5316030000000  0.5405840000000  0.4148980000000 1.0
C      1  0.4594160000000  0.5851020000000  0.5316030000000 1.0
C      1  0.5405840000000  0.5851020000000  0.4683970000000 1.0
C      1  0.4594160000000  0.4148980000000  0.4683970000000 1.0
C      1  0.4735680000000  0.4559670000000  0.4559580000000 1.0
C      1  0.4559670000000  0.4559580000000  0.4735680000000 1.0
C      1  0.4559580000000  0.4735680000000  0.4559670000000 1.0
C      1  0.5264320000000  0.5440330000000  0.4559580000000 1.0
C      1  0.4735680000000  0.5440330000000  0.5440420000000 1.0
C      1  0.5264320000000  0.4559670000000  0.5440420000000 1.0
C      1  0.5440330000000  0.5440420000000  0.4735680000000 1.0
C      1  0.4559670000000  0.5440420000000  0.5264320000000 1.0
C      1  0.5440330000000  0.4559580000000  0.5264320000000 1.0
C      1  0.5440420000000  0.5264320000000  0.4559670000000 1.0
C      1  0.4559580000000  0.5264320000000  0.5440330000000 1.0
C      1  0.5440420000000  0.4735680000000  0.5440330000000 1.0
C      1  0.4735680000000  0.4559670000000  0.5440420000000 1.0
C      1  0.4559670000000  0.4559580000000  0.5264320000000 1.0
C      1  0.4559580000000  0.4735680000000  0.5440330000000 1.0
C      1  0.5264320000000  0.5440330000000  0.5440420000000 1.0
C      1  0.4735680000000  0.5440330000000  0.4559580000000 1.0
C      1  0.5264320000000  0.4559670000000  0.4559580000000 1.0
C      1  0.5440330000000  0.5440420000000  0.5264320000000 1.0
C      1  0.4559670000000  0.5440420000000  0.4735680000000 1.0
C      1  0.5440330000000  0.4559580000000  0.4735680000000 1.0
C      1  0.5440420000000  0.5264320000000  0.5440330000000 1.0
C      1  0.4559580000000  0.5264320000000  0.4559670000000 1.0
C      1  0.5440420000000  0.4735680000000  0.4559670000000 1.0
C      1  0.5146790000000  0.5634350000000  0.5788170000000 1.0
C      1  0.5634350000000  0.5788170000000  0.5146790000000 1.0
C      1  0.5788170000000  0.5146790000000  0.5634350000000 1.0
C      1  0.4853210000000  0.4365650000000  0.5788170000000 1.0
C      1  0.5146790000000  0.4365650000000  0.4211830000000 1.0
C      1  0.4853210000000  0.5634350000000  0.4211830000000 1.0
C      1  0.4365650000000  0.4211830000000  0.5146790000000 1.0
C      1  0.5634350000000  0.4211830000000  0.4853210000000 1.0
C      1  0.4365650000000  0.5788170000000  0.4853210000000 1.0
C      1  0.4211830000000  0.4853210000000  0.5634350000000 1.0
C      1  0.5788170000000  0.4853210000000  0.4365650000000 1.0
C      1  0.4211830000000  0.5146790000000  0.4365650000000 1.0
C      1  0.5146790000000  0.5634350000000  0.4211830000000 1.0
C      1  0.5634350000000  0.5788170000000  0.4853210000000 1.0
C      1  0.5788170000000  0.5146790000000  0.4365650000000 1.0
C      1  0.4853210000000  0.4365650000000  0.4211830000000 1.0
C      1  0.5146790000000  0.4365650000000  0.5788170000000 1.0
C      1  0.4853210000000  0.5634350000000  0.5788170000000 1.0
C      1  0.4365650000000  0.4211830000000  0.4853210000000 1.0
C      1  0.5634350000000  0.4211830000000  0.5146790000000 1.0
C      1  0.4365650000000  0.5788170000000  0.5146790000000 1.0
C      1  0.4211830000000  0.4853210000000  0.4365650000000 1.0
C      1  0.5788170000000  0.4853210000000  0.5634350000000 1.0
C      1  0.4211830000000  0.5146790000000  0.5634350000000 1.0
C      1  0.4873740000000  0.4797790000000  0.4219790000000 1.0
C      1  0.4797790000000  0.4219790000000  0.4873740000000 1.0
C      1  0.4219790000000  0.4873740000000  0.4797790000000 1.0
C      1  0.5126260000000  0.5202210000000  0.4219790000000 1.0
C      1  0.4873740000000  0.5202210000000  0.5780210000000 1.0
C      1  0.5126260000000  0.4797790000000  0.5780210000000 1.0
C      1  0.5202210000000  0.5780210000000  0.4873740000000 1.0
C      1  0.4797790000000  0.5780210000000  0.5126260000000 1.0
C      1  0.5202210000000  0.4219790000000  0.5126260000000 1.0
C      1  0.5780210000000  0.5126260000000  0.4797790000000 1.0
C      1  0.4219790000000  0.5126260000000  0.5202210000000 1.0
C      1  0.5780210000000  0.4873740000000  0.5202210000000 1.0
C      1  0.4873740000000  0.4797790000000  0.5780210000000 1.0
C      1  0.4797790000000  0.4219790000000  0.5126260000000 1.0
C      1  0.4219790000000  0.4873740000000  0.5202210000000 1.0
C      1  0.5126260000000  0.5202210000000  0.5780210000000 1.0
C      1  0.4873740000000  0.5202210000000  0.4219790000000 1.0
C      1  0.5126260000000  0.4797790000000  0.4219790000000 1.0
C      1  0.5202210000000  0.5780210000000  0.5126260000000 1.0
C      1  0.4797790000000  0.5780210000000  0.4873740000000 1.0
C      1  0.5202210000000  0.4219790000000  0.4873740000000 1.0
C      1  0.5780210000000  0.5126260000000  0.5202210000000 1.0
C      1  0.4219790000000  0.5126260000000  0.4797790000000 1.0
C      1  0.5780210000000  0.4873740000000  0.4797790000000 1.0
C      1  0.5287410000000  0.5000000000000  0.5886240000000 1.0
C      1  0.5000000000000  0.5886240000000  0.5287410000000 1.0
C      1  0.5886240000000  0.5287410000000  0.5000000000000 1.0
C      1  0.4712590000000  0.5000000000000  0.5886240000000 1.0
C      1  0.5287410000000  0.5000000000000  0.4113760000000 1.0
C      1  0.5000000000000  0.4113760000000  0.5287410000000 1.0
C      1  0.4113760000000  0.4712590000000  0.5000000000000 1.0
C      1  0.5886240000000  0.4712590000000  0.5000000000000 1.0
C      1  0.4113760000000  0.5287410000000  0.5000000000000 1.0
C      1  0.5000000000000  0.5886240000000  0.4712590000000 1.0
C      1  0.4712590000000  0.5000000000000  0.4113760000000 1.0
C      1  0.5000000000000  0.4113760000000  0.4712590000000 1.0
END
