TITL C-2441157-2117-743 -1.39129436406861e-06 125000 -9891.21315000705 0 0 60 (Ih) n - 1
REM
REM in /home/bkarasulu/work/CARBON/AIRSS/Generating-Clusters/ReaxFF-fromJPCA2015/Units_Real/with-SteepDescent/Higher-Symm
REM
REM
REM
REM
REM
REM ./C.cell (1df0a924f5614ab8850e4351716899ee)
REM
REM compiler GCC version 9.2.1 20190827 (Red Hat 9.2.1-1)
REM options -cpp -mtune=generic -march=x86-64 -g -O0 -fpre-include=/usr/include/finclude/math-vector-fortran.h
REM seed 640510308 -940697537 -57022144 608335080 1224123577 -1551332160 -907825848 488791000 -170194394 723629987 -409815291 -696137670 -1755075649 1344075777 -849560533 1792566004 -506259014 -1459881930 -1846164087 531630664 138773191 1618617045 1147276986 -1291237598 1363886373 -1072467428 -470244616 -1236688827 1750363245 -635135923 -2064381375 -1148496110 -995545981
REM
CELL 1.54180   50.00000   50.00000   50.00000   90.00000   90.00000   90.00000
LATT -1
SFAC C  
C      1  0.4535950000000  0.5519260000000  0.5143670000000 1.0
C      1  0.5519260000000  0.5143670000000  0.4535950000000 1.0
C      1  0.5143670000000  0.4535950000000  0.5519260000000 1.0
C      1  0.5464050000000  0.4480740000000  0.5143670000000 1.0
C      1  0.4535950000000  0.4480740000000  0.4856330000000 1.0
C      1  0.5464050000000  0.5519260000000  0.4856330000000 1.0
C      1  0.4480740000000  0.4856330000000  0.4535950000000 1.0
C      1  0.5519260000000  0.4856330000000  0.5464050000000 1.0
C      1  0.4480740000000  0.5143670000000  0.5464050000000 1.0
C      1  0.4856330000000  0.5464050000000  0.5519260000000 1.0
C      1  0.5143670000000  0.5464050000000  0.4480740000000 1.0
C      1  0.4856330000000  0.4535950000000  0.4480740000000 1.0
C      1  0.4535950000000  0.5519260000000  0.4856330000000 1.0
C      1  0.5519260000000  0.5143670000000  0.5464050000000 1.0
C      1  0.5143670000000  0.4535950000000  0.4480740000000 1.0
C      1  0.5464050000000  0.4480740000000  0.4856330000000 1.0
C      1  0.4535950000000  0.4480740000000  0.5143670000000 1.0
C      1  0.5464050000000  0.5519260000000  0.5143670000000 1.0
C      1  0.4480740000000  0.4856330000000  0.5464050000000 1.0
C      1  0.5519260000000  0.4856330000000  0.4535950000000 1.0
C      1  0.4480740000000  0.5143670000000  0.4535950000000 1.0
C      1  0.4856330000000  0.5464050000000  0.4480740000000 1.0
C      1  0.5143670000000  0.5464050000000  0.5519260000000 1.0
C      1  0.4856330000000  0.4535950000000  0.5519260000000 1.0
C      1  0.5607710000000  0.4713200000000  0.5232460000000 1.0
C      1  0.4713200000000  0.5232460000000  0.5607710000000 1.0
C      1  0.5232460000000  0.5607710000000  0.4713200000000 1.0
C      1  0.4392290000000  0.5286800000000  0.5232460000000 1.0
C      1  0.5607710000000  0.5286800000000  0.4767540000000 1.0
C      1  0.4392290000000  0.4713200000000  0.4767540000000 1.0
C      1  0.5286800000000  0.4767540000000  0.5607710000000 1.0
C      1  0.4713200000000  0.4767540000000  0.4392290000000 1.0
C      1  0.5286800000000  0.5232460000000  0.4392290000000 1.0
C      1  0.4767540000000  0.4392290000000  0.4713200000000 1.0
C      1  0.5232460000000  0.4392290000000  0.5286800000000 1.0
C      1  0.4767540000000  0.5607710000000  0.5286800000000 1.0
C      1  0.5607710000000  0.4713200000000  0.4767540000000 1.0
C      1  0.4713200000000  0.5232460000000  0.4392290000000 1.0
C      1  0.5232460000000  0.5607710000000  0.5286800000000 1.0
C      1  0.4392290000000  0.5286800000000  0.4767540000000 1.0
C      1  0.5607710000000  0.5286800000000  0.5232460000000 1.0
C      1  0.4392290000000  0.4713200000000  0.5232460000000 1.0
C      1  0.5286800000000  0.4767540000000  0.4392290000000 1.0
C      1  0.4713200000000  0.4767540000000  0.5607710000000 1.0
C      1  0.5286800000000  0.5232460000000  0.5607710000000 1.0
C      1  0.4767540000000  0.4392290000000  0.5286800000000 1.0
C      1  0.5232460000000  0.4392290000000  0.4713200000000 1.0
C      1  0.4767540000000  0.5607710000000  0.4713200000000 1.0
C      1  0.4856870000000  0.5000000000000  0.5696510000000 1.0
C      1  0.5000000000000  0.5696510000000  0.4856870000000 1.0
C      1  0.5696510000000  0.4856870000000  0.5000000000000 1.0
C      1  0.5143130000000  0.5000000000000  0.5696510000000 1.0
C      1  0.4856870000000  0.5000000000000  0.4303490000000 1.0
C      1  0.5143130000000  0.5000000000000  0.4303490000000 1.0
C      1  0.5000000000000  0.4303490000000  0.4856870000000 1.0
C      1  0.5000000000000  0.4303490000000  0.5143130000000 1.0
C      1  0.5000000000000  0.5696510000000  0.5143130000000 1.0
C      1  0.4303490000000  0.5143130000000  0.5000000000000 1.0
C      1  0.5696510000000  0.5143130000000  0.5000000000000 1.0
C      1  0.4303490000000  0.4856870000000  0.5000000000000 1.0
END
