TITL C-2323483-8886-572 -5.17111919695793e-07 125000 -415.942885872526 0 0 60 (Ih) n - 1
REM
REM in /home/bkarasulu/CARBON/AIRSS/Generating-Clusters/LCBOP/Higher-Symm/Only-C60/SD-CG/FIRE-HFTN
REM
REM
REM
REM
REM
REM ./C.cell (50c204cfd26239f34c78669fe23a5462)
REM
REM compiler GCC version 9.2.1 20190827 (Red Hat 9.2.1-1)
REM options -cpp -mtune=generic -march=x86-64 -g -O0 -fpre-include=/usr/include/finclude/math-vector-fortran.h
REM seed -1846409743 1760760562 -1506331136 1697520244 1457142760 1398555832 -2001883791 -660046381 665420334 -1036294658 1657106976 -1937139815 -709858882 1794505556 586524041 939942538 1107004599 -1331365138 710806238 -1794901298 -2141738778 -1685557851 -1605824020 -2027615692 952375049 -83097992 -1236543059 336353563 -83704915 -181803310 -763891427 -933445123 1290754903
REM
CELL 1.54180   50.00000   50.00000   50.00000   90.00000   90.00000   90.00000
LATT -1
SFAC C  
C      1  0.4764080000000  0.5286850000000  0.5609930000000 1.0
C      1  0.5286850000000  0.5609930000000  0.4764080000000 1.0
C      1  0.5609930000000  0.4764080000000  0.5286850000000 1.0
C      1  0.5235920000000  0.4713150000000  0.5609930000000 1.0
C      1  0.4764080000000  0.4713150000000  0.4390070000000 1.0
C      1  0.5235920000000  0.5286850000000  0.4390070000000 1.0
C      1  0.4713150000000  0.4390070000000  0.4764080000000 1.0
C      1  0.5286850000000  0.4390070000000  0.5235920000000 1.0
C      1  0.4713150000000  0.5609930000000  0.5235920000000 1.0
C      1  0.4390070000000  0.5235920000000  0.5286850000000 1.0
C      1  0.5609930000000  0.5235920000000  0.4713150000000 1.0
C      1  0.4390070000000  0.4764080000000  0.4713150000000 1.0
C      1  0.4764080000000  0.5286850000000  0.4390070000000 1.0
C      1  0.5286850000000  0.5609930000000  0.5235920000000 1.0
C      1  0.5609930000000  0.4764080000000  0.4713150000000 1.0
C      1  0.5235920000000  0.4713150000000  0.4390070000000 1.0
C      1  0.4764080000000  0.4713150000000  0.5609930000000 1.0
C      1  0.5235920000000  0.5286850000000  0.5609930000000 1.0
C      1  0.4713150000000  0.4390070000000  0.5235920000000 1.0
C      1  0.5286850000000  0.4390070000000  0.4764080000000 1.0
C      1  0.4713150000000  0.5609930000000  0.4764080000000 1.0
C      1  0.4390070000000  0.5235920000000  0.4713150000000 1.0
C      1  0.5609930000000  0.5235920000000  0.5286850000000 1.0
C      1  0.4390070000000  0.4764080000000  0.5286850000000 1.0
C      1  0.5145800000000  0.4477230000000  0.4535870000000 1.0
C      1  0.4477230000000  0.4535870000000  0.5145800000000 1.0
C      1  0.4535870000000  0.5145800000000  0.4477230000000 1.0
C      1  0.4854200000000  0.5522770000000  0.4535870000000 1.0
C      1  0.5145800000000  0.5522770000000  0.5464130000000 1.0
C      1  0.4854200000000  0.4477230000000  0.5464130000000 1.0
C      1  0.5522770000000  0.5464130000000  0.5145800000000 1.0
C      1  0.4477230000000  0.5464130000000  0.4854200000000 1.0
C      1  0.5522770000000  0.4535870000000  0.4854200000000 1.0
C      1  0.5464130000000  0.4854200000000  0.4477230000000 1.0
C      1  0.4535870000000  0.4854200000000  0.5522770000000 1.0
C      1  0.5464130000000  0.5145800000000  0.5522770000000 1.0
C      1  0.5145800000000  0.4477230000000  0.5464130000000 1.0
C      1  0.4477230000000  0.4535870000000  0.4854200000000 1.0
C      1  0.4535870000000  0.5145800000000  0.5522770000000 1.0
C      1  0.4854200000000  0.5522770000000  0.5464130000000 1.0
C      1  0.5145800000000  0.5522770000000  0.4535870000000 1.0
C      1  0.4854200000000  0.4477230000000  0.4535870000000 1.0
C      1  0.5522770000000  0.5464130000000  0.4854200000000 1.0
C      1  0.4477230000000  0.5464130000000  0.5145800000000 1.0
C      1  0.5522770000000  0.4535870000000  0.5145800000000 1.0
C      1  0.5464130000000  0.4854200000000  0.5522770000000 1.0
C      1  0.4535870000000  0.4854200000000  0.4477230000000 1.0
C      1  0.5464130000000  0.5145800000000  0.4477230000000 1.0
C      1  0.4299950000000  0.5000000000000  0.4858960000000 1.0
C      1  0.5000000000000  0.4858960000000  0.4299950000000 1.0
C      1  0.5700050000000  0.5000000000000  0.4858960000000 1.0
C      1  0.4299950000000  0.5000000000000  0.5141040000000 1.0
C      1  0.5700050000000  0.5000000000000  0.5141040000000 1.0
C      1  0.5000000000000  0.5141040000000  0.4299950000000 1.0
C      1  0.5000000000000  0.4858960000000  0.5700050000000 1.0
C      1  0.5000000000000  0.5141040000000  0.5700050000000 1.0
C      1  0.4858960000000  0.4299950000000  0.5000000000000 1.0
C      1  0.5141040000000  0.5700050000000  0.5000000000000 1.0
C      1  0.4858960000000  0.5700050000000  0.5000000000000 1.0
C      1  0.5141040000000  0.4299950000000  0.5000000000000 1.0
END
