TITL C-2323478-8180-475 -2.87320068248952e-07 125000 -415.942885872526 0 0 60 (Ih) n - 1
REM
REM in /home/bkarasulu/CARBON/AIRSS/Generating-Clusters/LCBOP/Higher-Symm/Only-C60/SD-CG/FIRE-HFTN
REM
REM
REM
REM
REM
REM ./C.cell (50c204cfd26239f34c78669fe23a5462)
REM
REM compiler GCC version 9.2.1 20190827 (Red Hat 9.2.1-1)
REM options -cpp -mtune=generic -march=x86-64 -g -O0 -fpre-include=/usr/include/finclude/math-vector-fortran.h
REM seed 516028170 502199138 -464560626 149113149 184707183 -223429265 1720910667 -136727874 -207396632 -1073833057 -1522054462 -1949179535 -530844961 1550386169 -778029773 1263717179 1067937239 -772954796 -97300853 -1405855363 -1326540669 133514403 -1967797805 1848202247 987529080 -2043474927 786559731 -1867875805 2068567712 1930829094 -986665330 -2062287101 -2055293546
REM
CELL 1.54180   50.00000   50.00000   50.00000   90.00000   90.00000   90.00000
LATT -1
SFAC C  
C      1  0.5609930000000  0.4764080000000  0.5286850000000 1.0
C      1  0.4764080000000  0.5286850000000  0.5609930000000 1.0
C      1  0.5286850000000  0.5609930000000  0.4764080000000 1.0
C      1  0.4390070000000  0.5235920000000  0.5286850000000 1.0
C      1  0.5609930000000  0.5235920000000  0.4713150000000 1.0
C      1  0.4390070000000  0.4764080000000  0.4713150000000 1.0
C      1  0.5235920000000  0.4713150000000  0.5609930000000 1.0
C      1  0.4764080000000  0.4713150000000  0.4390070000000 1.0
C      1  0.5235920000000  0.5286850000000  0.4390070000000 1.0
C      1  0.4713150000000  0.4390070000000  0.4764080000000 1.0
C      1  0.5286850000000  0.4390070000000  0.5235920000000 1.0
C      1  0.4713150000000  0.5609930000000  0.5235920000000 1.0
C      1  0.5609930000000  0.4764080000000  0.4713150000000 1.0
C      1  0.4764080000000  0.5286850000000  0.4390070000000 1.0
C      1  0.5286850000000  0.5609930000000  0.5235920000000 1.0
C      1  0.4390070000000  0.5235920000000  0.4713150000000 1.0
C      1  0.5609930000000  0.5235920000000  0.5286850000000 1.0
C      1  0.4390070000000  0.4764080000000  0.5286850000000 1.0
C      1  0.5235920000000  0.4713150000000  0.4390070000000 1.0
C      1  0.4764080000000  0.4713150000000  0.5609930000000 1.0
C      1  0.5235920000000  0.5286850000000  0.5609930000000 1.0
C      1  0.4713150000000  0.4390070000000  0.5235920000000 1.0
C      1  0.5286850000000  0.4390070000000  0.4764080000000 1.0
C      1  0.4713150000000  0.5609930000000  0.4764080000000 1.0
C      1  0.4535870000000  0.5145800000000  0.4477230000000 1.0
C      1  0.5145800000000  0.4477230000000  0.4535870000000 1.0
C      1  0.4477230000000  0.4535870000000  0.5145800000000 1.0
C      1  0.5464130000000  0.4854200000000  0.4477230000000 1.0
C      1  0.4535870000000  0.4854200000000  0.5522770000000 1.0
C      1  0.5464130000000  0.5145800000000  0.5522770000000 1.0
C      1  0.4854200000000  0.5522770000000  0.4535870000000 1.0
C      1  0.5145800000000  0.5522770000000  0.5464130000000 1.0
C      1  0.4854200000000  0.4477230000000  0.5464130000000 1.0
C      1  0.5522770000000  0.5464130000000  0.5145800000000 1.0
C      1  0.4477230000000  0.5464130000000  0.4854200000000 1.0
C      1  0.5522770000000  0.4535870000000  0.4854200000000 1.0
C      1  0.4535870000000  0.5145800000000  0.5522770000000 1.0
C      1  0.5145800000000  0.4477230000000  0.5464130000000 1.0
C      1  0.4477230000000  0.4535870000000  0.4854200000000 1.0
C      1  0.5464130000000  0.4854200000000  0.5522770000000 1.0
C      1  0.4535870000000  0.4854200000000  0.4477230000000 1.0
C      1  0.5464130000000  0.5145800000000  0.4477230000000 1.0
C      1  0.4854200000000  0.5522770000000  0.5464130000000 1.0
C      1  0.5145800000000  0.5522770000000  0.4535870000000 1.0
C      1  0.4854200000000  0.4477230000000  0.4535870000000 1.0
C      1  0.5522770000000  0.5464130000000  0.4854200000000 1.0
C      1  0.4477230000000  0.5464130000000  0.5145800000000 1.0
C      1  0.5522770000000  0.4535870000000  0.5145800000000 1.0
C      1  0.5141040000000  0.5700050000000  0.5000000000000 1.0
C      1  0.5700050000000  0.5000000000000  0.5141040000000 1.0
C      1  0.5000000000000  0.5141040000000  0.5700050000000 1.0
C      1  0.4858960000000  0.4299950000000  0.5000000000000 1.0
C      1  0.5141040000000  0.4299950000000  0.5000000000000 1.0
C      1  0.4858960000000  0.5700050000000  0.5000000000000 1.0
C      1  0.4299950000000  0.5000000000000  0.5141040000000 1.0
C      1  0.5700050000000  0.5000000000000  0.4858960000000 1.0
C      1  0.4299950000000  0.5000000000000  0.4858960000000 1.0
C      1  0.5000000000000  0.4858960000000  0.5700050000000 1.0
C      1  0.5000000000000  0.4858960000000  0.4299950000000 1.0
C      1  0.5000000000000  0.5141040000000  0.4299950000000 1.0
END
