TITL C-862128-1543-1433 2.52707843152133e-06 125000 -610.004911526874 0 0 108 (Th) n - 1
REM
REM in /home/nfs/bkarasulu/CARBON/AIRSS/Generating-Clusters/TERSOFF/Higher-Symm/FIRE-HFTN
REM
REM
REM
REM
REM
REM ./C.cell (b20cbc046b6831c77cfcea5457e17084)
REM AIRSS Version 0.9.1 bugfix July 2018 build 013d7b7c2542+ Fri, 06 Jul 2018 19:26:36 +0100
REM compiler GCC version 9.2.1 20190827 (Red Hat 9.2.1-1)
REM options -cpp -mtune=generic -march=x86-64 -g -O0 -fpre-include=/usr/include/finclude/math-vector-fortran.h
REM seed 488061871 -849757057 -1799013464 233612857 1637378912 1840856737 507603271 509862662 -833655749 -384514217 -1005279105 1742332809 -2031738235 1313966698 548824538 -1117838847 825128258 144054960 -1198870401 338962341 1052629805 1682337621 -53529883 -93204459 1875489148 1936461024 999661576 -256523188 -586968058 1902182899 922599663 539356892 -1131515573
REM
CELL 1.54180   50.00000   50.00000   50.00000   90.00000   90.00000   90.00000
LATT -1
SFAC C  
C      1  0.4246220000000  0.5285360000000  0.5607880000000 1.0
C      1  0.5285360000000  0.5607880000000  0.4246220000000 1.0
C      1  0.5607880000000  0.4246220000000  0.5285360000000 1.0
C      1  0.5753780000000  0.4714640000000  0.5607880000000 1.0
C      1  0.4246220000000  0.4714640000000  0.4392120000000 1.0
C      1  0.5753780000000  0.5285360000000  0.4392120000000 1.0
C      1  0.4714640000000  0.4392120000000  0.4246220000000 1.0
C      1  0.5285360000000  0.4392120000000  0.5753780000000 1.0
C      1  0.4714640000000  0.5607880000000  0.5753780000000 1.0
C      1  0.4392120000000  0.5753780000000  0.5285360000000 1.0
C      1  0.5607880000000  0.5753780000000  0.4714640000000 1.0
C      1  0.4392120000000  0.4246220000000  0.4714640000000 1.0
C      1  0.4246220000000  0.5285360000000  0.4392120000000 1.0
C      1  0.5285360000000  0.5607880000000  0.5753780000000 1.0
C      1  0.5607880000000  0.4246220000000  0.4714640000000 1.0
C      1  0.5753780000000  0.4714640000000  0.4392120000000 1.0
C      1  0.4246220000000  0.4714640000000  0.5607880000000 1.0
C      1  0.5753780000000  0.5285360000000  0.5607880000000 1.0
C      1  0.4714640000000  0.4392120000000  0.5753780000000 1.0
C      1  0.5285360000000  0.4392120000000  0.4246220000000 1.0
C      1  0.4714640000000  0.5607880000000  0.4246220000000 1.0
C      1  0.4392120000000  0.5753780000000  0.4714640000000 1.0
C      1  0.5607880000000  0.5753780000000  0.5285360000000 1.0
C      1  0.4392120000000  0.4246220000000  0.5285360000000 1.0
C      1  0.4724030000000  0.5315230000000  0.4200620000000 1.0
C      1  0.5315230000000  0.4200620000000  0.4724030000000 1.0
C      1  0.4200620000000  0.4724030000000  0.5315230000000 1.0
C      1  0.5275970000000  0.4684770000000  0.4200620000000 1.0
C      1  0.4724030000000  0.4684770000000  0.5799380000000 1.0
C      1  0.5275970000000  0.5315230000000  0.5799380000000 1.0
C      1  0.4684770000000  0.5799380000000  0.4724030000000 1.0
C      1  0.5315230000000  0.5799380000000  0.5275970000000 1.0
C      1  0.4684770000000  0.4200620000000  0.5275970000000 1.0
C      1  0.5799380000000  0.5275970000000  0.5315230000000 1.0
C      1  0.4200620000000  0.5275970000000  0.4684770000000 1.0
C      1  0.5799380000000  0.4724030000000  0.4684770000000 1.0
C      1  0.4724030000000  0.5315230000000  0.5799380000000 1.0
C      1  0.5315230000000  0.4200620000000  0.5275970000000 1.0
C      1  0.4200620000000  0.4724030000000  0.4684770000000 1.0
C      1  0.5275970000000  0.4684770000000  0.5799380000000 1.0
C      1  0.4724030000000  0.4684770000000  0.4200620000000 1.0
C      1  0.5275970000000  0.5315230000000  0.4200620000000 1.0
C      1  0.4684770000000  0.5799380000000  0.5275970000000 1.0
C      1  0.5315230000000  0.5799380000000  0.4724030000000 1.0
C      1  0.4684770000000  0.4200620000000  0.4724030000000 1.0
C      1  0.5799380000000  0.5275970000000  0.4684770000000 1.0
C      1  0.4200620000000  0.5275970000000  0.5315230000000 1.0
C      1  0.5799380000000  0.4724030000000  0.5315230000000 1.0
C      1  0.4847200000000  0.4252730000000  0.5527170000000 1.0
C      1  0.4252730000000  0.5527170000000  0.4847200000000 1.0
C      1  0.5527170000000  0.4847200000000  0.4252730000000 1.0
C      1  0.5152800000000  0.5747270000000  0.5527170000000 1.0
C      1  0.4847200000000  0.5747270000000  0.4472830000000 1.0
C      1  0.5152800000000  0.4252730000000  0.4472830000000 1.0
C      1  0.5747270000000  0.4472830000000  0.4847200000000 1.0
C      1  0.4252730000000  0.4472830000000  0.5152800000000 1.0
C      1  0.5747270000000  0.5527170000000  0.5152800000000 1.0
C      1  0.4472830000000  0.5152800000000  0.4252730000000 1.0
C      1  0.5527170000000  0.5152800000000  0.5747270000000 1.0
C      1  0.4472830000000  0.4847200000000  0.5747270000000 1.0
C      1  0.4847200000000  0.4252730000000  0.4472830000000 1.0
C      1  0.4252730000000  0.5527170000000  0.5152800000000 1.0
C      1  0.5527170000000  0.4847200000000  0.5747270000000 1.0
C      1  0.5152800000000  0.5747270000000  0.4472830000000 1.0
C      1  0.4847200000000  0.5747270000000  0.5527170000000 1.0
C      1  0.5152800000000  0.4252730000000  0.5527170000000 1.0
C      1  0.5747270000000  0.4472830000000  0.5152800000000 1.0
C      1  0.4252730000000  0.4472830000000  0.4847200000000 1.0
C      1  0.5747270000000  0.5527170000000  0.4847200000000 1.0
C      1  0.4472830000000  0.5152800000000  0.5747270000000 1.0
C      1  0.5527170000000  0.5152800000000  0.4252730000000 1.0
C      1  0.4472830000000  0.4847200000000  0.4252730000000 1.0
C      1  0.5418690000000  0.5208960000000  0.5152990000000 1.0
C      1  0.5208960000000  0.5152990000000  0.5418690000000 1.0
C      1  0.5152990000000  0.5418690000000  0.5208960000000 1.0
C      1  0.4581310000000  0.4791040000000  0.5152990000000 1.0
C      1  0.5418690000000  0.4791040000000  0.4847010000000 1.0
C      1  0.4581310000000  0.5208960000000  0.4847010000000 1.0
C      1  0.4791040000000  0.4847010000000  0.5418690000000 1.0
C      1  0.5208960000000  0.4847010000000  0.4581310000000 1.0
C      1  0.4791040000000  0.5152990000000  0.4581310000000 1.0
C      1  0.4847010000000  0.4581310000000  0.5208960000000 1.0
C      1  0.5152990000000  0.4581310000000  0.4791040000000 1.0
C      1  0.4847010000000  0.5418690000000  0.4791040000000 1.0
C      1  0.5418690000000  0.5208960000000  0.4847010000000 1.0
C      1  0.5208960000000  0.5152990000000  0.4581310000000 1.0
C      1  0.5152990000000  0.5418690000000  0.4791040000000 1.0
C      1  0.4581310000000  0.4791040000000  0.4847010000000 1.0
C      1  0.5418690000000  0.4791040000000  0.5152990000000 1.0
C      1  0.4581310000000  0.5208960000000  0.5152990000000 1.0
C      1  0.4791040000000  0.4847010000000  0.4581310000000 1.0
C      1  0.5208960000000  0.4847010000000  0.5418690000000 1.0
C      1  0.4791040000000  0.5152990000000  0.5418690000000 1.0
C      1  0.4847010000000  0.4581310000000  0.4791040000000 1.0
C      1  0.5152990000000  0.4581310000000  0.5208960000000 1.0
C      1  0.4847010000000  0.5418690000000  0.5208960000000 1.0
C      1  0.5711770000000  0.5000000000000  0.5176660000000 1.0
C      1  0.5176660000000  0.4288230000000  0.5000000000000 1.0
C      1  0.4823340000000  0.5711770000000  0.5000000000000 1.0
C      1  0.4288230000000  0.5000000000000  0.5176660000000 1.0
C      1  0.5711770000000  0.5000000000000  0.4823340000000 1.0
C      1  0.4288230000000  0.5000000000000  0.4823340000000 1.0
C      1  0.5000000000000  0.5176660000000  0.5711770000000 1.0
C      1  0.5176660000000  0.5711770000000  0.5000000000000 1.0
C      1  0.5000000000000  0.4823340000000  0.5711770000000 1.0
C      1  0.5000000000000  0.4823340000000  0.4288230000000 1.0
C      1  0.5000000000000  0.5176660000000  0.4288230000000 1.0
C      1  0.4823340000000  0.4288230000000  0.5000000000000 1.0
END
