TITL C-2158984-8299-608 -0.00158499419316727 3375 -355.636434873605 0 0 60 (Th) n - 1
REM
REM in /scratch/bkarasulu/869
REM
REM
REM
REM
REM
REM ./C.cell (a2850807a9bf4ad07a5b6933b78d9264)
REM AIRSS Version 0.9.1 bugfix July 2018 build 013d7b7c2542+ Fri, 06 Jul 2018 19:26:36 +0100
REM compiler GCC version 9.2.1 20190827 (Red Hat 9.2.1-1)
REM options -cpp -mtune=generic -march=x86-64 -g -O0 -fpre-include=/usr/include/finclude/math-vector-fortran.h
REM seed -1389623581 -420313590 1073841366 1198662009 -1070435395 628316108 176726971 2052268052 652476764 -1825151514 -1172365350 1778176855 -1250870930 -982406413 -142964133 1715159731 -981657205 -1548908509 -1128729278 -1197289543 1744578371 -748787457 -1754157180 281056700 -1105512504 2142441437 -468612281 835972455 290880076 -288214455 -223408023 -351996232 -1274103977
REM
CELL 1.54180   15.00000   15.00000   15.00000   90.00000   90.00000   90.00000
LATT -1
SFAC C  
C      1  0.5993680000000  0.5518030000000  0.2964430000000 1.0
C      1  0.5518030000000  0.2964430000000  0.5993680000000 1.0
C      1  0.2964430000000  0.5993680000000  0.5518030000000 1.0
C      1  0.4006320000000  0.4481970000000  0.2964430000000 1.0
C      1  0.5993680000000  0.4481970000000  0.7035570000000 1.0
C      1  0.4006320000000  0.5518030000000  0.7035570000000 1.0
C      1  0.4481970000000  0.7035570000000  0.5993680000000 1.0
C      1  0.5518030000000  0.7035570000000  0.4006320000000 1.0
C      1  0.4481970000000  0.2964430000000  0.4006320000000 1.0
C      1  0.7035570000000  0.4006320000000  0.5518030000000 1.0
C      1  0.2964430000000  0.4006320000000  0.4481970000000 1.0
C      1  0.7035570000000  0.5993680000000  0.4481970000000 1.0
C      1  0.5993680000000  0.5518030000000  0.7035570000000 1.0
C      1  0.5518030000000  0.2964430000000  0.4006320000000 1.0
C      1  0.2964430000000  0.5993680000000  0.4481970000000 1.0
C      1  0.4006320000000  0.4481970000000  0.7035570000000 1.0
C      1  0.5993680000000  0.4481970000000  0.2964430000000 1.0
C      1  0.4006320000000  0.5518030000000  0.2964430000000 1.0
C      1  0.4481970000000  0.7035570000000  0.4006320000000 1.0
C      1  0.5518030000000  0.7035570000000  0.5993680000000 1.0
C      1  0.4481970000000  0.2964430000000  0.5993680000000 1.0
C      1  0.7035570000000  0.4006320000000  0.4481970000000 1.0
C      1  0.2964430000000  0.4006320000000  0.5518030000000 1.0
C      1  0.7035570000000  0.5993680000000  0.5518030000000 1.0
C      1  0.4482760000000  0.6198920000000  0.5490460000000 1.0
C      1  0.6198920000000  0.5490460000000  0.4482760000000 1.0
C      1  0.5490460000000  0.4482760000000  0.6198920000000 1.0
C      1  0.5517240000000  0.3801080000000  0.5490460000000 1.0
C      1  0.4482760000000  0.3801080000000  0.4509540000000 1.0
C      1  0.5517240000000  0.6198920000000  0.4509540000000 1.0
C      1  0.3801080000000  0.4509540000000  0.4482760000000 1.0
C      1  0.6198920000000  0.4509540000000  0.5517240000000 1.0
C      1  0.3801080000000  0.5490460000000  0.5517240000000 1.0
C      1  0.4509540000000  0.5517240000000  0.6198920000000 1.0
C      1  0.5490460000000  0.5517240000000  0.3801080000000 1.0
C      1  0.4509540000000  0.4482760000000  0.3801080000000 1.0
C      1  0.4482760000000  0.6198920000000  0.4509540000000 1.0
C      1  0.6198920000000  0.5490460000000  0.5517240000000 1.0
C      1  0.5490460000000  0.4482760000000  0.3801080000000 1.0
C      1  0.5517240000000  0.3801080000000  0.4509540000000 1.0
C      1  0.4482760000000  0.3801080000000  0.5490460000000 1.0
C      1  0.5517240000000  0.6198920000000  0.5490460000000 1.0
C      1  0.3801080000000  0.4509540000000  0.5517240000000 1.0
C      1  0.6198920000000  0.4509540000000  0.4482760000000 1.0
C      1  0.3801080000000  0.5490460000000  0.4482760000000 1.0
C      1  0.4509540000000  0.5517240000000  0.3801080000000 1.0
C      1  0.5490460000000  0.5517240000000  0.6198920000000 1.0
C      1  0.4509540000000  0.4482760000000  0.6198920000000 1.0
C      1  0.3609460000000  0.5000000000000  0.2393110000000 1.0
C      1  0.5000000000000  0.2393110000000  0.3609460000000 1.0
C      1  0.2393110000000  0.3609460000000  0.5000000000000 1.0
C      1  0.6390540000000  0.5000000000000  0.2393110000000 1.0
C      1  0.3609460000000  0.5000000000000  0.7606890000000 1.0
C      1  0.6390540000000  0.5000000000000  0.7606890000000 1.0
C      1  0.5000000000000  0.7606890000000  0.3609460000000 1.0
C      1  0.5000000000000  0.7606890000000  0.6390540000000 1.0
C      1  0.5000000000000  0.2393110000000  0.6390540000000 1.0
C      1  0.7606890000000  0.6390540000000  0.5000000000000 1.0
C      1  0.2393110000000  0.6390540000000  0.5000000000000 1.0
C      1  0.7606890000000  0.3609460000000  0.5000000000000 1.0
END
