TITL C-2159255-4746-577 -0.00391593874980017 3375 -398.015541327744 0 0 60 (Oh) n - 1
REM
REM in /scratch/bkarasulu/871
REM
REM
REM
REM
REM
REM ./C.cell (a2850807a9bf4ad07a5b6933b78d9264)
REM AIRSS Version 0.9.1 bugfix July 2018 build 013d7b7c2542+ Fri, 06 Jul 2018 19:26:36 +0100
REM compiler GCC version 9.2.1 20190827 (Red Hat 9.2.1-1)
REM options -cpp -mtune=generic -march=x86-64 -g -O0 -fpre-include=/usr/include/finclude/math-vector-fortran.h
REM seed -850581547 -487057469 825490931 875558481 638973956 864707659 -883748553 1168048293 -1283760247 -2126935375 592643250 -255585783 -1500719583 -920305494 -1032728073 1260237209 -212447720 -1898777452 -1290820339 -1412803582 -919316594 1705570799 583421840 -2024864138 -308610204 2130620256 -1970505530 449390209 -1255075136 -2049147737 2066534896 13818060 529965907
REM
CELL 1.54180   15.00000   15.00000   15.00000   90.00000   90.00000   90.00000
LATT -1
SFAC C  
C      1  0.6115560000000  0.7354970000000  0.5450690000000 1.0
C      1  0.7354970000000  0.5450690000000  0.6115560000000 1.0
C      1  0.5450690000000  0.6115560000000  0.7354970000000 1.0
C      1  0.3884440000000  0.2645030000000  0.5450690000000 1.0
C      1  0.6115560000000  0.2645030000000  0.4549310000000 1.0
C      1  0.3884440000000  0.7354970000000  0.4549310000000 1.0
C      1  0.2645030000000  0.4549310000000  0.6115560000000 1.0
C      1  0.7354970000000  0.4549310000000  0.3884440000000 1.0
C      1  0.2645030000000  0.5450690000000  0.3884440000000 1.0
C      1  0.4549310000000  0.3884440000000  0.7354970000000 1.0
C      1  0.5450690000000  0.3884440000000  0.2645030000000 1.0
C      1  0.4549310000000  0.6115560000000  0.2645030000000 1.0
C      1  0.6115560000000  0.7354970000000  0.4549310000000 1.0
C      1  0.7354970000000  0.5450690000000  0.3884440000000 1.0
C      1  0.5450690000000  0.6115560000000  0.2645030000000 1.0
C      1  0.3884440000000  0.2645030000000  0.4549310000000 1.0
C      1  0.6115560000000  0.2645030000000  0.5450690000000 1.0
C      1  0.3884440000000  0.7354970000000  0.5450690000000 1.0
C      1  0.2645030000000  0.4549310000000  0.3884440000000 1.0
C      1  0.7354970000000  0.4549310000000  0.6115560000000 1.0
C      1  0.2645030000000  0.5450690000000  0.6115560000000 1.0
C      1  0.4549310000000  0.3884440000000  0.2645030000000 1.0
C      1  0.5450690000000  0.3884440000000  0.7354970000000 1.0
C      1  0.4549310000000  0.6115560000000  0.7354970000000 1.0
C      1  0.6115600000000  0.4549310000000  0.7354960000000 1.0
C      1  0.4549310000000  0.7354960000000  0.6115600000000 1.0
C      1  0.7354960000000  0.6115600000000  0.4549310000000 1.0
C      1  0.3884400000000  0.5450690000000  0.7354960000000 1.0
C      1  0.6115600000000  0.5450690000000  0.2645040000000 1.0
C      1  0.3884400000000  0.4549310000000  0.2645040000000 1.0
C      1  0.5450690000000  0.2645040000000  0.6115600000000 1.0
C      1  0.4549310000000  0.2645040000000  0.3884400000000 1.0
C      1  0.5450690000000  0.7354960000000  0.3884400000000 1.0
C      1  0.2645040000000  0.3884400000000  0.4549310000000 1.0
C      1  0.7354960000000  0.3884400000000  0.5450690000000 1.0
C      1  0.2645040000000  0.6115600000000  0.5450690000000 1.0
C      1  0.6115600000000  0.4549310000000  0.2645040000000 1.0
C      1  0.4549310000000  0.7354960000000  0.3884400000000 1.0
C      1  0.7354960000000  0.6115600000000  0.5450690000000 1.0
C      1  0.3884400000000  0.5450690000000  0.2645040000000 1.0
C      1  0.6115600000000  0.5450690000000  0.7354960000000 1.0
C      1  0.3884400000000  0.4549310000000  0.7354960000000 1.0
C      1  0.5450690000000  0.2645040000000  0.3884400000000 1.0
C      1  0.4549310000000  0.2645040000000  0.6115600000000 1.0
C      1  0.5450690000000  0.7354960000000  0.6115600000000 1.0
C      1  0.2645040000000  0.3884400000000  0.5450690000000 1.0
C      1  0.7354960000000  0.3884400000000  0.4549310000000 1.0
C      1  0.2645040000000  0.6115600000000  0.4549310000000 1.0
C      1  0.5000000000000  0.6776910000000  0.3223070000000 1.0
C      1  0.6776910000000  0.3223070000000  0.5000000000000 1.0
C      1  0.5000000000000  0.3223100000000  0.6776930000000 1.0
C      1  0.3223100000000  0.6776930000000  0.5000000000000 1.0
C      1  0.3223070000000  0.5000000000000  0.6776910000000 1.0
C      1  0.5000000000000  0.3223090000000  0.3223070000000 1.0
C      1  0.5000000000000  0.6776900000000  0.6776930000000 1.0
C      1  0.6776900000000  0.6776930000000  0.5000000000000 1.0
C      1  0.3223100000000  0.3223070000000  0.5000000000000 1.0
C      1  0.6776930000000  0.5000000000000  0.6776910000000 1.0
C      1  0.3223070000000  0.5000000000000  0.3223100000000 1.0
C      1  0.6776930000000  0.5000000000000  0.3223100000000 1.0
END
