TITL C-2158984-8299-749 -0.00308293536736522 3375 -453.905165580052 0 0 60 (Ih) n - 1
REM
REM in /scratch/bkarasulu/869
REM
REM
REM
REM
REM
REM ./C.cell (a2850807a9bf4ad07a5b6933b78d9264)
REM AIRSS Version 0.9.1 bugfix July 2018 build 013d7b7c2542+ Fri, 06 Jul 2018 19:26:36 +0100
REM compiler GCC version 9.2.1 20190827 (Red Hat 9.2.1-1)
REM options -cpp -mtune=generic -march=x86-64 -g -O0 -fpre-include=/usr/include/finclude/math-vector-fortran.h
REM seed 455925647 1750665248 -107967899 -80018228 1852594345 -1062859294 -327110904 1430708626 -2128270259 -1922737647 1132157137 877645302 2025946239 1949274246 -219969553 1748113689 -1398894325 -942772019 -1309774627 488399367 1756196649 1187492438 1033416871 402360863 487506198 -454997702 713780895 -1674359067 -1426679579 -93098874 418731492 -1529165556 -644772132
REM
CELL 1.54180   15.00000   15.00000   15.00000   90.00000   90.00000   90.00000
LATT -1
SFAC C  
C      1  0.5482910000000  0.3464970000000  0.3269930000000 1.0
C      1  0.3464970000000  0.3269930000000  0.5482910000000 1.0
C      1  0.3269930000000  0.5482910000000  0.3464970000000 1.0
C      1  0.4517090000000  0.6535030000000  0.3269930000000 1.0
C      1  0.5482910000000  0.6535030000000  0.6730070000000 1.0
C      1  0.4517090000000  0.3464970000000  0.6730070000000 1.0
C      1  0.6535030000000  0.6730070000000  0.5482910000000 1.0
C      1  0.3464970000000  0.6730070000000  0.4517090000000 1.0
C      1  0.6535030000000  0.3269930000000  0.4517090000000 1.0
C      1  0.6730070000000  0.4517090000000  0.3464970000000 1.0
C      1  0.3269930000000  0.4517090000000  0.6535030000000 1.0
C      1  0.6730070000000  0.5482910000000  0.6535030000000 1.0
C      1  0.5482910000000  0.3464970000000  0.6730070000000 1.0
C      1  0.3464970000000  0.3269930000000  0.4517090000000 1.0
C      1  0.3269930000000  0.5482910000000  0.6535030000000 1.0
C      1  0.4517090000000  0.6535030000000  0.6730070000000 1.0
C      1  0.5482910000000  0.6535030000000  0.3269930000000 1.0
C      1  0.4517090000000  0.3464970000000  0.3269930000000 1.0
C      1  0.6535030000000  0.6730070000000  0.4517090000000 1.0
C      1  0.3464970000000  0.6730070000000  0.5482910000000 1.0
C      1  0.6535030000000  0.3269930000000  0.5482910000000 1.0
C      1  0.6730070000000  0.4517090000000  0.6535030000000 1.0
C      1  0.3269930000000  0.4517090000000  0.3464970000000 1.0
C      1  0.6730070000000  0.5482910000000  0.3464970000000 1.0
C      1  0.4218630000000  0.7017950000000  0.4051300000000 1.0
C      1  0.7017950000000  0.4051300000000  0.4218630000000 1.0
C      1  0.4051300000000  0.4218630000000  0.7017950000000 1.0
C      1  0.5781370000000  0.2982050000000  0.4051300000000 1.0
C      1  0.4218630000000  0.2982050000000  0.5948700000000 1.0
C      1  0.5781370000000  0.7017950000000  0.5948700000000 1.0
C      1  0.2982050000000  0.5948700000000  0.4218630000000 1.0
C      1  0.7017950000000  0.5948700000000  0.5781370000000 1.0
C      1  0.2982050000000  0.4051300000000  0.5781370000000 1.0
C      1  0.5948700000000  0.5781370000000  0.7017950000000 1.0
C      1  0.4051300000000  0.5781370000000  0.2982050000000 1.0
C      1  0.5948700000000  0.4218630000000  0.2982050000000 1.0
C      1  0.4218630000000  0.7017950000000  0.5948700000000 1.0
C      1  0.7017950000000  0.4051300000000  0.5781370000000 1.0
C      1  0.4051300000000  0.4218630000000  0.2982050000000 1.0
C      1  0.5781370000000  0.2982050000000  0.5948700000000 1.0
C      1  0.4218630000000  0.2982050000000  0.4051300000000 1.0
C      1  0.5781370000000  0.7017950000000  0.4051300000000 1.0
C      1  0.2982050000000  0.5948700000000  0.5781370000000 1.0
C      1  0.7017950000000  0.5948700000000  0.4218630000000 1.0
C      1  0.2982050000000  0.4051300000000  0.4218630000000 1.0
C      1  0.5948700000000  0.5781370000000  0.2982050000000 1.0
C      1  0.4051300000000  0.5781370000000  0.7017950000000 1.0
C      1  0.5948700000000  0.4218630000000  0.7017950000000 1.0
C      1  0.4534210000000  0.5000000000000  0.7316420000000 1.0
C      1  0.5000000000000  0.7316420000000  0.5465790000000 1.0
C      1  0.5465790000000  0.5000000000000  0.2683580000000 1.0
C      1  0.5000000000000  0.2683580000000  0.4534210000000 1.0
C      1  0.5000000000000  0.7316420000000  0.4534210000000 1.0
C      1  0.7316420000000  0.4534210000000  0.5000000000000 1.0
C      1  0.5000000000000  0.2683580000000  0.5465790000000 1.0
C      1  0.2683580000000  0.5465790000000  0.5000000000000 1.0
C      1  0.7316420000000  0.5465790000000  0.5000000000000 1.0
C      1  0.2683580000000  0.4534210000000  0.5000000000000 1.0
C      1  0.5465790000000  0.5000000000000  0.7316420000000 1.0
C      1  0.4534210000000  0.5000000000000  0.2683580000000 1.0
END
