TITL C-2158984-8299-78 -0.00163791214514701 3375 -355.637549572693 0 0 60 (Th) n - 1
REM
REM in /scratch/bkarasulu/869
REM
REM
REM
REM
REM
REM ./C.cell (a2850807a9bf4ad07a5b6933b78d9264)
REM AIRSS Version 0.9.1 bugfix July 2018 build 013d7b7c2542+ Fri, 06 Jul 2018 19:26:36 +0100
REM compiler GCC version 9.2.1 20190827 (Red Hat 9.2.1-1)
REM options -cpp -mtune=generic -march=x86-64 -g -O0 -fpre-include=/usr/include/finclude/math-vector-fortran.h
REM seed 523588642 -2129785349 641022851 1271129793 -129033853 -406991038 -2075535306 1874796477 -2009793415 -1889897121 -98803921 -1908076954 -1441335468 -886841492 -410429464 -1244096538 -1915054939 -974445038 -708760074 -1452838486 -1846252008 -1740522182 -117841960 -1669471444 -891691868 -343161073 424571102 -175390572 -1933674920 1116413788 580306101 -1842672265 -1753581592
REM
CELL 1.54180   15.00000   15.00000   15.00000   90.00000   90.00000   90.00000
LATT -1
SFAC C  
C      1  0.4481960000000  0.5993690000000  0.2964430000000 1.0
C      1  0.5993690000000  0.2964430000000  0.4481960000000 1.0
C      1  0.2964430000000  0.4481960000000  0.5993690000000 1.0
C      1  0.5518040000000  0.4006310000000  0.2964430000000 1.0
C      1  0.4481960000000  0.4006310000000  0.7035570000000 1.0
C      1  0.5518040000000  0.5993690000000  0.7035570000000 1.0
C      1  0.4006310000000  0.7035570000000  0.4481960000000 1.0
C      1  0.5993690000000  0.7035570000000  0.5518040000000 1.0
C      1  0.4006310000000  0.2964430000000  0.5518040000000 1.0
C      1  0.7035570000000  0.5518040000000  0.5993690000000 1.0
C      1  0.2964430000000  0.5518040000000  0.4006310000000 1.0
C      1  0.7035570000000  0.4481960000000  0.4006310000000 1.0
C      1  0.4481960000000  0.5993690000000  0.7035570000000 1.0
C      1  0.5993690000000  0.2964430000000  0.5518040000000 1.0
C      1  0.2964430000000  0.4481960000000  0.4006310000000 1.0
C      1  0.5518040000000  0.4006310000000  0.7035570000000 1.0
C      1  0.4481960000000  0.4006310000000  0.2964430000000 1.0
C      1  0.5518040000000  0.5993690000000  0.2964430000000 1.0
C      1  0.4006310000000  0.7035570000000  0.5518040000000 1.0
C      1  0.5993690000000  0.7035570000000  0.4481960000000 1.0
C      1  0.4006310000000  0.2964430000000  0.4481960000000 1.0
C      1  0.7035570000000  0.5518040000000  0.4006310000000 1.0
C      1  0.2964430000000  0.5518040000000  0.5993690000000 1.0
C      1  0.7035570000000  0.4481960000000  0.5993690000000 1.0
C      1  0.3801080000000  0.5517240000000  0.4509540000000 1.0
C      1  0.5517240000000  0.4509540000000  0.3801080000000 1.0
C      1  0.4509540000000  0.3801080000000  0.5517240000000 1.0
C      1  0.6198920000000  0.4482760000000  0.4509540000000 1.0
C      1  0.3801080000000  0.4482760000000  0.5490460000000 1.0
C      1  0.6198920000000  0.5517240000000  0.5490460000000 1.0
C      1  0.4482760000000  0.5490460000000  0.3801080000000 1.0
C      1  0.5517240000000  0.5490460000000  0.6198920000000 1.0
C      1  0.4482760000000  0.4509540000000  0.6198920000000 1.0
C      1  0.5490460000000  0.6198920000000  0.5517240000000 1.0
C      1  0.4509540000000  0.6198920000000  0.4482760000000 1.0
C      1  0.5490460000000  0.3801080000000  0.4482760000000 1.0
C      1  0.3801080000000  0.5517240000000  0.5490460000000 1.0
C      1  0.5517240000000  0.4509540000000  0.6198920000000 1.0
C      1  0.4509540000000  0.3801080000000  0.4482760000000 1.0
C      1  0.6198920000000  0.4482760000000  0.5490460000000 1.0
C      1  0.3801080000000  0.4482760000000  0.4509540000000 1.0
C      1  0.6198920000000  0.5517240000000  0.4509540000000 1.0
C      1  0.4482760000000  0.5490460000000  0.6198920000000 1.0
C      1  0.5517240000000  0.5490460000000  0.3801080000000 1.0
C      1  0.4482760000000  0.4509540000000  0.3801080000000 1.0
C      1  0.5490460000000  0.6198920000000  0.4482760000000 1.0
C      1  0.4509540000000  0.6198920000000  0.5517240000000 1.0
C      1  0.5490460000000  0.3801080000000  0.5517240000000 1.0
C      1  0.5000000000000  0.3609470000000  0.7606890000000 1.0
C      1  0.3609470000000  0.7606890000000  0.5000000000000 1.0
C      1  0.5000000000000  0.6390530000000  0.2393110000000 1.0
C      1  0.6390530000000  0.2393110000000  0.5000000000000 1.0
C      1  0.2393110000000  0.5000000000000  0.6390530000000 1.0
C      1  0.7606890000000  0.5000000000000  0.3609470000000 1.0
C      1  0.5000000000000  0.6390530000000  0.7606890000000 1.0
C      1  0.5000000000000  0.3609470000000  0.2393110000000 1.0
C      1  0.7606890000000  0.5000000000000  0.6390530000000 1.0
C      1  0.2393110000000  0.5000000000000  0.3609470000000 1.0
C      1  0.3609470000000  0.2393110000000  0.5000000000000 1.0
C      1  0.6390530000000  0.7606890000000  0.5000000000000 1.0
END
