TITL C-2159255-4746-1068 -0.00226780271291251 3375 -364.580654540079 0 0 60 (C1) n - 1
REM
REM in /scratch/bkarasulu/871
REM
REM
REM
REM
REM
REM ./C.cell (a2850807a9bf4ad07a5b6933b78d9264)
REM AIRSS Version 0.9.1 bugfix July 2018 build 013d7b7c2542+ Fri, 06 Jul 2018 19:26:36 +0100
REM compiler GCC version 9.2.1 20190827 (Red Hat 9.2.1-1)
REM options -cpp -mtune=generic -march=x86-64 -g -O0 -fpre-include=/usr/include/finclude/math-vector-fortran.h
REM seed -528432437 1466843900 1745589189 -846579114 -1469129069 2006139907 -1244345003 -1523113964 -1367090130 1843588096 1879664756 933705432 -212448921 175180311 2043158615 -165094429 -1376126685 -1548290050 1118012534 -1584586851 306205247 -1660617538 415287268 -696598092 150032661 -994682747 306922247 1132842658 1642412629 -2143874374 -1731315800 -1557112251 1627119377
REM
CELL 1.54180   15.00000   15.00000   15.00000   90.00000   90.00000   90.00000
LATT -1
SFAC C  
C      1  0.4022000000000  0.5977990000000  0.3012410000000 1.0
C      1  0.5977990000000  0.3012410000000  0.4022000000000 1.0
C      1  0.3012410000000  0.4022000000000  0.5977990000000 1.0
C      1  0.5978000000000  0.4022010000000  0.3012410000000 1.0
C      1  0.4022000000000  0.4022010000000  0.6987590000000 1.0
C      1  0.5978000000000  0.5977990000000  0.6987590000000 1.0
C      1  0.4022010000000  0.6987590000000  0.4022000000000 1.0
C      1  0.5977990000000  0.6987590000000  0.5978000000000 1.0
C      1  0.4022010000000  0.3012410000000  0.5978000000000 1.0
C      1  0.6987590000000  0.5978000000000  0.5977990000000 1.0
C      1  0.3012410000000  0.5978000000000  0.4022010000000 1.0
C      1  0.6987590000000  0.4022000000000  0.4022010000000 1.0
C      1  0.4022000000000  0.5977990000000  0.6987590000000 1.0
C      1  0.5977990000000  0.3012410000000  0.5978000000000 1.0
C      1  0.3012410000000  0.4022000000000  0.4022010000000 1.0
C      1  0.5978000000000  0.4022010000000  0.6987590000000 1.0
C      1  0.4022000000000  0.4022010000000  0.3012410000000 1.0
C      1  0.5978000000000  0.5977990000000  0.3012410000000 1.0
C      1  0.4022010000000  0.6987590000000  0.5978000000000 1.0
C      1  0.5977990000000  0.6987590000000  0.4022000000000 1.0
C      1  0.4022010000000  0.3012410000000  0.4022000000000 1.0
C      1  0.6987590000000  0.5978000000000  0.4022010000000 1.0
C      1  0.3012410000000  0.5978000000000  0.5977990000000 1.0
C      1  0.6987590000000  0.4022000000000  0.5977990000000 1.0
C      1  0.5508030000000  0.3273220000000  0.3273210000000 1.0
C      1  0.3273220000000  0.3273210000000  0.5508030000000 1.0
C      1  0.3273210000000  0.5508030000000  0.3273220000000 1.0
C      1  0.4491970000000  0.6726780000000  0.3273210000000 1.0
C      1  0.5508030000000  0.6726780000000  0.6726790000000 1.0
C      1  0.4491970000000  0.3273220000000  0.6726790000000 1.0
C      1  0.6726780000000  0.6726790000000  0.5508030000000 1.0
C      1  0.3273220000000  0.6726790000000  0.4491970000000 1.0
C      1  0.6726780000000  0.3273210000000  0.4491970000000 1.0
C      1  0.6726790000000  0.4491970000000  0.3273220000000 1.0
C      1  0.3273210000000  0.4491970000000  0.6726780000000 1.0
C      1  0.6726790000000  0.5508030000000  0.6726780000000 1.0
C      1  0.5508030000000  0.3273220000000  0.6726790000000 1.0
C      1  0.3273220000000  0.3273210000000  0.4491970000000 1.0
C      1  0.3273210000000  0.5508030000000  0.6726780000000 1.0
C      1  0.4491970000000  0.6726780000000  0.6726790000000 1.0
C      1  0.5508030000000  0.6726780000000  0.3273210000000 1.0
C      1  0.4491970000000  0.3273220000000  0.3273210000000 1.0
C      1  0.6726780000000  0.6726790000000  0.4491970000000 1.0
C      1  0.3273220000000  0.6726790000000  0.5508030000000 1.0
C      1  0.6726780000000  0.3273210000000  0.5508030000000 1.0
C      1  0.6726790000000  0.4491970000000  0.6726780000000 1.0
C      1  0.3273210000000  0.4491970000000  0.3273220000000 1.0
C      1  0.6726790000000  0.5508030000000  0.3273220000000 1.0
C      1  0.5681660000000  0.4318340000000  0.5000000000000 1.0
C      1  0.4318340000000  0.5000000000000  0.5681660000000 1.0
C      1  0.5000000000000  0.5681660000000  0.4318340000000 1.0
C      1  0.4318340000000  0.5681660000000  0.5000000000000 1.0
C      1  0.5681660000000  0.5000000000000  0.5681660000000 1.0
C      1  0.4318340000000  0.5000000000000  0.4318340000000 1.0
C      1  0.5681660000000  0.5000000000000  0.4318340000000 1.0
C      1  0.5000000000000  0.4318340000000  0.5681660000000 1.0
C      1  0.5681660000000  0.5681660000000  0.5000000000000 1.0
C      1  0.4318340000000  0.4318340000000  0.5000000000000 1.0
C      1  0.5000000000000  0.4318340000000  0.4318340000000 1.0
C      1  0.5000000000000  0.5681660000000  0.5681660000000 1.0
END
