TITL C-2158988-7926-427 -0.00308695105459557 3375 -453.905250141455 0 0 60 (Ih) n - 1
REM
REM in /scratch/bkarasulu/868
REM
REM
REM
REM
REM
REM ./C.cell (a2850807a9bf4ad07a5b6933b78d9264)
REM AIRSS Version 0.9.1 bugfix July 2018 build 013d7b7c2542+ Fri, 06 Jul 2018 19:26:36 +0100
REM compiler GCC version 9.2.1 20190827 (Red Hat 9.2.1-1)
REM options -cpp -mtune=generic -march=x86-64 -g -O0 -fpre-include=/usr/include/finclude/math-vector-fortran.h
REM seed -417963484 1331026004 639439232 -522913606 -391126958 -730088588 -1303884070 845025840 -1274052489 1561417080 1194649899 1009515968 1152250407 1866612099 -44549099 -954407680 519474341 -1040628028 -1837226217 963061649 -69262771 1761006222 -705636597 1995212291 959127418 -1862734831 -1301458100 2060298755 383467271 -38623425 707488413 -821388812 -438323935
REM
CELL 1.54180   15.00000   15.00000   15.00000   90.00000   90.00000   90.00000
LATT -1
SFAC C  
C      1  0.5948700000000  0.4218630000000  0.2982050000000 1.0
C      1  0.4218630000000  0.2982050000000  0.5948700000000 1.0
C      1  0.2982050000000  0.5948700000000  0.4218630000000 1.0
C      1  0.4051300000000  0.5781370000000  0.2982050000000 1.0
C      1  0.5948700000000  0.5781370000000  0.7017950000000 1.0
C      1  0.4051300000000  0.4218630000000  0.7017950000000 1.0
C      1  0.5781370000000  0.7017950000000  0.5948700000000 1.0
C      1  0.4218630000000  0.7017950000000  0.4051300000000 1.0
C      1  0.5781370000000  0.2982050000000  0.4051300000000 1.0
C      1  0.7017950000000  0.4051300000000  0.4218630000000 1.0
C      1  0.2982050000000  0.4051300000000  0.5781370000000 1.0
C      1  0.7017950000000  0.5948700000000  0.5781370000000 1.0
C      1  0.5948700000000  0.4218630000000  0.7017950000000 1.0
C      1  0.4218630000000  0.2982050000000  0.4051300000000 1.0
C      1  0.2982050000000  0.5948700000000  0.5781370000000 1.0
C      1  0.4051300000000  0.5781370000000  0.7017950000000 1.0
C      1  0.5948700000000  0.5781370000000  0.2982050000000 1.0
C      1  0.4051300000000  0.4218630000000  0.2982050000000 1.0
C      1  0.5781370000000  0.7017950000000  0.4051300000000 1.0
C      1  0.4218630000000  0.7017950000000  0.5948700000000 1.0
C      1  0.5781370000000  0.2982050000000  0.5948700000000 1.0
C      1  0.7017950000000  0.4051300000000  0.5781370000000 1.0
C      1  0.2982050000000  0.4051300000000  0.4218630000000 1.0
C      1  0.7017950000000  0.5948700000000  0.4218630000000 1.0
C      1  0.6535030000000  0.6730070000000  0.4517090000000 1.0
C      1  0.6730070000000  0.4517090000000  0.6535030000000 1.0
C      1  0.4517090000000  0.6535030000000  0.6730070000000 1.0
C      1  0.3464970000000  0.3269930000000  0.4517090000000 1.0
C      1  0.6535030000000  0.3269930000000  0.5482910000000 1.0
C      1  0.3464970000000  0.6730070000000  0.5482910000000 1.0
C      1  0.3269930000000  0.5482910000000  0.6535030000000 1.0
C      1  0.6730070000000  0.5482910000000  0.3464970000000 1.0
C      1  0.3269930000000  0.4517090000000  0.3464970000000 1.0
C      1  0.5482910000000  0.3464970000000  0.6730070000000 1.0
C      1  0.4517090000000  0.3464970000000  0.3269930000000 1.0
C      1  0.5482910000000  0.6535030000000  0.3269930000000 1.0
C      1  0.6535030000000  0.6730070000000  0.5482910000000 1.0
C      1  0.6730070000000  0.4517090000000  0.3464970000000 1.0
C      1  0.4517090000000  0.6535030000000  0.3269930000000 1.0
C      1  0.3464970000000  0.3269930000000  0.5482910000000 1.0
C      1  0.6535030000000  0.3269930000000  0.4517090000000 1.0
C      1  0.3464970000000  0.6730070000000  0.4517090000000 1.0
C      1  0.3269930000000  0.5482910000000  0.3464970000000 1.0
C      1  0.6730070000000  0.5482910000000  0.6535030000000 1.0
C      1  0.3269930000000  0.4517090000000  0.6535030000000 1.0
C      1  0.5482910000000  0.3464970000000  0.3269930000000 1.0
C      1  0.4517090000000  0.3464970000000  0.6730070000000 1.0
C      1  0.5482910000000  0.6535030000000  0.6730070000000 1.0
C      1  0.2683580000000  0.4534210000000  0.5000000000000 1.0
C      1  0.4534210000000  0.5000000000000  0.2683580000000 1.0
C      1  0.5000000000000  0.2683580000000  0.4534210000000 1.0
C      1  0.7316420000000  0.5465790000000  0.5000000000000 1.0
C      1  0.2683580000000  0.5465790000000  0.5000000000000 1.0
C      1  0.7316420000000  0.4534210000000  0.5000000000000 1.0
C      1  0.5465790000000  0.5000000000000  0.2683580000000 1.0
C      1  0.4534210000000  0.5000000000000  0.7316420000000 1.0
C      1  0.5465790000000  0.5000000000000  0.7316420000000 1.0
C      1  0.5000000000000  0.7316420000000  0.4534210000000 1.0
C      1  0.5000000000000  0.7316420000000  0.5465790000000 1.0
C      1  0.5000000000000  0.2683580000000  0.5465790000000 1.0
END
