TITL C-2158984-8299-1058 -0.00189356859884773 3375 -379.717659991501 0 0 60 (Ih) n - 1
REM
REM in /scratch/bkarasulu/869
REM
REM
REM
REM
REM
REM ./C.cell (a2850807a9bf4ad07a5b6933b78d9264)
REM AIRSS Version 0.9.1 bugfix July 2018 build 013d7b7c2542+ Fri, 06 Jul 2018 19:26:36 +0100
REM compiler GCC version 9.2.1 20190827 (Red Hat 9.2.1-1)
REM options -cpp -mtune=generic -march=x86-64 -g -O0 -fpre-include=/usr/include/finclude/math-vector-fortran.h
REM seed 2092943495 2007201473 -241588186 276124840 -677653803 2122118815 188924285 1431784238 117921637 -1957617261 1317969774 1737854007 1116166698 691351633 -1400723233 -826265495 1672820772 1821414158 2118933068 1421387257 1072969574 -992996107 1682882384 1834761164 94424593 -1307154578 89252094 -774656120 -1671106592 635869130 1434668153 1143076465 920837812
REM
CELL 1.54180   15.00000   15.00000   15.00000   90.00000   90.00000   90.00000
LATT -1
SFAC C  
C      1  0.5498720000000  0.4506630000000  0.2901390000000 1.0
C      1  0.4506630000000  0.2901390000000  0.5498720000000 1.0
C      1  0.2901390000000  0.5498720000000  0.4506630000000 1.0
C      1  0.4501280000000  0.5493370000000  0.2901390000000 1.0
C      1  0.5498720000000  0.5493370000000  0.7098610000000 1.0
C      1  0.4501280000000  0.4506630000000  0.7098610000000 1.0
C      1  0.5493370000000  0.7098610000000  0.5498720000000 1.0
C      1  0.4506630000000  0.7098610000000  0.4501280000000 1.0
C      1  0.5493370000000  0.2901390000000  0.4501280000000 1.0
C      1  0.7098610000000  0.4501280000000  0.4506630000000 1.0
C      1  0.2901390000000  0.4501280000000  0.5493370000000 1.0
C      1  0.7098610000000  0.5498720000000  0.5493370000000 1.0
C      1  0.5498720000000  0.4506630000000  0.7098610000000 1.0
C      1  0.4506630000000  0.2901390000000  0.4501280000000 1.0
C      1  0.2901390000000  0.5498720000000  0.5493370000000 1.0
C      1  0.4501280000000  0.5493370000000  0.7098610000000 1.0
C      1  0.5498720000000  0.5493370000000  0.2901390000000 1.0
C      1  0.4501280000000  0.4506630000000  0.2901390000000 1.0
C      1  0.5493370000000  0.7098610000000  0.4501280000000 1.0
C      1  0.4506630000000  0.7098610000000  0.5498720000000 1.0
C      1  0.5493370000000  0.2901390000000  0.5498720000000 1.0
C      1  0.7098610000000  0.4501280000000  0.5493370000000 1.0
C      1  0.2901390000000  0.4501280000000  0.4506630000000 1.0
C      1  0.7098610000000  0.5498720000000  0.4506630000000 1.0
C      1  0.6297000000000  0.4201720000000  0.6605230000000 1.0
C      1  0.4201720000000  0.6605230000000  0.6297000000000 1.0
C      1  0.6605230000000  0.6297000000000  0.4201720000000 1.0
C      1  0.3703000000000  0.5798280000000  0.6605230000000 1.0
C      1  0.6297000000000  0.5798280000000  0.3394770000000 1.0
C      1  0.3703000000000  0.4201720000000  0.3394770000000 1.0
C      1  0.5798280000000  0.3394770000000  0.6297000000000 1.0
C      1  0.4201720000000  0.3394770000000  0.3703000000000 1.0
C      1  0.5798280000000  0.6605230000000  0.3703000000000 1.0
C      1  0.3394770000000  0.3703000000000  0.4201720000000 1.0
C      1  0.6605230000000  0.3703000000000  0.5798280000000 1.0
C      1  0.3394770000000  0.6297000000000  0.5798280000000 1.0
C      1  0.6297000000000  0.4201720000000  0.3394770000000 1.0
C      1  0.4201720000000  0.6605230000000  0.3703000000000 1.0
C      1  0.6605230000000  0.6297000000000  0.5798280000000 1.0
C      1  0.3703000000000  0.5798280000000  0.3394770000000 1.0
C      1  0.6297000000000  0.5798280000000  0.6605230000000 1.0
C      1  0.3703000000000  0.4201720000000  0.6605230000000 1.0
C      1  0.5798280000000  0.3394770000000  0.3703000000000 1.0
C      1  0.4201720000000  0.3394770000000  0.6297000000000 1.0
C      1  0.5798280000000  0.6605230000000  0.6297000000000 1.0
C      1  0.3394770000000  0.3703000000000  0.5798280000000 1.0
C      1  0.6605230000000  0.3703000000000  0.4201720000000 1.0
C      1  0.3394770000000  0.6297000000000  0.4201720000000 1.0
C      1  0.5000000000000  0.6300310000000  0.3209630000000 1.0
C      1  0.5000000000000  0.6300310000000  0.6790370000000 1.0
C      1  0.5000000000000  0.3699690000000  0.6790370000000 1.0
C      1  0.3699690000000  0.6790370000000  0.5000000000000 1.0
C      1  0.6300310000000  0.3209630000000  0.5000000000000 1.0
C      1  0.6790370000000  0.5000000000000  0.3699690000000 1.0
C      1  0.6790370000000  0.5000000000000  0.6300310000000 1.0
C      1  0.3209630000000  0.5000000000000  0.6300310000000 1.0
C      1  0.5000000000000  0.3699690000000  0.3209630000000 1.0
C      1  0.3209630000000  0.5000000000000  0.3699690000000 1.0
C      1  0.3699690000000  0.3209630000000  0.5000000000000 1.0
C      1  0.6300310000000  0.6790370000000  0.5000000000000 1.0
END
