TITL C-2159252-5904-96 -0.00309825465640836 3375 -453.905488229249 0 0 60 (Ih) n - 1
REM
REM in /scratch/bkarasulu/870
REM
REM
REM
REM
REM
REM ./C.cell (a2850807a9bf4ad07a5b6933b78d9264)
REM AIRSS Version 0.9.1 bugfix July 2018 build 013d7b7c2542+ Fri, 06 Jul 2018 19:26:36 +0100
REM compiler GCC version 9.2.1 20190827 (Red Hat 9.2.1-1)
REM options -cpp -mtune=generic -march=x86-64 -g -O0 -fpre-include=/usr/include/finclude/math-vector-fortran.h
REM seed 1314261648 -1217221751 -1858359525 -1777579143 1717437392 -584399107 1602994448 -1216972050 1801422725 1217826734 1752183660 1656780433 2005512876 -968351542 2114989815 1546450726 81751666 504688636 1482224767 -834764235 -390005077 -246464197 2001848897 1132917699 922871276 473040049 1829820817 -2000508906 -2042205726 167920521 53388270 1938227047 -1476071825
REM
CELL 1.54180   15.00000   15.00000   15.00000   90.00000   90.00000   90.00000
LATT -1
SFAC C  
C      1  0.5781370000000  0.2982050000000  0.4051300000000 1.0
C      1  0.2982050000000  0.4051300000000  0.5781370000000 1.0
C      1  0.4051300000000  0.5781370000000  0.2982050000000 1.0
C      1  0.4218630000000  0.7017950000000  0.4051300000000 1.0
C      1  0.5781370000000  0.7017950000000  0.5948700000000 1.0
C      1  0.4218630000000  0.2982050000000  0.5948700000000 1.0
C      1  0.7017950000000  0.5948700000000  0.5781370000000 1.0
C      1  0.2982050000000  0.5948700000000  0.4218630000000 1.0
C      1  0.7017950000000  0.4051300000000  0.4218630000000 1.0
C      1  0.5948700000000  0.4218630000000  0.2982050000000 1.0
C      1  0.4051300000000  0.4218630000000  0.7017950000000 1.0
C      1  0.5948700000000  0.5781370000000  0.7017950000000 1.0
C      1  0.5781370000000  0.2982050000000  0.5948700000000 1.0
C      1  0.2982050000000  0.4051300000000  0.4218630000000 1.0
C      1  0.4051300000000  0.5781370000000  0.7017950000000 1.0
C      1  0.4218630000000  0.7017950000000  0.5948700000000 1.0
C      1  0.5781370000000  0.7017950000000  0.4051300000000 1.0
C      1  0.4218630000000  0.2982050000000  0.4051300000000 1.0
C      1  0.7017950000000  0.5948700000000  0.4218630000000 1.0
C      1  0.2982050000000  0.5948700000000  0.5781370000000 1.0
C      1  0.7017950000000  0.4051300000000  0.5781370000000 1.0
C      1  0.5948700000000  0.4218630000000  0.7017950000000 1.0
C      1  0.4051300000000  0.4218630000000  0.2982050000000 1.0
C      1  0.5948700000000  0.5781370000000  0.2982050000000 1.0
C      1  0.4517090000000  0.3464970000000  0.3269930000000 1.0
C      1  0.3464970000000  0.3269930000000  0.4517090000000 1.0
C      1  0.3269930000000  0.4517090000000  0.3464970000000 1.0
C      1  0.5482910000000  0.6535030000000  0.3269930000000 1.0
C      1  0.4517090000000  0.6535030000000  0.6730070000000 1.0
C      1  0.5482910000000  0.3464970000000  0.6730070000000 1.0
C      1  0.6535030000000  0.6730070000000  0.4517090000000 1.0
C      1  0.3464970000000  0.6730070000000  0.5482910000000 1.0
C      1  0.6535030000000  0.3269930000000  0.5482910000000 1.0
C      1  0.6730070000000  0.5482910000000  0.3464970000000 1.0
C      1  0.3269930000000  0.5482910000000  0.6535030000000 1.0
C      1  0.6730070000000  0.4517090000000  0.6535030000000 1.0
C      1  0.4517090000000  0.3464970000000  0.6730070000000 1.0
C      1  0.3464970000000  0.3269930000000  0.5482910000000 1.0
C      1  0.3269930000000  0.4517090000000  0.6535030000000 1.0
C      1  0.5482910000000  0.6535030000000  0.6730070000000 1.0
C      1  0.4517090000000  0.6535030000000  0.3269930000000 1.0
C      1  0.5482910000000  0.3464970000000  0.3269930000000 1.0
C      1  0.6535030000000  0.6730070000000  0.5482910000000 1.0
C      1  0.3464970000000  0.6730070000000  0.4517090000000 1.0
C      1  0.6535030000000  0.3269930000000  0.4517090000000 1.0
C      1  0.6730070000000  0.5482910000000  0.6535030000000 1.0
C      1  0.3269930000000  0.5482910000000  0.3464970000000 1.0
C      1  0.6730070000000  0.4517090000000  0.3464970000000 1.0
C      1  0.7316410000000  0.4534210000000  0.5000000000000 1.0
C      1  0.2683590000000  0.5465790000000  0.5000000000000 1.0
C      1  0.7316410000000  0.5465790000000  0.5000000000000 1.0
C      1  0.2683590000000  0.4534210000000  0.5000000000000 1.0
C      1  0.4534210000000  0.5000000000000  0.7316410000000 1.0
C      1  0.5000000000000  0.7316410000000  0.4534210000000 1.0
C      1  0.5465790000000  0.5000000000000  0.7316410000000 1.0
C      1  0.4534210000000  0.5000000000000  0.2683590000000 1.0
C      1  0.5465790000000  0.5000000000000  0.2683590000000 1.0
C      1  0.5000000000000  0.2683590000000  0.4534210000000 1.0
C      1  0.5000000000000  0.2683590000000  0.5465790000000 1.0
C      1  0.5000000000000  0.7316410000000  0.5465790000000 1.0
END
