TITL C-2159255-4746-297 -0.00141323394085158 3375 -355.632816666855 0 0 60 (Th) n - 1
REM
REM in /scratch/bkarasulu/871
REM
REM
REM
REM
REM
REM ./C.cell (a2850807a9bf4ad07a5b6933b78d9264)
REM AIRSS Version 0.9.1 bugfix July 2018 build 013d7b7c2542+ Fri, 06 Jul 2018 19:26:36 +0100
REM compiler GCC version 9.2.1 20190827 (Red Hat 9.2.1-1)
REM options -cpp -mtune=generic -march=x86-64 -g -O0 -fpre-include=/usr/include/finclude/math-vector-fortran.h
REM seed -500463351 2050373518 794032074 1149972215 1446594170 726966681 -671591208 662454107 -17923506 -1694219116 -1913752308 -1359457434 -273907681 -1060895493 -928209836 -1981879500 -1335102095 328296505 -412962312 -929129549 -951274351 -329051696 -131083521 523831251 1877630311 403549802 1469549504 -1427804283 -1038750375 -26319617 428671076 -101271639 1642537150
REM
CELL 1.54180   15.00000   15.00000   15.00000   90.00000   90.00000   90.00000
LATT -1
SFAC C  
C      1  0.4482760000000  0.3801090000000  0.5490460000000 1.0
C      1  0.3801090000000  0.5490460000000  0.4482760000000 1.0
C      1  0.5490460000000  0.4482760000000  0.3801090000000 1.0
C      1  0.5517240000000  0.6198910000000  0.5490460000000 1.0
C      1  0.4482760000000  0.6198920000000  0.4509540000000 1.0
C      1  0.5517240000000  0.3801080000000  0.4509540000000 1.0
C      1  0.6198910000000  0.4509540000000  0.4482760000000 1.0
C      1  0.3801090000000  0.4509540000000  0.5517240000000 1.0
C      1  0.6198910000000  0.5490460000000  0.5517240000000 1.0
C      1  0.4509540000000  0.5517240000000  0.3801090000000 1.0
C      1  0.5490460000000  0.5517240000000  0.6198910000000 1.0
C      1  0.4509540000000  0.4482760000000  0.6198920000000 1.0
C      1  0.4482760000000  0.3801080000000  0.4509540000000 1.0
C      1  0.3801090000000  0.5490460000000  0.5517240000000 1.0
C      1  0.5490460000000  0.4482760000000  0.6198910000000 1.0
C      1  0.5517240000000  0.6198910000000  0.4509540000000 1.0
C      1  0.4482760000000  0.6198910000000  0.5490460000000 1.0
C      1  0.5517240000000  0.3801090000000  0.5490460000000 1.0
C      1  0.6198910000000  0.4509540000000  0.5517240000000 1.0
C      1  0.3801090000000  0.4509540000000  0.4482760000000 1.0
C      1  0.6198910000000  0.5490460000000  0.4482760000000 1.0
C      1  0.4509540000000  0.5517240000000  0.6198920000000 1.0
C      1  0.5490460000000  0.5517240000000  0.3801090000000 1.0
C      1  0.4509540000000  0.4482760000000  0.3801080000000 1.0
C      1  0.4481970000000  0.7035560000000  0.4006310000000 1.0
C      1  0.7035560000000  0.4006310000000  0.4481970000000 1.0
C      1  0.4006310000000  0.4481970000000  0.7035560000000 1.0
C      1  0.5518030000000  0.2964440000000  0.4006310000000 1.0
C      1  0.4481970000000  0.2964440000000  0.5993690000000 1.0
C      1  0.5518030000000  0.7035560000000  0.5993690000000 1.0
C      1  0.2964440000000  0.5993690000000  0.4481970000000 1.0
C      1  0.7035560000000  0.5993690000000  0.5518030000000 1.0
C      1  0.2964430000000  0.4006310000000  0.5518030000000 1.0
C      1  0.5993690000000  0.5518030000000  0.7035560000000 1.0
C      1  0.4006310000000  0.5518030000000  0.2964440000000 1.0
C      1  0.5993690000000  0.4481970000000  0.2964440000000 1.0
C      1  0.4481970000000  0.7035560000000  0.5993690000000 1.0
C      1  0.7035560000000  0.4006310000000  0.5518030000000 1.0
C      1  0.4006310000000  0.4481970000000  0.2964440000000 1.0
C      1  0.5518030000000  0.2964440000000  0.5993690000000 1.0
C      1  0.4481970000000  0.2964440000000  0.4006310000000 1.0
C      1  0.5518030000000  0.7035560000000  0.4006310000000 1.0
C      1  0.2964440000000  0.5993690000000  0.5518030000000 1.0
C      1  0.7035560000000  0.5993690000000  0.4481970000000 1.0
C      1  0.2964430000000  0.4006310000000  0.4481970000000 1.0
C      1  0.5993690000000  0.5518030000000  0.2964440000000 1.0
C      1  0.4006310000000  0.5518030000000  0.7035560000000 1.0
C      1  0.5993690000000  0.4481970000000  0.7035560000000 1.0
C      1  0.5000000000000  0.2393110000000  0.3609470000000 1.0
C      1  0.5000000000000  0.7606890000000  0.3609470000000 1.0
C      1  0.5000000000000  0.2393110000000  0.6390530000000 1.0
C      1  0.5000000000000  0.7606890000000  0.6390530000000 1.0
C      1  0.7606890000000  0.6390530000000  0.5000000000000 1.0
C      1  0.6390530000000  0.5000000000000  0.7606890000000 1.0
C      1  0.2393110000000  0.3609470000000  0.5000000000000 1.0
C      1  0.7606890000000  0.3609470000000  0.5000000000000 1.0
C      1  0.2393110000000  0.6390530000000  0.5000000000000 1.0
C      1  0.3609470000000  0.5000000000000  0.7606890000000 1.0
C      1  0.6390530000000  0.5000000000000  0.2393110000000 1.0
C      1  0.3609470000000  0.5000000000000  0.2393110000000 1.0
END
