TITL C-2159255-4746-717 -0.00392991375046586 3375 -398.015835654574 0 0 60 (Oh) n - 1
REM
REM in /scratch/bkarasulu/871
REM
REM
REM
REM
REM
REM ./C.cell (a2850807a9bf4ad07a5b6933b78d9264)
REM AIRSS Version 0.9.1 bugfix July 2018 build 013d7b7c2542+ Fri, 06 Jul 2018 19:26:36 +0100
REM compiler GCC version 9.2.1 20190827 (Red Hat 9.2.1-1)
REM options -cpp -mtune=generic -march=x86-64 -g -O0 -fpre-include=/usr/include/finclude/math-vector-fortran.h
REM seed 620980108 -266811509 924090324 -1834694282 -1303974938 -1396277701 1790163058 953277415 -324241767 482850039 1505360901 13431888 -1584471305 1245988658 515887047 -550049487 -992884167 884456386 731076155 -206185909 -1120974575 -1377292371 1629603369 8393871 1113589141 1026818863 -1338812710 -1756218329 -973687099 959395614 876797995 -1140599946 -158506458
REM
CELL 1.54180   15.00000   15.00000   15.00000   90.00000   90.00000   90.00000
LATT -1
SFAC C  
C      1  0.2645030000000  0.4549310000000  0.6115590000000 1.0
C      1  0.4549310000000  0.6115590000000  0.2645030000000 1.0
C      1  0.6115590000000  0.2645030000000  0.4549310000000 1.0
C      1  0.7354970000000  0.5450690000000  0.6115590000000 1.0
C      1  0.2645030000000  0.5450690000000  0.3884410000000 1.0
C      1  0.7354970000000  0.4549310000000  0.3884410000000 1.0
C      1  0.5450690000000  0.3884410000000  0.2645030000000 1.0
C      1  0.4549310000000  0.3884410000000  0.7354970000000 1.0
C      1  0.5450690000000  0.6115590000000  0.7354970000000 1.0
C      1  0.3884410000000  0.7354970000000  0.4549310000000 1.0
C      1  0.6115590000000  0.7354970000000  0.5450690000000 1.0
C      1  0.3884410000000  0.2645030000000  0.5450690000000 1.0
C      1  0.2645030000000  0.4549310000000  0.3884410000000 1.0
C      1  0.4549310000000  0.6115590000000  0.7354970000000 1.0
C      1  0.6115590000000  0.2645030000000  0.5450690000000 1.0
C      1  0.7354970000000  0.5450690000000  0.3884410000000 1.0
C      1  0.2645030000000  0.5450690000000  0.6115590000000 1.0
C      1  0.7354970000000  0.4549310000000  0.6115590000000 1.0
C      1  0.5450690000000  0.3884410000000  0.7354970000000 1.0
C      1  0.4549310000000  0.3884410000000  0.2645030000000 1.0
C      1  0.5450690000000  0.6115590000000  0.2645030000000 1.0
C      1  0.3884410000000  0.7354970000000  0.5450690000000 1.0
C      1  0.6115590000000  0.7354970000000  0.4549310000000 1.0
C      1  0.3884410000000  0.2645030000000  0.4549310000000 1.0
C      1  0.7354970000000  0.3884430000000  0.5450690000000 1.0
C      1  0.3884430000000  0.5450690000000  0.7354970000000 1.0
C      1  0.5450690000000  0.7354970000000  0.3884430000000 1.0
C      1  0.2645030000000  0.6115570000000  0.5450690000000 1.0
C      1  0.7354970000000  0.6115570000000  0.4549310000000 1.0
C      1  0.2645030000000  0.3884430000000  0.4549310000000 1.0
C      1  0.6115570000000  0.4549310000000  0.7354970000000 1.0
C      1  0.3884430000000  0.4549310000000  0.2645030000000 1.0
C      1  0.6115570000000  0.5450690000000  0.2645030000000 1.0
C      1  0.4549310000000  0.2645030000000  0.3884430000000 1.0
C      1  0.5450690000000  0.2645030000000  0.6115570000000 1.0
C      1  0.4549310000000  0.7354970000000  0.6115570000000 1.0
C      1  0.7354970000000  0.3884430000000  0.4549310000000 1.0
C      1  0.3884430000000  0.5450690000000  0.2645030000000 1.0
C      1  0.5450690000000  0.7354970000000  0.6115570000000 1.0
C      1  0.2645030000000  0.6115570000000  0.4549310000000 1.0
C      1  0.7354970000000  0.6115570000000  0.5450690000000 1.0
C      1  0.2645030000000  0.3884430000000  0.5450690000000 1.0
C      1  0.6115570000000  0.4549310000000  0.2645030000000 1.0
C      1  0.3884430000000  0.4549310000000  0.7354970000000 1.0
C      1  0.6115570000000  0.5450690000000  0.7354970000000 1.0
C      1  0.4549310000000  0.2645030000000  0.6115570000000 1.0
C      1  0.5450690000000  0.2645030000000  0.3884430000000 1.0
C      1  0.4549310000000  0.7354970000000  0.3884430000000 1.0
C      1  0.3223080000000  0.6776910000000  0.5000000000000 1.0
C      1  0.6776920000000  0.3223090000000  0.5000000000000 1.0
C      1  0.6776910000000  0.5000000000000  0.3223080000000 1.0
C      1  0.3223090000000  0.5000000000000  0.6776920000000 1.0
C      1  0.5000000000000  0.3223080000000  0.6776910000000 1.0
C      1  0.3223090000000  0.5000000000000  0.3223080000000 1.0
C      1  0.6776910000000  0.5000000000000  0.6776920000000 1.0
C      1  0.5000000000000  0.6776920000000  0.6776910000000 1.0
C      1  0.5000000000000  0.6776920000000  0.3223090000000 1.0
C      1  0.5000000000000  0.3223080000000  0.3223090000000 1.0
C      1  0.3223080000000  0.3223090000000  0.5000000000000 1.0
C      1  0.6776920000000  0.6776910000000  0.5000000000000 1.0
END
