TITL C-2159252-5904-3 -0.00190951372073762 3375 -379.71799585909 0 0 60 (Ih) n - 1
REM
REM in /scratch/bkarasulu/870
REM
REM
REM
REM
REM
REM ./C.cell (a2850807a9bf4ad07a5b6933b78d9264)
REM AIRSS Version 0.9.1 bugfix July 2018 build 013d7b7c2542+ Fri, 06 Jul 2018 19:26:36 +0100
REM compiler GCC version 9.2.1 20190827 (Red Hat 9.2.1-1)
REM options -cpp -mtune=generic -march=x86-64 -g -O0 -fpre-include=/usr/include/finclude/math-vector-fortran.h
REM seed -1959317083 271948210 1196324272 2105594208 780463827 576662486 -2019589152 805109613 783440246 -347033152 1240470623 606326855 -576189837 2067778048 -1834398453 -1820103932 1325492255 -2018627471 537426246 2105072967 664378341 -1568197678 1659260926 -1525334118 -74931353 773683968 107857580 916023116 741749053 -913786807 -1983199611 1669960185 -626908347
REM
CELL 1.54180   15.00000   15.00000   15.00000   90.00000   90.00000   90.00000
LATT -1
SFAC C  
C      1  0.6297000000000  0.5798280000000  0.3394770000000 1.0
C      1  0.5798280000000  0.3394770000000  0.6297000000000 1.0
C      1  0.3394770000000  0.6297000000000  0.5798280000000 1.0
C      1  0.3703000000000  0.4201720000000  0.3394770000000 1.0
C      1  0.6297000000000  0.4201720000000  0.6605230000000 1.0
C      1  0.3703000000000  0.5798280000000  0.6605230000000 1.0
C      1  0.4201720000000  0.6605230000000  0.6297000000000 1.0
C      1  0.5798280000000  0.6605230000000  0.3703000000000 1.0
C      1  0.4201720000000  0.3394770000000  0.3703000000000 1.0
C      1  0.6605230000000  0.3703000000000  0.5798280000000 1.0
C      1  0.3394770000000  0.3703000000000  0.4201720000000 1.0
C      1  0.6605230000000  0.6297000000000  0.4201720000000 1.0
C      1  0.6297000000000  0.5798280000000  0.6605230000000 1.0
C      1  0.5798280000000  0.3394770000000  0.3703000000000 1.0
C      1  0.3394770000000  0.6297000000000  0.4201720000000 1.0
C      1  0.3703000000000  0.4201720000000  0.6605230000000 1.0
C      1  0.6297000000000  0.4201720000000  0.3394770000000 1.0
C      1  0.3703000000000  0.5798280000000  0.3394770000000 1.0
C      1  0.4201720000000  0.6605230000000  0.3703000000000 1.0
C      1  0.5798280000000  0.6605230000000  0.6297000000000 1.0
C      1  0.4201720000000  0.3394770000000  0.6297000000000 1.0
C      1  0.6605230000000  0.3703000000000  0.4201720000000 1.0
C      1  0.3394770000000  0.3703000000000  0.5798280000000 1.0
C      1  0.6605230000000  0.6297000000000  0.5798280000000 1.0
C      1  0.5498720000000  0.4506630000000  0.7098610000000 1.0
C      1  0.4506630000000  0.7098610000000  0.5498720000000 1.0
C      1  0.7098610000000  0.5498720000000  0.4506630000000 1.0
C      1  0.4501280000000  0.5493370000000  0.7098610000000 1.0
C      1  0.5498720000000  0.5493370000000  0.2901390000000 1.0
C      1  0.4501280000000  0.4506630000000  0.2901390000000 1.0
C      1  0.5493370000000  0.2901390000000  0.5498720000000 1.0
C      1  0.4506630000000  0.2901390000000  0.4501280000000 1.0
C      1  0.5493370000000  0.7098610000000  0.4501280000000 1.0
C      1  0.2901390000000  0.4501280000000  0.4506630000000 1.0
C      1  0.7098610000000  0.4501280000000  0.5493370000000 1.0
C      1  0.2901390000000  0.5498720000000  0.5493370000000 1.0
C      1  0.5498720000000  0.4506630000000  0.2901390000000 1.0
C      1  0.4506630000000  0.7098610000000  0.4501280000000 1.0
C      1  0.7098610000000  0.5498720000000  0.5493370000000 1.0
C      1  0.4501280000000  0.5493370000000  0.2901390000000 1.0
C      1  0.5498720000000  0.5493370000000  0.7098610000000 1.0
C      1  0.4501280000000  0.4506630000000  0.7098610000000 1.0
C      1  0.5493370000000  0.2901390000000  0.4501280000000 1.0
C      1  0.4506630000000  0.2901390000000  0.5498720000000 1.0
C      1  0.5493370000000  0.7098610000000  0.5498720000000 1.0
C      1  0.2901390000000  0.4501280000000  0.5493370000000 1.0
C      1  0.7098610000000  0.4501280000000  0.4506630000000 1.0
C      1  0.2901390000000  0.5498720000000  0.4506630000000 1.0
C      1  0.6300310000000  0.6790370000000  0.5000000000000 1.0
C      1  0.6790370000000  0.5000000000000  0.6300310000000 1.0
C      1  0.5000000000000  0.6300310000000  0.6790370000000 1.0
C      1  0.3699690000000  0.3209630000000  0.5000000000000 1.0
C      1  0.6300310000000  0.3209630000000  0.5000000000000 1.0
C      1  0.3699690000000  0.6790370000000  0.5000000000000 1.0
C      1  0.3209630000000  0.5000000000000  0.6300310000000 1.0
C      1  0.6790370000000  0.5000000000000  0.3699690000000 1.0
C      1  0.3209630000000  0.5000000000000  0.3699690000000 1.0
C      1  0.5000000000000  0.3699690000000  0.6790370000000 1.0
C      1  0.5000000000000  0.3699690000000  0.3209630000000 1.0
C      1  0.5000000000000  0.6300310000000  0.3209630000000 1.0
END
