TITL C-2158984-8299-117 -0.00160186592833629 3375 -355.636790284017 0 0 60 (Th) n - 1
REM
REM in /scratch/bkarasulu/869
REM
REM
REM
REM
REM
REM ./C.cell (a2850807a9bf4ad07a5b6933b78d9264)
REM AIRSS Version 0.9.1 bugfix July 2018 build 013d7b7c2542+ Fri, 06 Jul 2018 19:26:36 +0100
REM compiler GCC version 9.2.1 20190827 (Red Hat 9.2.1-1)
REM options -cpp -mtune=generic -march=x86-64 -g -O0 -fpre-include=/usr/include/finclude/math-vector-fortran.h
REM seed -1789793949 -2033549152 337869747 2030916666 -1111156724 304935376 -1774566618 81217247 1511398748 1131044200 147534143 1340151639 297195883 704593821 2083600529 -1993572711 -226653778 -1969613995 661219634 -1506338740 -94288843 1373091361 -1133477619 1864921553 -383009746 581733647 -54194050 1692057660 528830016 -192829957 1722279095 -851398621 -967983888
REM
CELL 1.54180   15.00000   15.00000   15.00000   90.00000   90.00000   90.00000
LATT -1
SFAC C  
C      1  0.2964430000000  0.4481970000000  0.5993680000000 1.0
C      1  0.4481970000000  0.5993680000000  0.2964430000000 1.0
C      1  0.5993680000000  0.2964430000000  0.4481970000000 1.0
C      1  0.7035570000000  0.5518030000000  0.5993680000000 1.0
C      1  0.2964430000000  0.5518030000000  0.4006320000000 1.0
C      1  0.7035570000000  0.4481970000000  0.4006320000000 1.0
C      1  0.5518030000000  0.4006320000000  0.2964430000000 1.0
C      1  0.4481970000000  0.4006320000000  0.7035570000000 1.0
C      1  0.5518030000000  0.5993680000000  0.7035570000000 1.0
C      1  0.4006320000000  0.7035570000000  0.4481970000000 1.0
C      1  0.5993680000000  0.7035570000000  0.5518030000000 1.0
C      1  0.4006320000000  0.2964430000000  0.5518030000000 1.0
C      1  0.2964430000000  0.4481970000000  0.4006320000000 1.0
C      1  0.4481970000000  0.5993680000000  0.7035570000000 1.0
C      1  0.5993680000000  0.2964430000000  0.5518030000000 1.0
C      1  0.7035570000000  0.5518030000000  0.4006320000000 1.0
C      1  0.2964430000000  0.5518030000000  0.5993680000000 1.0
C      1  0.7035570000000  0.4481970000000  0.5993680000000 1.0
C      1  0.5518030000000  0.4006320000000  0.7035570000000 1.0
C      1  0.4481970000000  0.4006320000000  0.2964430000000 1.0
C      1  0.5518030000000  0.5993680000000  0.2964430000000 1.0
C      1  0.4006320000000  0.7035570000000  0.5518030000000 1.0
C      1  0.5993680000000  0.7035570000000  0.4481970000000 1.0
C      1  0.4006320000000  0.2964430000000  0.4481970000000 1.0
C      1  0.6198920000000  0.5517240000000  0.4509540000000 1.0
C      1  0.5517240000000  0.4509540000000  0.6198920000000 1.0
C      1  0.4509540000000  0.6198920000000  0.5517240000000 1.0
C      1  0.3801080000000  0.4482760000000  0.4509540000000 1.0
C      1  0.6198920000000  0.4482760000000  0.5490460000000 1.0
C      1  0.3801080000000  0.5517240000000  0.5490460000000 1.0
C      1  0.4482760000000  0.5490460000000  0.6198920000000 1.0
C      1  0.5517240000000  0.5490460000000  0.3801080000000 1.0
C      1  0.4482760000000  0.4509540000000  0.3801080000000 1.0
C      1  0.5490460000000  0.3801080000000  0.5517240000000 1.0
C      1  0.4509540000000  0.3801080000000  0.4482760000000 1.0
C      1  0.5490460000000  0.6198920000000  0.4482760000000 1.0
C      1  0.6198920000000  0.5517240000000  0.5490460000000 1.0
C      1  0.5517240000000  0.4509540000000  0.3801080000000 1.0
C      1  0.4509540000000  0.6198920000000  0.4482760000000 1.0
C      1  0.3801080000000  0.4482760000000  0.5490460000000 1.0
C      1  0.6198920000000  0.4482760000000  0.4509540000000 1.0
C      1  0.3801080000000  0.5517240000000  0.4509540000000 1.0
C      1  0.4482760000000  0.5490460000000  0.3801080000000 1.0
C      1  0.5517240000000  0.5490460000000  0.6198920000000 1.0
C      1  0.4482760000000  0.4509540000000  0.6198920000000 1.0
C      1  0.5490460000000  0.3801080000000  0.4482760000000 1.0
C      1  0.4509540000000  0.3801080000000  0.5517240000000 1.0
C      1  0.5490460000000  0.6198920000000  0.5517240000000 1.0
C      1  0.7606890000000  0.5000000000000  0.6390540000000 1.0
C      1  0.5000000000000  0.6390540000000  0.7606890000000 1.0
C      1  0.6390540000000  0.7606890000000  0.5000000000000 1.0
C      1  0.2393110000000  0.5000000000000  0.6390540000000 1.0
C      1  0.7606890000000  0.5000000000000  0.3609460000000 1.0
C      1  0.2393110000000  0.5000000000000  0.3609460000000 1.0
C      1  0.5000000000000  0.3609460000000  0.7606890000000 1.0
C      1  0.5000000000000  0.3609460000000  0.2393110000000 1.0
C      1  0.5000000000000  0.6390540000000  0.2393110000000 1.0
C      1  0.3609460000000  0.2393110000000  0.5000000000000 1.0
C      1  0.6390540000000  0.2393110000000  0.5000000000000 1.0
C      1  0.3609460000000  0.7606890000000  0.5000000000000 1.0
END
