TITL C-2159255-4746-1023 -0.00309383730162127 3375 -453.905395217406 0 0 60 (Ih) n - 1
REM
REM in /scratch/bkarasulu/871
REM
REM
REM
REM
REM
REM ./C.cell (a2850807a9bf4ad07a5b6933b78d9264)
REM AIRSS Version 0.9.1 bugfix July 2018 build 013d7b7c2542+ Fri, 06 Jul 2018 19:26:36 +0100
REM compiler GCC version 9.2.1 20190827 (Red Hat 9.2.1-1)
REM options -cpp -mtune=generic -march=x86-64 -g -O0 -fpre-include=/usr/include/finclude/math-vector-fortran.h
REM seed 680845615 -1923481681 -245610110 1437364372 -981306121 -1203844475 -1515801597 -2031572031 -241208727 206583933 1997557698 -1102421417 -1321566130 1417476646 -277649665 1384758183 -1921720220 -712692498 -1917348859 -1029124824 232916129 -311157262 -1085746223 1689937 1245091293 116612041 667051547 -1653131274 476691918 1166916963 1828715529 -1824430821 1704177761
REM
CELL 1.54180   15.00000   15.00000   15.00000   90.00000   90.00000   90.00000
LATT -1
SFAC C  
C      1  0.7017950000000  0.5948700000000  0.5781370000000 1.0
C      1  0.5948700000000  0.5781370000000  0.7017950000000 1.0
C      1  0.5781370000000  0.7017950000000  0.5948700000000 1.0
C      1  0.2982050000000  0.4051300000000  0.5781370000000 1.0
C      1  0.7017950000000  0.4051300000000  0.4218630000000 1.0
C      1  0.2982050000000  0.5948700000000  0.4218630000000 1.0
C      1  0.4051300000000  0.4218630000000  0.7017950000000 1.0
C      1  0.5948700000000  0.4218630000000  0.2982050000000 1.0
C      1  0.4051300000000  0.5781370000000  0.2982050000000 1.0
C      1  0.4218630000000  0.2982050000000  0.5948700000000 1.0
C      1  0.5781370000000  0.2982050000000  0.4051300000000 1.0
C      1  0.4218630000000  0.7017950000000  0.4051300000000 1.0
C      1  0.7017950000000  0.5948700000000  0.4218630000000 1.0
C      1  0.5948700000000  0.5781370000000  0.2982050000000 1.0
C      1  0.5781370000000  0.7017950000000  0.4051300000000 1.0
C      1  0.2982050000000  0.4051300000000  0.4218630000000 1.0
C      1  0.7017950000000  0.4051300000000  0.5781370000000 1.0
C      1  0.2982050000000  0.5948700000000  0.5781370000000 1.0
C      1  0.4051300000000  0.4218630000000  0.2982050000000 1.0
C      1  0.5948700000000  0.4218630000000  0.7017950000000 1.0
C      1  0.4051300000000  0.5781370000000  0.7017950000000 1.0
C      1  0.4218630000000  0.2982050000000  0.4051300000000 1.0
C      1  0.5781370000000  0.2982050000000  0.5948700000000 1.0
C      1  0.4218630000000  0.7017950000000  0.5948700000000 1.0
C      1  0.3269930000000  0.5482910000000  0.3464970000000 1.0
C      1  0.5482910000000  0.3464970000000  0.3269930000000 1.0
C      1  0.3464970000000  0.3269930000000  0.5482910000000 1.0
C      1  0.6730070000000  0.4517090000000  0.3464970000000 1.0
C      1  0.3269930000000  0.4517090000000  0.6535030000000 1.0
C      1  0.6730070000000  0.5482910000000  0.6535030000000 1.0
C      1  0.4517090000000  0.6535030000000  0.3269930000000 1.0
C      1  0.5482910000000  0.6535030000000  0.6730070000000 1.0
C      1  0.4517090000000  0.3464970000000  0.6730070000000 1.0
C      1  0.6535030000000  0.6730070000000  0.5482910000000 1.0
C      1  0.3464970000000  0.6730070000000  0.4517090000000 1.0
C      1  0.6535030000000  0.3269930000000  0.4517090000000 1.0
C      1  0.3269930000000  0.5482910000000  0.6535030000000 1.0
C      1  0.5482910000000  0.3464970000000  0.6730070000000 1.0
C      1  0.3464970000000  0.3269930000000  0.4517090000000 1.0
C      1  0.6730070000000  0.4517090000000  0.6535030000000 1.0
C      1  0.3269930000000  0.4517090000000  0.3464970000000 1.0
C      1  0.6730070000000  0.5482910000000  0.3464970000000 1.0
C      1  0.4517090000000  0.6535030000000  0.6730070000000 1.0
C      1  0.5482910000000  0.6535030000000  0.3269930000000 1.0
C      1  0.4517090000000  0.3464970000000  0.3269930000000 1.0
C      1  0.6535030000000  0.6730070000000  0.4517090000000 1.0
C      1  0.3464970000000  0.6730070000000  0.5482910000000 1.0
C      1  0.6535030000000  0.3269930000000  0.5482910000000 1.0
C      1  0.5000000000000  0.2683580000000  0.4534210000000 1.0
C      1  0.2683580000000  0.4534210000000  0.5000000000000 1.0
C      1  0.5000000000000  0.7316420000000  0.4534210000000 1.0
C      1  0.5000000000000  0.7316420000000  0.5465790000000 1.0
C      1  0.5000000000000  0.2683580000000  0.5465790000000 1.0
C      1  0.7316420000000  0.5465790000000  0.5000000000000 1.0
C      1  0.2683580000000  0.5465790000000  0.5000000000000 1.0
C      1  0.7316420000000  0.4534210000000  0.5000000000000 1.0
C      1  0.5465790000000  0.5000000000000  0.2683580000000 1.0
C      1  0.4534210000000  0.5000000000000  0.7316420000000 1.0
C      1  0.4534210000000  0.5000000000000  0.2683580000000 1.0
C      1  0.5465790000000  0.5000000000000  0.7316420000000 1.0
END
