TITL C-2159255-4746-726 -0.00156010038926798 3375 -355.635910425111 0 0 60 (Th) n - 1
REM
REM in /scratch/bkarasulu/871
REM
REM
REM
REM
REM
REM ./C.cell (a2850807a9bf4ad07a5b6933b78d9264)
REM AIRSS Version 0.9.1 bugfix July 2018 build 013d7b7c2542+ Fri, 06 Jul 2018 19:26:36 +0100
REM compiler GCC version 9.2.1 20190827 (Red Hat 9.2.1-1)
REM options -cpp -mtune=generic -march=x86-64 -g -O0 -fpre-include=/usr/include/finclude/math-vector-fortran.h
REM seed -1090441544 -666037414 -1774829253 209486158 916754054 1796514194 -1116704073 -177512619 -1802933307 656028247 -49456737 -90388179 1321371262 522947417 -1000747751 1665415875 1814383803 -1961928680 1459630855 -544983022 -1097545727 429649814 -512685426 18144231 -1081068186 1997581791 1840272498 1262572234 1839849450 -636785387 -1684385752 1294306898 1018424420
REM
CELL 1.54180   15.00000   15.00000   15.00000   90.00000   90.00000   90.00000
LATT -1
SFAC C  
C      1  0.4482760000000  0.3801080000000  0.5490460000000 1.0
C      1  0.3801080000000  0.5490460000000  0.4482760000000 1.0
C      1  0.5490460000000  0.4482760000000  0.3801080000000 1.0
C      1  0.5517240000000  0.6198920000000  0.5490460000000 1.0
C      1  0.4482760000000  0.6198920000000  0.4509540000000 1.0
C      1  0.5517240000000  0.3801080000000  0.4509540000000 1.0
C      1  0.6198920000000  0.4509540000000  0.4482760000000 1.0
C      1  0.3801080000000  0.4509540000000  0.5517240000000 1.0
C      1  0.6198920000000  0.5490460000000  0.5517240000000 1.0
C      1  0.4509540000000  0.5517240000000  0.3801080000000 1.0
C      1  0.5490460000000  0.5517240000000  0.6198920000000 1.0
C      1  0.4509540000000  0.4482760000000  0.6198920000000 1.0
C      1  0.4482760000000  0.3801080000000  0.4509540000000 1.0
C      1  0.3801080000000  0.5490460000000  0.5517240000000 1.0
C      1  0.5490460000000  0.4482760000000  0.6198920000000 1.0
C      1  0.5517240000000  0.6198920000000  0.4509540000000 1.0
C      1  0.4482760000000  0.6198920000000  0.5490460000000 1.0
C      1  0.5517240000000  0.3801080000000  0.5490460000000 1.0
C      1  0.6198920000000  0.4509540000000  0.5517240000000 1.0
C      1  0.3801080000000  0.4509540000000  0.4482760000000 1.0
C      1  0.6198920000000  0.5490460000000  0.4482760000000 1.0
C      1  0.4509540000000  0.5517240000000  0.6198920000000 1.0
C      1  0.5490460000000  0.5517240000000  0.3801080000000 1.0
C      1  0.4509540000000  0.4482760000000  0.3801080000000 1.0
C      1  0.5518030000000  0.7035570000000  0.5993680000000 1.0
C      1  0.7035570000000  0.5993680000000  0.5518030000000 1.0
C      1  0.5993680000000  0.5518030000000  0.7035570000000 1.0
C      1  0.4481970000000  0.2964430000000  0.5993680000000 1.0
C      1  0.5518030000000  0.2964430000000  0.4006320000000 1.0
C      1  0.4481970000000  0.7035570000000  0.4006320000000 1.0
C      1  0.2964430000000  0.4006320000000  0.5518030000000 1.0
C      1  0.7035570000000  0.4006320000000  0.4481970000000 1.0
C      1  0.2964430000000  0.5993680000000  0.4481970000000 1.0
C      1  0.4006320000000  0.4481970000000  0.7035570000000 1.0
C      1  0.5993680000000  0.4481970000000  0.2964430000000 1.0
C      1  0.4006320000000  0.5518030000000  0.2964430000000 1.0
C      1  0.5518030000000  0.7035570000000  0.4006320000000 1.0
C      1  0.7035570000000  0.5993680000000  0.4481970000000 1.0
C      1  0.5993680000000  0.5518030000000  0.2964430000000 1.0
C      1  0.4481970000000  0.2964430000000  0.4006320000000 1.0
C      1  0.5518030000000  0.2964430000000  0.5993680000000 1.0
C      1  0.4481970000000  0.7035570000000  0.5993680000000 1.0
C      1  0.2964430000000  0.4006320000000  0.4481970000000 1.0
C      1  0.7035570000000  0.4006320000000  0.5518030000000 1.0
C      1  0.2964430000000  0.5993680000000  0.5518030000000 1.0
C      1  0.4006320000000  0.4481970000000  0.2964430000000 1.0
C      1  0.5993680000000  0.4481970000000  0.7035570000000 1.0
C      1  0.4006320000000  0.5518030000000  0.7035570000000 1.0
C      1  0.6390540000000  0.5000000000000  0.2393110000000 1.0
C      1  0.5000000000000  0.7606890000000  0.3609460000000 1.0
C      1  0.5000000000000  0.2393110000000  0.3609460000000 1.0
C      1  0.3609460000000  0.5000000000000  0.7606890000000 1.0
C      1  0.5000000000000  0.7606890000000  0.6390540000000 1.0
C      1  0.5000000000000  0.2393110000000  0.6390540000000 1.0
C      1  0.2393110000000  0.6390540000000  0.5000000000000 1.0
C      1  0.7606890000000  0.3609460000000  0.5000000000000 1.0
C      1  0.2393110000000  0.3609460000000  0.5000000000000 1.0
C      1  0.7606890000000  0.6390540000000  0.5000000000000 1.0
C      1  0.3609460000000  0.5000000000000  0.2393110000000 1.0
C      1  0.6390540000000  0.5000000000000  0.7606890000000 1.0
END
