TITL C-2159255-4746-441 -0.00159298709504649 3375 -355.636603171989 0 0 60 (Th) n - 1
REM
REM in /scratch/bkarasulu/871
REM
REM
REM
REM
REM
REM ./C.cell (a2850807a9bf4ad07a5b6933b78d9264)
REM AIRSS Version 0.9.1 bugfix July 2018 build 013d7b7c2542+ Fri, 06 Jul 2018 19:26:36 +0100
REM compiler GCC version 9.2.1 20190827 (Red Hat 9.2.1-1)
REM options -cpp -mtune=generic -march=x86-64 -g -O0 -fpre-include=/usr/include/finclude/math-vector-fortran.h
REM seed -559141776 764130873 1320021975 1339136819 -1191868124 -1415534661 2098463694 -630511086 317899911 -184938335 1643747988 61526536 -838800746 -1797050091 -234901474 75631557 1353375259 1079567121 -1869578606 1725890813 1313462883 2116627706 1208956108 -1274193503 -165453091 -1777553394 -1991012445 -1636297466 1284070556 -1238146855 -724402988 -301022583 -98169337
REM
CELL 1.54180   15.00000   15.00000   15.00000   90.00000   90.00000   90.00000
LATT -1
SFAC C  
C      1  0.4509540000000  0.4482760000000  0.6198920000000 1.0
C      1  0.4482760000000  0.6198920000000  0.4509540000000 1.0
C      1  0.6198920000000  0.4509540000000  0.4482760000000 1.0
C      1  0.5490460000000  0.5517240000000  0.6198920000000 1.0
C      1  0.4509540000000  0.5517240000000  0.3801080000000 1.0
C      1  0.5490460000000  0.4482760000000  0.3801080000000 1.0
C      1  0.5517240000000  0.3801080000000  0.4509540000000 1.0
C      1  0.4482760000000  0.3801080000000  0.5490460000000 1.0
C      1  0.5517240000000  0.6198920000000  0.5490460000000 1.0
C      1  0.3801080000000  0.5490460000000  0.4482760000000 1.0
C      1  0.6198920000000  0.5490460000000  0.5517240000000 1.0
C      1  0.3801080000000  0.4509540000000  0.5517240000000 1.0
C      1  0.4509540000000  0.4482760000000  0.3801080000000 1.0
C      1  0.4482760000000  0.6198920000000  0.5490460000000 1.0
C      1  0.6198920000000  0.4509540000000  0.5517240000000 1.0
C      1  0.5490460000000  0.5517240000000  0.3801080000000 1.0
C      1  0.4509540000000  0.5517240000000  0.6198920000000 1.0
C      1  0.5490460000000  0.4482760000000  0.6198920000000 1.0
C      1  0.5517240000000  0.3801080000000  0.5490460000000 1.0
C      1  0.4482760000000  0.3801080000000  0.4509540000000 1.0
C      1  0.5517240000000  0.6198920000000  0.4509540000000 1.0
C      1  0.3801080000000  0.5490460000000  0.5517240000000 1.0
C      1  0.6198920000000  0.5490460000000  0.4482760000000 1.0
C      1  0.3801080000000  0.4509540000000  0.4482760000000 1.0
C      1  0.2964430000000  0.4006320000000  0.5518030000000 1.0
C      1  0.4006320000000  0.5518030000000  0.2964430000000 1.0
C      1  0.5518030000000  0.2964430000000  0.4006320000000 1.0
C      1  0.7035570000000  0.5993680000000  0.5518030000000 1.0
C      1  0.2964430000000  0.5993680000000  0.4481970000000 1.0
C      1  0.7035570000000  0.4006320000000  0.4481970000000 1.0
C      1  0.5993680000000  0.4481970000000  0.2964430000000 1.0
C      1  0.4006320000000  0.4481970000000  0.7035570000000 1.0
C      1  0.5993680000000  0.5518030000000  0.7035570000000 1.0
C      1  0.4481970000000  0.7035570000000  0.4006320000000 1.0
C      1  0.5518030000000  0.7035570000000  0.5993680000000 1.0
C      1  0.4481970000000  0.2964430000000  0.5993680000000 1.0
C      1  0.2964430000000  0.4006320000000  0.4481970000000 1.0
C      1  0.4006320000000  0.5518030000000  0.7035570000000 1.0
C      1  0.5518030000000  0.2964430000000  0.5993680000000 1.0
C      1  0.7035570000000  0.5993680000000  0.4481970000000 1.0
C      1  0.2964430000000  0.5993680000000  0.5518030000000 1.0
C      1  0.7035570000000  0.4006320000000  0.5518030000000 1.0
C      1  0.5993680000000  0.4481970000000  0.7035570000000 1.0
C      1  0.4006320000000  0.4481970000000  0.2964430000000 1.0
C      1  0.5993680000000  0.5518030000000  0.2964430000000 1.0
C      1  0.4481970000000  0.7035570000000  0.5993680000000 1.0
C      1  0.5518030000000  0.7035570000000  0.4006320000000 1.0
C      1  0.4481970000000  0.2964430000000  0.4006320000000 1.0
C      1  0.7606890000000  0.6390540000000  0.5000000000000 1.0
C      1  0.6390540000000  0.5000000000000  0.7606890000000 1.0
C      1  0.5000000000000  0.7606890000000  0.6390540000000 1.0
C      1  0.2393110000000  0.3609460000000  0.5000000000000 1.0
C      1  0.7606890000000  0.3609460000000  0.5000000000000 1.0
C      1  0.2393110000000  0.6390540000000  0.5000000000000 1.0
C      1  0.3609460000000  0.5000000000000  0.7606890000000 1.0
C      1  0.6390540000000  0.5000000000000  0.2393110000000 1.0
C      1  0.3609460000000  0.5000000000000  0.2393110000000 1.0
C      1  0.5000000000000  0.2393110000000  0.6390540000000 1.0
C      1  0.5000000000000  0.2393110000000  0.3609460000000 1.0
C      1  0.5000000000000  0.7606890000000  0.3609460000000 1.0
END
