TITL C-2158984-8299-706 -0.00306320256865079 3375 -453.904749881736 0 0 60 (Ih) n - 1
REM
REM in /scratch/bkarasulu/869
REM
REM
REM
REM
REM
REM ./C.cell (a2850807a9bf4ad07a5b6933b78d9264)
REM AIRSS Version 0.9.1 bugfix July 2018 build 013d7b7c2542+ Fri, 06 Jul 2018 19:26:36 +0100
REM compiler GCC version 9.2.1 20190827 (Red Hat 9.2.1-1)
REM options -cpp -mtune=generic -march=x86-64 -g -O0 -fpre-include=/usr/include/finclude/math-vector-fortran.h
REM seed 347062504 -775214174 2072355887 -2068781153 1794345999 739059987 488345421 -2071755990 1221131698 187948800 1884007434 -909925136 1605293642 1418748203 -1939630608 -122663455 1697517553 -34296330 167620897 1739930234 -384857430 -1202981285 -295964461 434942816 27354417 -749883582 -1973119644 -262015008 1628302537 66666023 169536710 1850196898 -772307632
REM
CELL 1.54180   15.00000   15.00000   15.00000   90.00000   90.00000   90.00000
LATT -1
SFAC C  
C      1  0.4218630000000  0.5948700000000  0.7017950000000 1.0
C      1  0.5948700000000  0.7017950000000  0.4218630000000 1.0
C      1  0.7017950000000  0.4218630000000  0.5948700000000 1.0
C      1  0.5781370000000  0.4051300000000  0.7017950000000 1.0
C      1  0.4218630000000  0.4051300000000  0.2982050000000 1.0
C      1  0.5781370000000  0.5948700000000  0.2982050000000 1.0
C      1  0.4051300000000  0.2982050000000  0.4218630000000 1.0
C      1  0.5948700000000  0.2982050000000  0.5781370000000 1.0
C      1  0.4051300000000  0.7017950000000  0.5781370000000 1.0
C      1  0.2982050000000  0.5781370000000  0.5948700000000 1.0
C      1  0.7017950000000  0.5781370000000  0.4051300000000 1.0
C      1  0.2982050000000  0.4218630000000  0.4051300000000 1.0
C      1  0.4218630000000  0.5948700000000  0.2982050000000 1.0
C      1  0.5948700000000  0.7017950000000  0.5781370000000 1.0
C      1  0.7017950000000  0.4218630000000  0.4051300000000 1.0
C      1  0.5781370000000  0.4051300000000  0.2982050000000 1.0
C      1  0.4218630000000  0.4051300000000  0.7017950000000 1.0
C      1  0.5781370000000  0.5948700000000  0.7017950000000 1.0
C      1  0.4051300000000  0.2982050000000  0.5781370000000 1.0
C      1  0.5948700000000  0.2982050000000  0.4218630000000 1.0
C      1  0.4051300000000  0.7017950000000  0.4218630000000 1.0
C      1  0.2982050000000  0.5781370000000  0.4051300000000 1.0
C      1  0.7017950000000  0.5781370000000  0.5948700000000 1.0
C      1  0.2982050000000  0.4218630000000  0.5948700000000 1.0
C      1  0.3464970000000  0.5482910000000  0.6730070000000 1.0
C      1  0.5482910000000  0.6730070000000  0.3464970000000 1.0
C      1  0.6730070000000  0.3464970000000  0.5482910000000 1.0
C      1  0.6535030000000  0.4517090000000  0.6730070000000 1.0
C      1  0.3464970000000  0.4517090000000  0.3269930000000 1.0
C      1  0.6535030000000  0.5482910000000  0.3269930000000 1.0
C      1  0.4517090000000  0.3269930000000  0.3464970000000 1.0
C      1  0.5482910000000  0.3269930000000  0.6535030000000 1.0
C      1  0.4517090000000  0.6730070000000  0.6535030000000 1.0
C      1  0.3269930000000  0.6535030000000  0.5482910000000 1.0
C      1  0.6730070000000  0.6535030000000  0.4517090000000 1.0
C      1  0.3269930000000  0.3464970000000  0.4517090000000 1.0
C      1  0.3464970000000  0.5482910000000  0.3269930000000 1.0
C      1  0.5482910000000  0.6730070000000  0.6535030000000 1.0
C      1  0.6730070000000  0.3464970000000  0.4517090000000 1.0
C      1  0.6535030000000  0.4517090000000  0.3269930000000 1.0
C      1  0.3464970000000  0.4517090000000  0.6730070000000 1.0
C      1  0.6535030000000  0.5482910000000  0.6730070000000 1.0
C      1  0.4517090000000  0.3269930000000  0.6535030000000 1.0
C      1  0.5482910000000  0.3269930000000  0.3464970000000 1.0
C      1  0.4517090000000  0.6730070000000  0.3464970000000 1.0
C      1  0.3269930000000  0.6535030000000  0.4517090000000 1.0
C      1  0.6730070000000  0.6535030000000  0.5482910000000 1.0
C      1  0.3269930000000  0.3464970000000  0.5482910000000 1.0
C      1  0.7316420000000  0.5000000000000  0.5465790000000 1.0
C      1  0.5000000000000  0.4534210000000  0.7316420000000 1.0
C      1  0.5000000000000  0.5465790000000  0.2683580000000 1.0
C      1  0.2683580000000  0.5000000000000  0.5465790000000 1.0
C      1  0.7316420000000  0.5000000000000  0.4534210000000 1.0
C      1  0.2683580000000  0.5000000000000  0.4534210000000 1.0
C      1  0.5000000000000  0.5465790000000  0.7316420000000 1.0
C      1  0.5465790000000  0.7316420000000  0.5000000000000 1.0
C      1  0.5000000000000  0.4534210000000  0.2683580000000 1.0
C      1  0.4534210000000  0.2683580000000  0.5000000000000 1.0
C      1  0.5465790000000  0.2683580000000  0.5000000000000 1.0
C      1  0.4534210000000  0.7316420000000  0.5000000000000 1.0
END
