TITL C-2158988-7926-947 -0.00308659791980406 3375 -453.905242719802 0 0 60 (Ih) n - 1
REM
REM in /scratch/bkarasulu/868
REM
REM
REM
REM
REM
REM ./C.cell (a2850807a9bf4ad07a5b6933b78d9264)
REM AIRSS Version 0.9.1 bugfix July 2018 build 013d7b7c2542+ Fri, 06 Jul 2018 19:26:36 +0100
REM compiler GCC version 9.2.1 20190827 (Red Hat 9.2.1-1)
REM options -cpp -mtune=generic -march=x86-64 -g -O0 -fpre-include=/usr/include/finclude/math-vector-fortran.h
REM seed -871124026 1280959477 -1750105216 2032751764 -128669304 2094842545 -611557339 465880487 1745465944 -1026809223 -1672883273 1778306851 2141233742 -1163643612 -1447410162 364234123 -1105986489 -1521318467 -808782919 1718739260 2039424388 -590179037 -672714099 -938841506 -1657213520 1905604142 -1524649327 1770786439 -41376793 178613944 486939263 -896553141 999063360
REM
CELL 1.54180   15.00000   15.00000   15.00000   90.00000   90.00000   90.00000
LATT -1
SFAC C  
C      1  0.2982050000000  0.5948700000000  0.4218630000000 1.0
C      1  0.5948700000000  0.4218630000000  0.2982050000000 1.0
C      1  0.4218630000000  0.2982050000000  0.5948700000000 1.0
C      1  0.7017950000000  0.4051300000000  0.4218630000000 1.0
C      1  0.2982050000000  0.4051300000000  0.5781370000000 1.0
C      1  0.7017950000000  0.5948700000000  0.5781370000000 1.0
C      1  0.4051300000000  0.5781370000000  0.2982050000000 1.0
C      1  0.5948700000000  0.5781370000000  0.7017950000000 1.0
C      1  0.4051300000000  0.4218630000000  0.7017950000000 1.0
C      1  0.5781370000000  0.7017950000000  0.5948700000000 1.0
C      1  0.4218630000000  0.7017950000000  0.4051300000000 1.0
C      1  0.5781370000000  0.2982050000000  0.4051300000000 1.0
C      1  0.2982050000000  0.5948700000000  0.5781370000000 1.0
C      1  0.5948700000000  0.4218630000000  0.7017950000000 1.0
C      1  0.4218630000000  0.2982050000000  0.4051300000000 1.0
C      1  0.7017950000000  0.4051300000000  0.5781370000000 1.0
C      1  0.2982050000000  0.4051300000000  0.4218630000000 1.0
C      1  0.7017950000000  0.5948700000000  0.4218630000000 1.0
C      1  0.4051300000000  0.5781370000000  0.7017950000000 1.0
C      1  0.5948700000000  0.5781370000000  0.2982050000000 1.0
C      1  0.4051300000000  0.4218630000000  0.2982050000000 1.0
C      1  0.5781370000000  0.7017950000000  0.4051300000000 1.0
C      1  0.4218630000000  0.7017950000000  0.5948700000000 1.0
C      1  0.5781370000000  0.2982050000000  0.5948700000000 1.0
C      1  0.3269930000000  0.5482910000000  0.6535030000000 1.0
C      1  0.5482910000000  0.6535030000000  0.3269930000000 1.0
C      1  0.6535030000000  0.3269930000000  0.5482910000000 1.0
C      1  0.6730070000000  0.4517090000000  0.6535030000000 1.0
C      1  0.3269930000000  0.4517090000000  0.3464970000000 1.0
C      1  0.6730070000000  0.5482910000000  0.3464970000000 1.0
C      1  0.4517090000000  0.3464970000000  0.3269930000000 1.0
C      1  0.5482910000000  0.3464970000000  0.6730070000000 1.0
C      1  0.4517090000000  0.6535030000000  0.6730070000000 1.0
C      1  0.3464970000000  0.6730070000000  0.5482910000000 1.0
C      1  0.6535030000000  0.6730070000000  0.4517090000000 1.0
C      1  0.3464970000000  0.3269930000000  0.4517090000000 1.0
C      1  0.3269930000000  0.5482910000000  0.3464970000000 1.0
C      1  0.5482910000000  0.6535030000000  0.6730070000000 1.0
C      1  0.6535030000000  0.3269930000000  0.4517090000000 1.0
C      1  0.6730070000000  0.4517090000000  0.3464970000000 1.0
C      1  0.3269930000000  0.4517090000000  0.6535030000000 1.0
C      1  0.6730070000000  0.5482910000000  0.6535030000000 1.0
C      1  0.4517090000000  0.3464970000000  0.6730070000000 1.0
C      1  0.5482910000000  0.3464970000000  0.3269930000000 1.0
C      1  0.4517090000000  0.6535030000000  0.3269930000000 1.0
C      1  0.3464970000000  0.6730070000000  0.4517090000000 1.0
C      1  0.6535030000000  0.6730070000000  0.5482910000000 1.0
C      1  0.3464970000000  0.3269930000000  0.5482910000000 1.0
C      1  0.7316420000000  0.5465790000000  0.5000000000000 1.0
C      1  0.7316420000000  0.4534210000000  0.5000000000000 1.0
C      1  0.5465790000000  0.5000000000000  0.2683580000000 1.0
C      1  0.2683580000000  0.4534210000000  0.5000000000000 1.0
C      1  0.4534210000000  0.5000000000000  0.7316420000000 1.0
C      1  0.2683580000000  0.5465790000000  0.5000000000000 1.0
C      1  0.4534210000000  0.5000000000000  0.2683580000000 1.0
C      1  0.5000000000000  0.2683580000000  0.4534210000000 1.0
C      1  0.5465790000000  0.5000000000000  0.7316420000000 1.0
C      1  0.5000000000000  0.7316420000000  0.4534210000000 1.0
C      1  0.5000000000000  0.7316420000000  0.5465790000000 1.0
C      1  0.5000000000000  0.2683580000000  0.5465790000000 1.0
END
