TITL C-2158984-8299-1042 -0.00309067613114043 3375 -453.905328666093 0 0 60 (Ih) n - 1
REM
REM in /scratch/bkarasulu/869
REM
REM
REM
REM
REM
REM ./C.cell (a2850807a9bf4ad07a5b6933b78d9264)
REM AIRSS Version 0.9.1 bugfix July 2018 build 013d7b7c2542+ Fri, 06 Jul 2018 19:26:36 +0100
REM compiler GCC version 9.2.1 20190827 (Red Hat 9.2.1-1)
REM options -cpp -mtune=generic -march=x86-64 -g -O0 -fpre-include=/usr/include/finclude/math-vector-fortran.h
REM seed -2040877404 112723169 950568154 591615384 -842478351 -2140604789 1306339647 778906929 -245221992 1231320158 222073927 874955308 -596478804 -1147301212 -55640007 1076187997 1537721042 634122432 -627251719 -431311842 -244950106 -1703913704 -1918399330 1097439894 439782726 1774172658 1876532323 -147472730 167191967 1818272537 231433515 -623314931 394885184
REM
CELL 1.54180   15.00000   15.00000   15.00000   90.00000   90.00000   90.00000
LATT -1
SFAC C  
C      1  0.4517090000000  0.3269930000000  0.6535030000000 1.0
C      1  0.3269930000000  0.6535030000000  0.4517090000000 1.0
C      1  0.6535030000000  0.4517090000000  0.3269930000000 1.0
C      1  0.5482910000000  0.6730070000000  0.6535030000000 1.0
C      1  0.4517090000000  0.6730070000000  0.3464970000000 1.0
C      1  0.5482910000000  0.3269930000000  0.3464970000000 1.0
C      1  0.6730070000000  0.3464970000000  0.4517090000000 1.0
C      1  0.3269930000000  0.3464970000000  0.5482910000000 1.0
C      1  0.6730070000000  0.6535030000000  0.5482910000000 1.0
C      1  0.3464970000000  0.5482910000000  0.3269930000000 1.0
C      1  0.6535030000000  0.5482910000000  0.6730070000000 1.0
C      1  0.3464970000000  0.4517090000000  0.6730070000000 1.0
C      1  0.4517090000000  0.3269930000000  0.3464970000000 1.0
C      1  0.3269930000000  0.6535030000000  0.5482910000000 1.0
C      1  0.6535030000000  0.4517090000000  0.6730070000000 1.0
C      1  0.5482910000000  0.6730070000000  0.3464970000000 1.0
C      1  0.4517090000000  0.6730070000000  0.6535030000000 1.0
C      1  0.5482910000000  0.3269930000000  0.6535030000000 1.0
C      1  0.6730070000000  0.3464970000000  0.5482910000000 1.0
C      1  0.3269930000000  0.3464970000000  0.4517090000000 1.0
C      1  0.6730070000000  0.6535030000000  0.4517090000000 1.0
C      1  0.3464970000000  0.5482910000000  0.6730070000000 1.0
C      1  0.6535030000000  0.5482910000000  0.3269930000000 1.0
C      1  0.3464970000000  0.4517090000000  0.3269930000000 1.0
C      1  0.5948700000000  0.7017950000000  0.5781370000000 1.0
C      1  0.7017950000000  0.5781370000000  0.5948700000000 1.0
C      1  0.5781370000000  0.5948700000000  0.7017950000000 1.0
C      1  0.4051300000000  0.2982050000000  0.5781370000000 1.0
C      1  0.5948700000000  0.2982050000000  0.4218630000000 1.0
C      1  0.4051300000000  0.7017950000000  0.4218630000000 1.0
C      1  0.2982050000000  0.4218630000000  0.5948700000000 1.0
C      1  0.7017950000000  0.4218630000000  0.4051300000000 1.0
C      1  0.2982050000000  0.5781370000000  0.4051300000000 1.0
C      1  0.4218630000000  0.4051300000000  0.7017950000000 1.0
C      1  0.5781370000000  0.4051300000000  0.2982050000000 1.0
C      1  0.4218630000000  0.5948700000000  0.2982050000000 1.0
C      1  0.5948700000000  0.7017950000000  0.4218630000000 1.0
C      1  0.7017950000000  0.5781370000000  0.4051300000000 1.0
C      1  0.5781370000000  0.5948700000000  0.2982050000000 1.0
C      1  0.4051300000000  0.2982050000000  0.4218630000000 1.0
C      1  0.5948700000000  0.2982050000000  0.5781370000000 1.0
C      1  0.4051300000000  0.7017950000000  0.5781370000000 1.0
C      1  0.2982050000000  0.4218630000000  0.4051300000000 1.0
C      1  0.7017950000000  0.4218630000000  0.5948700000000 1.0
C      1  0.2982050000000  0.5781370000000  0.5948700000000 1.0
C      1  0.4218630000000  0.4051300000000  0.2982050000000 1.0
C      1  0.5781370000000  0.4051300000000  0.7017950000000 1.0
C      1  0.4218630000000  0.5948700000000  0.7017950000000 1.0
C      1  0.5465790000000  0.7316420000000  0.5000000000000 1.0
C      1  0.7316420000000  0.5000000000000  0.5465790000000 1.0
C      1  0.4534210000000  0.2683580000000  0.5000000000000 1.0
C      1  0.5465790000000  0.2683580000000  0.5000000000000 1.0
C      1  0.4534210000000  0.7316420000000  0.5000000000000 1.0
C      1  0.7316420000000  0.5000000000000  0.4534210000000 1.0
C      1  0.5000000000000  0.4534210000000  0.7316420000000 1.0
C      1  0.5000000000000  0.5465790000000  0.2683580000000 1.0
C      1  0.2683580000000  0.5000000000000  0.4534210000000 1.0
C      1  0.2683580000000  0.5000000000000  0.5465790000000 1.0
C      1  0.5000000000000  0.5465790000000  0.7316420000000 1.0
C      1  0.5000000000000  0.4534210000000  0.2683580000000 1.0
END
