TITL C-2158984-8299-1031 -0.0050933091120342 3375 -407.834530880973 0 0 60 (Th) n - 1
REM
REM in /scratch/bkarasulu/869
REM
REM
REM
REM
REM
REM ./C.cell (a2850807a9bf4ad07a5b6933b78d9264)
REM AIRSS Version 0.9.1 bugfix July 2018 build 013d7b7c2542+ Fri, 06 Jul 2018 19:26:36 +0100
REM compiler GCC version 9.2.1 20190827 (Red Hat 9.2.1-1)
REM options -cpp -mtune=generic -march=x86-64 -g -O0 -fpre-include=/usr/include/finclude/math-vector-fortran.h
REM seed -198991498 494768499 -1990020399 1347008871 1090977214 742233615 1249594855 -1076365799 -1182237427 -1750477420 822228934 -1294695880 -402563880 -1265743285 -1562864687 999857960 -325613921 1403982745 -1704334478 -1078393331 -1815074709 -1133712226 -1944907351 -1138066069 543083281 1278596829 -917240806 -2070285676 -1273410676 1800942357 -1919245441 1921204383 812461152
REM
CELL 1.54180   15.00000   15.00000   15.00000   90.00000   90.00000   90.00000
LATT -1
SFAC C  
C      1  0.3882120000000  0.3157760000000  0.3733460000000 1.0
C      1  0.3157760000000  0.3733460000000  0.3882120000000 1.0
C      1  0.3733460000000  0.3882120000000  0.3157760000000 1.0
C      1  0.6117880000000  0.6842240000000  0.3733460000000 1.0
C      1  0.3882120000000  0.6842240000000  0.6266540000000 1.0
C      1  0.6117880000000  0.3157760000000  0.6266540000000 1.0
C      1  0.6842240000000  0.6266540000000  0.3882120000000 1.0
C      1  0.3157760000000  0.6266540000000  0.6117880000000 1.0
C      1  0.6842240000000  0.3733460000000  0.6117880000000 1.0
C      1  0.6266540000000  0.6117880000000  0.3157760000000 1.0
C      1  0.3733460000000  0.6117880000000  0.6842240000000 1.0
C      1  0.6266540000000  0.3882120000000  0.6842240000000 1.0
C      1  0.3882120000000  0.3157760000000  0.6266540000000 1.0
C      1  0.3157760000000  0.3733460000000  0.6117880000000 1.0
C      1  0.3733460000000  0.3882120000000  0.6842240000000 1.0
C      1  0.6117880000000  0.6842240000000  0.6266540000000 1.0
C      1  0.3882120000000  0.6842240000000  0.3733460000000 1.0
C      1  0.6117880000000  0.3157760000000  0.3733460000000 1.0
C      1  0.6842240000000  0.6266540000000  0.6117880000000 1.0
C      1  0.3157760000000  0.6266540000000  0.3882120000000 1.0
C      1  0.6842240000000  0.3733460000000  0.3882120000000 1.0
C      1  0.6266540000000  0.6117880000000  0.6842240000000 1.0
C      1  0.3733460000000  0.6117880000000  0.3157760000000 1.0
C      1  0.6266540000000  0.3882120000000  0.3157760000000 1.0
C      1  0.4504640000000  0.2567830000000  0.4112980000000 1.0
C      1  0.2567830000000  0.4112980000000  0.4504640000000 1.0
C      1  0.4112980000000  0.4504640000000  0.2567830000000 1.0
C      1  0.5495360000000  0.7432170000000  0.4112980000000 1.0
C      1  0.4504640000000  0.7432170000000  0.5887020000000 1.0
C      1  0.5495360000000  0.2567830000000  0.5887020000000 1.0
C      1  0.7432170000000  0.5887020000000  0.4504640000000 1.0
C      1  0.2567830000000  0.5887020000000  0.5495360000000 1.0
C      1  0.7432170000000  0.4112980000000  0.5495360000000 1.0
C      1  0.5887020000000  0.5495360000000  0.2567830000000 1.0
C      1  0.4112980000000  0.5495360000000  0.7432170000000 1.0
C      1  0.5887020000000  0.4504640000000  0.7432170000000 1.0
C      1  0.4504640000000  0.2567830000000  0.5887020000000 1.0
C      1  0.2567830000000  0.4112980000000  0.5495360000000 1.0
C      1  0.4112980000000  0.4504640000000  0.7432170000000 1.0
C      1  0.5495360000000  0.7432170000000  0.5887020000000 1.0
C      1  0.4504640000000  0.7432170000000  0.4112980000000 1.0
C      1  0.5495360000000  0.2567830000000  0.4112980000000 1.0
C      1  0.7432170000000  0.5887020000000  0.5495360000000 1.0
C      1  0.2567830000000  0.5887020000000  0.4504640000000 1.0
C      1  0.7432170000000  0.4112980000000  0.4504640000000 1.0
C      1  0.5887020000000  0.5495360000000  0.7432170000000 1.0
C      1  0.4112980000000  0.5495360000000  0.2567830000000 1.0
C      1  0.5887020000000  0.4504640000000  0.2567830000000 1.0
C      1  0.4501800000000  0.2247000000000  0.5000000000000 1.0
C      1  0.2247000000000  0.5000000000000  0.4501800000000 1.0
C      1  0.5000000000000  0.4501800000000  0.2247000000000 1.0
C      1  0.5498200000000  0.7753000000000  0.5000000000000 1.0
C      1  0.4501800000000  0.7753000000000  0.5000000000000 1.0
C      1  0.5498200000000  0.2247000000000  0.5000000000000 1.0
C      1  0.7753000000000  0.5000000000000  0.4501800000000 1.0
C      1  0.2247000000000  0.5000000000000  0.5498200000000 1.0
C      1  0.7753000000000  0.5000000000000  0.5498200000000 1.0
C      1  0.5000000000000  0.5498200000000  0.2247000000000 1.0
C      1  0.5000000000000  0.5498200000000  0.7753000000000 1.0
C      1  0.5000000000000  0.4501800000000  0.7753000000000 1.0
END
