TITL C-3701779-4465-225 -0.00311232323628966 3375 -453.90578462919 0 0 60 (Ih) n - 1
REM
REM in /scratch/bkarasulu/791
REM
REM
REM
REM
REM
REM ./C.cell (830fe4e9c99271719e6d0bb221258042)
REM AIRSS Version 0.9.1 bugfix July 2018 build 013d7b7c2542+ Fri, 06 Jul 2018 19:26:36 +0100
REM compiler GCC version 9.2.1 20190827 (Red Hat 9.2.1-1)
REM options -cpp -mtune=generic -march=x86-64 -g -O0 -fpre-include=/usr/include/finclude/math-vector-fortran.h
REM seed 264507901 -1017168305 739367004 -1241138457 959062275 468773785 246289415 -1099462337 -1397214580 -2004059003 -1128539488 -554918451 315747847 444459770 -132656974 209411515 -400848520 -1576680906 352530178 1818152128 -488804384 -954950643 978425617 -1871991745 684616380 -879532433 1960771045 -1812225506 -664210022 1574860105 -2037724699 317331975 1633602423
REM
CELL 1.54180   15.00000   15.00000   15.00000   90.00000   90.00000   90.00000
LATT -1
SFAC C  
C      1  0.3269930000000  0.3464970000000  0.5482910000000 1.0
C      1  0.3464970000000  0.5482910000000  0.3269930000000 1.0
C      1  0.5482910000000  0.3269930000000  0.3464970000000 1.0
C      1  0.6730070000000  0.6535030000000  0.5482910000000 1.0
C      1  0.3269930000000  0.6535030000000  0.4517090000000 1.0
C      1  0.6730070000000  0.3464970000000  0.4517090000000 1.0
C      1  0.6535030000000  0.4517090000000  0.3269930000000 1.0
C      1  0.3464970000000  0.4517090000000  0.6730070000000 1.0
C      1  0.6535030000000  0.5482910000000  0.6730070000000 1.0
C      1  0.4517090000000  0.6730070000000  0.3464970000000 1.0
C      1  0.5482910000000  0.6730070000000  0.6535030000000 1.0
C      1  0.4517090000000  0.3269930000000  0.6535030000000 1.0
C      1  0.3269930000000  0.3464970000000  0.4517090000000 1.0
C      1  0.3464970000000  0.5482910000000  0.6730070000000 1.0
C      1  0.5482910000000  0.3269930000000  0.6535030000000 1.0
C      1  0.6730070000000  0.6535030000000  0.4517090000000 1.0
C      1  0.3269930000000  0.6535030000000  0.5482910000000 1.0
C      1  0.6730070000000  0.3464970000000  0.5482910000000 1.0
C      1  0.6535030000000  0.4517090000000  0.6730070000000 1.0
C      1  0.3464970000000  0.4517090000000  0.3269930000000 1.0
C      1  0.6535030000000  0.5482910000000  0.3269930000000 1.0
C      1  0.4517090000000  0.6730070000000  0.6535030000000 1.0
C      1  0.5482910000000  0.6730070000000  0.3464970000000 1.0
C      1  0.4517090000000  0.3269930000000  0.3464970000000 1.0
C      1  0.5781370000000  0.5948700000000  0.7017950000000 1.0
C      1  0.5948700000000  0.7017950000000  0.5781370000000 1.0
C      1  0.7017950000000  0.5781370000000  0.5948700000000 1.0
C      1  0.4218630000000  0.4051300000000  0.7017950000000 1.0
C      1  0.5781370000000  0.4051300000000  0.2982050000000 1.0
C      1  0.4218630000000  0.5948700000000  0.2982050000000 1.0
C      1  0.4051300000000  0.2982050000000  0.5781370000000 1.0
C      1  0.5948700000000  0.2982050000000  0.4218630000000 1.0
C      1  0.4051300000000  0.7017950000000  0.4218630000000 1.0
C      1  0.2982050000000  0.4218630000000  0.5948700000000 1.0
C      1  0.7017950000000  0.4218630000000  0.4051300000000 1.0
C      1  0.2982050000000  0.5781370000000  0.4051300000000 1.0
C      1  0.5781370000000  0.5948700000000  0.2982050000000 1.0
C      1  0.5948700000000  0.7017950000000  0.4218630000000 1.0
C      1  0.7017950000000  0.5781370000000  0.4051300000000 1.0
C      1  0.4218630000000  0.4051300000000  0.2982050000000 1.0
C      1  0.5781370000000  0.4051300000000  0.7017950000000 1.0
C      1  0.4218630000000  0.5948700000000  0.7017950000000 1.0
C      1  0.4051300000000  0.2982050000000  0.4218630000000 1.0
C      1  0.5948700000000  0.2982050000000  0.5781370000000 1.0
C      1  0.4051300000000  0.7017950000000  0.5781370000000 1.0
C      1  0.2982050000000  0.4218630000000  0.4051300000000 1.0
C      1  0.7017950000000  0.4218630000000  0.5948700000000 1.0
C      1  0.2982050000000  0.5781370000000  0.5948700000000 1.0
C      1  0.5000000000000  0.4534210000000  0.2683580000000 1.0
C      1  0.4534210000000  0.2683580000000  0.5000000000000 1.0
C      1  0.2683580000000  0.5000000000000  0.4534210000000 1.0
C      1  0.5000000000000  0.5465790000000  0.2683580000000 1.0
C      1  0.5000000000000  0.5465790000000  0.7316420000000 1.0
C      1  0.5000000000000  0.4534210000000  0.7316420000000 1.0
C      1  0.5465790000000  0.7316420000000  0.5000000000000 1.0
C      1  0.4534210000000  0.7316420000000  0.5000000000000 1.0
C      1  0.5465790000000  0.2683580000000  0.5000000000000 1.0
C      1  0.7316420000000  0.5000000000000  0.4534210000000 1.0
C      1  0.2683580000000  0.5000000000000  0.5465790000000 1.0
C      1  0.7316420000000  0.5000000000000  0.5465790000000 1.0
END
