TITL C-38198-1686-134 1.96218878709461e-06 125000 -391.467711235589 0 0 60 (Ih) n - 1
REM
REM in /home/bkarasulu/CARBON/AIRSS/Generating-Clusters/EDIP-Nigel-Params/Higher-Symm/Box-15A/Only-C60/SD-CG/FIRE-HFTN
REM
REM
REM
REM
REM
REM ./C.cell (414f73aa93bd7a1190c7fd0f31ff2f98)
REM
REM compiler GCC version 9.2.1 20190827 (Red Hat 9.2.1-1)
REM options -cpp -mtune=generic -march=x86-64 -g -O0 -fpre-include=/usr/include/finclude/math-vector-fortran.h
REM seed -1545377134 -296898073 1658059847 479661054 1317213140 -307866208 767005133 2032146569 1250414341 -1775495563 846984666 912065991 1534436287 -522791392 1755502233 1001331921 1097534181 2142444753 193009859 164929356 -1636287148 1491010742 -1513112205 -827456862 943511330 -1074795798 -1918220195 -490548602 -1079962877 449062003 1370935810 1030336411 421417939
REM
CELL 1.54180   50.00000   50.00000   50.00000   90.00000   90.00000   90.00000
LATT -1
SFAC C  
C      1  0.5241000000000  0.4369360000000  0.4702290000000 1.0
C      1  0.4369360000000  0.4702290000000  0.5241000000000 1.0
C      1  0.4702290000000  0.5241000000000  0.4369360000000 1.0
C      1  0.4759000000000  0.5630640000000  0.4702290000000 1.0
C      1  0.5241000000000  0.5630640000000  0.5297710000000 1.0
C      1  0.4759000000000  0.4369360000000  0.5297710000000 1.0
C      1  0.5630640000000  0.5297710000000  0.5241000000000 1.0
C      1  0.4369360000000  0.5297710000000  0.4759000000000 1.0
C      1  0.5630640000000  0.4702290000000  0.4759000000000 1.0
C      1  0.5297710000000  0.4759000000000  0.4369360000000 1.0
C      1  0.4702290000000  0.4759000000000  0.5630640000000 1.0
C      1  0.5297710000000  0.5241000000000  0.5630640000000 1.0
C      1  0.5241000000000  0.4369360000000  0.5297710000000 1.0
C      1  0.4369360000000  0.4702290000000  0.4759000000000 1.0
C      1  0.4702290000000  0.5241000000000  0.5630640000000 1.0
C      1  0.4759000000000  0.5630640000000  0.5297710000000 1.0
C      1  0.5241000000000  0.5630640000000  0.4702290000000 1.0
C      1  0.4759000000000  0.4369360000000  0.4702290000000 1.0
C      1  0.5630640000000  0.5297710000000  0.4759000000000 1.0
C      1  0.4369360000000  0.5297710000000  0.5241000000000 1.0
C      1  0.5630640000000  0.4702290000000  0.5241000000000 1.0
C      1  0.5297710000000  0.4759000000000  0.5630640000000 1.0
C      1  0.4702290000000  0.4759000000000  0.4369360000000 1.0
C      1  0.5297710000000  0.5241000000000  0.4369360000000 1.0
C      1  0.4851060000000  0.4518300000000  0.4461300000000 1.0
C      1  0.4518300000000  0.4461300000000  0.4851060000000 1.0
C      1  0.4461300000000  0.4851060000000  0.4518300000000 1.0
C      1  0.5148940000000  0.5481700000000  0.4461300000000 1.0
C      1  0.4851060000000  0.5481700000000  0.5538700000000 1.0
C      1  0.5148940000000  0.4518300000000  0.5538700000000 1.0
C      1  0.5481700000000  0.5538700000000  0.4851060000000 1.0
C      1  0.4518300000000  0.5538700000000  0.5148940000000 1.0
C      1  0.5481700000000  0.4461300000000  0.5148940000000 1.0
C      1  0.5538700000000  0.5148940000000  0.4518300000000 1.0
C      1  0.4461300000000  0.5148940000000  0.5481700000000 1.0
C      1  0.5538700000000  0.4851060000000  0.5481700000000 1.0
C      1  0.4851060000000  0.4518300000000  0.5538700000000 1.0
C      1  0.4518300000000  0.4461300000000  0.5148940000000 1.0
C      1  0.4461300000000  0.4851060000000  0.5481700000000 1.0
C      1  0.5148940000000  0.5481700000000  0.5538700000000 1.0
C      1  0.4851060000000  0.5481700000000  0.4461300000000 1.0
C      1  0.5148940000000  0.4518300000000  0.4461300000000 1.0
C      1  0.5481700000000  0.5538700000000  0.5148940000000 1.0
C      1  0.4518300000000  0.5538700000000  0.4851060000000 1.0
C      1  0.5481700000000  0.4461300000000  0.4851060000000 1.0
C      1  0.5538700000000  0.5148940000000  0.5481700000000 1.0
C      1  0.4461300000000  0.5148940000000  0.4518300000000 1.0
C      1  0.5538700000000  0.4851060000000  0.4518300000000 1.0
C      1  0.5722690000000  0.4851240000000  0.5000000000000 1.0
C      1  0.4851240000000  0.5000000000000  0.5722690000000 1.0
C      1  0.5000000000000  0.5722690000000  0.4851240000000 1.0
C      1  0.5722690000000  0.5148760000000  0.5000000000000 1.0
C      1  0.5148760000000  0.5000000000000  0.5722690000000 1.0
C      1  0.5148760000000  0.5000000000000  0.4277310000000 1.0
C      1  0.5000000000000  0.4277310000000  0.4851240000000 1.0
C      1  0.5000000000000  0.4277310000000  0.5148760000000 1.0
C      1  0.5000000000000  0.5722690000000  0.5148760000000 1.0
C      1  0.4851240000000  0.5000000000000  0.4277310000000 1.0
C      1  0.4277310000000  0.5148760000000  0.5000000000000 1.0
C      1  0.4277310000000  0.4851240000000  0.5000000000000 1.0
END
