TITL C-38184-643-565 6.699901870315e-07 125000 -391.467711235592 0 0 60 (Ih) n - 1
REM
REM in /home/bkarasulu/CARBON/AIRSS/Generating-Clusters/EDIP-Nigel-Params/Higher-Symm/Box-15A/Only-C60/SD-CG/FIRE-HFTN
REM
REM
REM
REM
REM
REM ./C.cell (414f73aa93bd7a1190c7fd0f31ff2f98)
REM
REM compiler GCC version 9.2.1 20190827 (Red Hat 9.2.1-1)
REM options -cpp -mtune=generic -march=x86-64 -g -O0 -fpre-include=/usr/include/finclude/math-vector-fortran.h
REM seed -625316448 848474842 1572782477 -489353831 -448342761 -1799431826 753901209 -1906428925 -2053551086 1016296691 1644202380 -16995466 506833018 -808463963 1317210452 -2108237913 1312469540 -275244490 -1998445964 -827069332 -768845896 1561949641 -421624339 740620215 -1669572448 1085354624 1998511609 839274679 826148514 -56485536 185865242 917550349 -290939242
REM
CELL 1.54180   50.00000   50.00000   50.00000   90.00000   90.00000   90.00000
LATT -1
SFAC C  
C      1  0.5241000000000  0.5297710000000  0.4369360000000 1.0
C      1  0.5297710000000  0.4369360000000  0.5241000000000 1.0
C      1  0.4369360000000  0.5241000000000  0.5297710000000 1.0
C      1  0.4759000000000  0.4702290000000  0.4369360000000 1.0
C      1  0.5241000000000  0.4702290000000  0.5630640000000 1.0
C      1  0.4759000000000  0.5297710000000  0.5630640000000 1.0
C      1  0.4702290000000  0.5630640000000  0.5241000000000 1.0
C      1  0.5297710000000  0.5630640000000  0.4759000000000 1.0
C      1  0.4702290000000  0.4369360000000  0.4759000000000 1.0
C      1  0.5630640000000  0.4759000000000  0.5297710000000 1.0
C      1  0.4369360000000  0.4759000000000  0.4702290000000 1.0
C      1  0.5630640000000  0.5241000000000  0.4702290000000 1.0
C      1  0.5241000000000  0.5297710000000  0.5630640000000 1.0
C      1  0.5297710000000  0.4369360000000  0.4759000000000 1.0
C      1  0.4369360000000  0.5241000000000  0.4702290000000 1.0
C      1  0.4759000000000  0.4702290000000  0.5630640000000 1.0
C      1  0.5241000000000  0.4702290000000  0.4369360000000 1.0
C      1  0.4759000000000  0.5297710000000  0.4369360000000 1.0
C      1  0.4702290000000  0.5630640000000  0.4759000000000 1.0
C      1  0.5297710000000  0.5630640000000  0.5241000000000 1.0
C      1  0.4702290000000  0.4369360000000  0.5241000000000 1.0
C      1  0.5630640000000  0.4759000000000  0.4702290000000 1.0
C      1  0.4369360000000  0.4759000000000  0.5297710000000 1.0
C      1  0.5630640000000  0.5241000000000  0.5297710000000 1.0
C      1  0.4518300000000  0.4851060000000  0.5538700000000 1.0
C      1  0.4851060000000  0.5538700000000  0.4518300000000 1.0
C      1  0.5538700000000  0.4518300000000  0.4851060000000 1.0
C      1  0.5481700000000  0.5148940000000  0.5538700000000 1.0
C      1  0.4518300000000  0.5148940000000  0.4461300000000 1.0
C      1  0.5481700000000  0.4851060000000  0.4461300000000 1.0
C      1  0.5148940000000  0.4461300000000  0.4518300000000 1.0
C      1  0.4851060000000  0.4461300000000  0.5481700000000 1.0
C      1  0.5148940000000  0.5538700000000  0.5481700000000 1.0
C      1  0.4461300000000  0.5481700000000  0.4851060000000 1.0
C      1  0.5538700000000  0.5481700000000  0.5148940000000 1.0
C      1  0.4461300000000  0.4518300000000  0.5148940000000 1.0
C      1  0.4518300000000  0.4851060000000  0.4461300000000 1.0
C      1  0.4851060000000  0.5538700000000  0.5481700000000 1.0
C      1  0.5538700000000  0.4518300000000  0.5148940000000 1.0
C      1  0.5481700000000  0.5148940000000  0.4461300000000 1.0
C      1  0.4518300000000  0.5148940000000  0.5538700000000 1.0
C      1  0.5481700000000  0.4851060000000  0.5538700000000 1.0
C      1  0.5148940000000  0.4461300000000  0.5481700000000 1.0
C      1  0.4851060000000  0.4461300000000  0.4518300000000 1.0
C      1  0.5148940000000  0.5538700000000  0.4518300000000 1.0
C      1  0.4461300000000  0.5481700000000  0.5148940000000 1.0
C      1  0.5538700000000  0.5481700000000  0.4851060000000 1.0
C      1  0.4461300000000  0.4518300000000  0.4851060000000 1.0
C      1  0.5000000000000  0.5148760000000  0.5722690000000 1.0
C      1  0.5000000000000  0.4851240000000  0.5722690000000 1.0
C      1  0.5000000000000  0.4851240000000  0.4277310000000 1.0
C      1  0.5000000000000  0.5148760000000  0.4277310000000 1.0
C      1  0.5148760000000  0.5722690000000  0.5000000000000 1.0
C      1  0.5722690000000  0.5000000000000  0.5148760000000 1.0
C      1  0.4851240000000  0.4277310000000  0.5000000000000 1.0
C      1  0.5148760000000  0.4277310000000  0.5000000000000 1.0
C      1  0.4851240000000  0.5722690000000  0.5000000000000 1.0
C      1  0.4277310000000  0.5000000000000  0.5148760000000 1.0
C      1  0.5722690000000  0.5000000000000  0.4851240000000 1.0
C      1  0.4277310000000  0.5000000000000  0.4851240000000 1.0
END
