TITL C-38187-2739-473 -0.00966388522641031 125000 -350.117431454452 0 0 60 (Th) n - 1
REM
REM in /home/bkarasulu/CARBON/AIRSS/Generating-Clusters/EDIP-Nigel-Params/Higher-Symm/Box-15A/Only-C60/SD-CG/FIRE-HFTN
REM
REM
REM
REM
REM
REM ./C.cell (414f73aa93bd7a1190c7fd0f31ff2f98)
REM
REM compiler GCC version 9.2.1 20190827 (Red Hat 9.2.1-1)
REM options -cpp -mtune=generic -march=x86-64 -g -O0 -fpre-include=/usr/include/finclude/math-vector-fortran.h
REM seed -538425314 361564066 1081624044 -2043137169 -116781360 1451518611 1547863844 -1666337191 993497944 1129192932 -616814183 -2087597258 172227101 1678217300 445466676 580794130 -717351842 970891612 -167401450 -1762365483 852514241 1646303386 522844592 1652484884 -1110484870 795651016 -1732572688 -2137988084 -286918026 -192058933 228196039 1155171668 -426438930
REM
CELL 1.54180   50.00000   50.00000   50.00000   90.00000   90.00000   90.00000
LATT -1
SFAC C  
C      1  0.4437290000000  0.4848810000000  0.4481580000000 1.0
C      1  0.4848810000000  0.4481580000000  0.4437290000000 1.0
C      1  0.4481580000000  0.4437290000000  0.4848810000000 1.0
C      1  0.5562710000000  0.5151190000000  0.4481580000000 1.0
C      1  0.4437290000000  0.5151190000000  0.5518420000000 1.0
C      1  0.5562710000000  0.4848810000000  0.5518420000000 1.0
C      1  0.5151190000000  0.5518420000000  0.4437290000000 1.0
C      1  0.4848810000000  0.5518420000000  0.5562710000000 1.0
C      1  0.5151190000000  0.4481580000000  0.5562710000000 1.0
C      1  0.5518420000000  0.5562710000000  0.4848810000000 1.0
C      1  0.4481580000000  0.5562710000000  0.5151190000000 1.0
C      1  0.5518420000000  0.4437290000000  0.5151190000000 1.0
C      1  0.4437290000000  0.4848810000000  0.5518420000000 1.0
C      1  0.4848810000000  0.4481580000000  0.5562710000000 1.0
C      1  0.4481580000000  0.4437290000000  0.5151190000000 1.0
C      1  0.5562710000000  0.5151190000000  0.5518420000000 1.0
C      1  0.4437290000000  0.5151190000000  0.4481580000000 1.0
C      1  0.5562710000000  0.4848810000000  0.4481580000000 1.0
C      1  0.5151190000000  0.5518420000000  0.5562710000000 1.0
C      1  0.4848810000000  0.5518420000000  0.4437290000000 1.0
C      1  0.5151190000000  0.4481580000000  0.4437290000000 1.0
C      1  0.5518420000000  0.5562710000000  0.5151190000000 1.0
C      1  0.4481580000000  0.5562710000000  0.4848810000000 1.0
C      1  0.5518420000000  0.4437290000000  0.4848810000000 1.0
C      1  0.5223320000000  0.5535860000000  0.4734790000000 1.0
C      1  0.5535860000000  0.4734790000000  0.5223320000000 1.0
C      1  0.4734790000000  0.5223320000000  0.5535860000000 1.0
C      1  0.4776680000000  0.4464140000000  0.4734790000000 1.0
C      1  0.5223320000000  0.4464140000000  0.5265210000000 1.0
C      1  0.4776680000000  0.5535860000000  0.5265210000000 1.0
C      1  0.4464140000000  0.5265210000000  0.5223320000000 1.0
C      1  0.5535860000000  0.5265210000000  0.4776680000000 1.0
C      1  0.4464140000000  0.4734790000000  0.4776680000000 1.0
C      1  0.5265210000000  0.4776680000000  0.5535860000000 1.0
C      1  0.4734790000000  0.4776680000000  0.4464140000000 1.0
C      1  0.5265210000000  0.5223320000000  0.4464140000000 1.0
C      1  0.5223320000000  0.5535860000000  0.5265210000000 1.0
C      1  0.5535860000000  0.4734790000000  0.4776680000000 1.0
C      1  0.4734790000000  0.5223320000000  0.4464140000000 1.0
C      1  0.4776680000000  0.4464140000000  0.5265210000000 1.0
C      1  0.5223320000000  0.4464140000000  0.4734790000000 1.0
C      1  0.4776680000000  0.5535860000000  0.4734790000000 1.0
C      1  0.4464140000000  0.5265210000000  0.4776680000000 1.0
C      1  0.5535860000000  0.5265210000000  0.5223320000000 1.0
C      1  0.4464140000000  0.4734790000000  0.5223320000000 1.0
C      1  0.5265210000000  0.4776680000000  0.4464140000000 1.0
C      1  0.4734790000000  0.4776680000000  0.5535860000000 1.0
C      1  0.5265210000000  0.5223320000000  0.5535860000000 1.0
C      1  0.5000000000000  0.4652990000000  0.4853960000000 1.0
C      1  0.4652990000000  0.4853960000000  0.5000000000000 1.0
C      1  0.4853960000000  0.5000000000000  0.4652990000000 1.0
C      1  0.5000000000000  0.5347010000000  0.4853960000000 1.0
C      1  0.5000000000000  0.5347010000000  0.5146040000000 1.0
C      1  0.5000000000000  0.4652990000000  0.5146040000000 1.0
C      1  0.5347010000000  0.5146040000000  0.5000000000000 1.0
C      1  0.4652990000000  0.5146040000000  0.5000000000000 1.0
C      1  0.5347010000000  0.4853960000000  0.5000000000000 1.0
C      1  0.5146040000000  0.5000000000000  0.4652990000000 1.0
C      1  0.4853960000000  0.5000000000000  0.5347010000000 1.0
C      1  0.5146040000000  0.5000000000000  0.5347010000000 1.0
END
