TITL C-38189-4514-466 -8.42442049717907e-07 125000 -380.775074972288 0 0 60 (Th) n - 1
REM
REM in /home/bkarasulu/CARBON/AIRSS/Generating-Clusters/EDIP-Nigel-Params/Higher-Symm/Box-15A/Only-C60/SD-CG/FIRE-HFTN
REM
REM
REM
REM
REM
REM ./C.cell (414f73aa93bd7a1190c7fd0f31ff2f98)
REM
REM compiler GCC version 9.2.1 20190827 (Red Hat 9.2.1-1)
REM options -cpp -mtune=generic -march=x86-64 -g -O0 -fpre-include=/usr/include/finclude/math-vector-fortran.h
REM seed 1566734970 2049282520 1646222101 -118057180 480422582 1945459439 1980701520 -265256590 63473064 160889576 -1695268804 254231562 -1535064778 -931865498 -876502808 1159268172 1196864254 103497615 1805499059 -2132245130 -168352144 -1934571686 -1248229270 -831319352 87110133 528824236 -2075013591 530008320 -646092918 -1895844287 -966147469 -1930798423 346521344
REM
CELL 1.54180   50.00000   50.00000   50.00000   90.00000   90.00000   90.00000
LATT -1
SFAC C  
C      1  0.5147240000000  0.4554840000000  0.5541180000000 1.0
C      1  0.4554840000000  0.5541180000000  0.5147240000000 1.0
C      1  0.5541180000000  0.5147240000000  0.4554840000000 1.0
C      1  0.4852760000000  0.5445160000000  0.5541180000000 1.0
C      1  0.5147240000000  0.5445160000000  0.4458820000000 1.0
C      1  0.4852760000000  0.4554840000000  0.4458820000000 1.0
C      1  0.5445160000000  0.4458820000000  0.5147240000000 1.0
C      1  0.4554840000000  0.4458820000000  0.4852760000000 1.0
C      1  0.5445160000000  0.5541180000000  0.4852760000000 1.0
C      1  0.4458820000000  0.4852760000000  0.4554840000000 1.0
C      1  0.5541180000000  0.4852760000000  0.5445160000000 1.0
C      1  0.4458820000000  0.5147240000000  0.5445160000000 1.0
C      1  0.5147240000000  0.4554840000000  0.4458820000000 1.0
C      1  0.4554840000000  0.5541180000000  0.4852760000000 1.0
C      1  0.5541180000000  0.5147240000000  0.5445160000000 1.0
C      1  0.4852760000000  0.5445160000000  0.4458820000000 1.0
C      1  0.5147240000000  0.5445160000000  0.5541180000000 1.0
C      1  0.4852760000000  0.4554840000000  0.5541180000000 1.0
C      1  0.5445160000000  0.4458820000000  0.4852760000000 1.0
C      1  0.4554840000000  0.4458820000000  0.5147240000000 1.0
C      1  0.5445160000000  0.5541180000000  0.5147240000000 1.0
C      1  0.4458820000000  0.4852760000000  0.5445160000000 1.0
C      1  0.5541180000000  0.4852760000000  0.4554840000000 1.0
C      1  0.4458820000000  0.5147240000000  0.4554840000000 1.0
C      1  0.5623230000000  0.5320280000000  0.5221700000000 1.0
C      1  0.5320280000000  0.5221700000000  0.5623230000000 1.0
C      1  0.5221700000000  0.5623230000000  0.5320280000000 1.0
C      1  0.4376770000000  0.4679720000000  0.5221700000000 1.0
C      1  0.5623230000000  0.4679720000000  0.4778300000000 1.0
C      1  0.4376770000000  0.5320280000000  0.4778300000000 1.0
C      1  0.4679720000000  0.4778300000000  0.5623230000000 1.0
C      1  0.5320280000000  0.4778300000000  0.4376770000000 1.0
C      1  0.4679720000000  0.5221700000000  0.4376770000000 1.0
C      1  0.4778300000000  0.4376770000000  0.5320280000000 1.0
C      1  0.5221700000000  0.4376770000000  0.4679720000000 1.0
C      1  0.4778300000000  0.5623230000000  0.4679720000000 1.0
C      1  0.5623230000000  0.5320280000000  0.4778300000000 1.0
C      1  0.5320280000000  0.5221700000000  0.4376770000000 1.0
C      1  0.5221700000000  0.5623230000000  0.4679720000000 1.0
C      1  0.4376770000000  0.4679720000000  0.4778300000000 1.0
C      1  0.5623230000000  0.4679720000000  0.5221700000000 1.0
C      1  0.4376770000000  0.5320280000000  0.5221700000000 1.0
C      1  0.4679720000000  0.4778300000000  0.4376770000000 1.0
C      1  0.5320280000000  0.4778300000000  0.5623230000000 1.0
C      1  0.4679720000000  0.5221700000000  0.5623230000000 1.0
C      1  0.4778300000000  0.4376770000000  0.4679720000000 1.0
C      1  0.5221700000000  0.4376770000000  0.5320280000000 1.0
C      1  0.4778300000000  0.5623230000000  0.5320280000000 1.0
C      1  0.5776960000000  0.4775980000000  0.5000000000000 1.0
C      1  0.4775980000000  0.5000000000000  0.5776960000000 1.0
C      1  0.5000000000000  0.5776960000000  0.4775980000000 1.0
C      1  0.4223040000000  0.5224020000000  0.5000000000000 1.0
C      1  0.5776960000000  0.5224020000000  0.5000000000000 1.0
C      1  0.4223040000000  0.4775980000000  0.5000000000000 1.0
C      1  0.5224020000000  0.5000000000000  0.5776960000000 1.0
C      1  0.4775980000000  0.5000000000000  0.4223040000000 1.0
C      1  0.5224020000000  0.5000000000000  0.4223040000000 1.0
C      1  0.5000000000000  0.4223040000000  0.4775980000000 1.0
C      1  0.5000000000000  0.4223040000000  0.5224020000000 1.0
C      1  0.5000000000000  0.5776960000000  0.5224020000000 1.0
END
