TITL C-38193-7935-230 4.60254760319589e-07 125000 -391.467711235592 0 0 60 (Ih) n - 1
REM
REM in /home/bkarasulu/CARBON/AIRSS/Generating-Clusters/EDIP-Nigel-Params/Higher-Symm/Box-15A/Only-C60/SD-CG/FIRE-HFTN
REM
REM
REM
REM
REM
REM ./C.cell (414f73aa93bd7a1190c7fd0f31ff2f98)
REM
REM compiler GCC version 9.2.1 20190827 (Red Hat 9.2.1-1)
REM options -cpp -mtune=generic -march=x86-64 -g -O0 -fpre-include=/usr/include/finclude/math-vector-fortran.h
REM seed 1300474616 -780162377 1996266709 -1772384264 -1521103306 -2061995450 977716191 885532965 2097429088 -423196429 1023894275 -1137754612 2067292010 1664549271 -1761911217 -1449256970 544143640 2129254160 -537578611 -2145380253 623647292 -344835222 955252548 -880377823 -1933338976 -884621413 -222810709 765243217 959846814 -1347482311 -1119947044 1427093068 -849045975
REM
CELL 1.54180   50.00000   50.00000   50.00000   90.00000   90.00000   90.00000
LATT -1
SFAC C  
C      1  0.5630640000000  0.4759000000000  0.4702290000000 1.0
C      1  0.4759000000000  0.4702290000000  0.5630640000000 1.0
C      1  0.4702290000000  0.5630640000000  0.4759000000000 1.0
C      1  0.4369360000000  0.5241000000000  0.4702290000000 1.0
C      1  0.5630640000000  0.5241000000000  0.5297710000000 1.0
C      1  0.4369360000000  0.4759000000000  0.5297710000000 1.0
C      1  0.5241000000000  0.5297710000000  0.5630640000000 1.0
C      1  0.4759000000000  0.5297710000000  0.4369360000000 1.0
C      1  0.5241000000000  0.4702290000000  0.4369360000000 1.0
C      1  0.5297710000000  0.4369360000000  0.4759000000000 1.0
C      1  0.4702290000000  0.4369360000000  0.5241000000000 1.0
C      1  0.5297710000000  0.5630640000000  0.5241000000000 1.0
C      1  0.5630640000000  0.4759000000000  0.5297710000000 1.0
C      1  0.4759000000000  0.4702290000000  0.4369360000000 1.0
C      1  0.4702290000000  0.5630640000000  0.5241000000000 1.0
C      1  0.4369360000000  0.5241000000000  0.5297710000000 1.0
C      1  0.5630640000000  0.5241000000000  0.4702290000000 1.0
C      1  0.4369360000000  0.4759000000000  0.4702290000000 1.0
C      1  0.5241000000000  0.5297710000000  0.4369360000000 1.0
C      1  0.4759000000000  0.5297710000000  0.5630640000000 1.0
C      1  0.5241000000000  0.4702290000000  0.5630640000000 1.0
C      1  0.5297710000000  0.4369360000000  0.5241000000000 1.0
C      1  0.4702290000000  0.4369360000000  0.4759000000000 1.0
C      1  0.5297710000000  0.5630640000000  0.4759000000000 1.0
C      1  0.5148940000000  0.4461300000000  0.4518300000000 1.0
C      1  0.4461300000000  0.4518300000000  0.5148940000000 1.0
C      1  0.4518300000000  0.5148940000000  0.4461300000000 1.0
C      1  0.4851060000000  0.5538700000000  0.4518300000000 1.0
C      1  0.5148940000000  0.5538700000000  0.5481700000000 1.0
C      1  0.4851060000000  0.4461300000000  0.5481700000000 1.0
C      1  0.5538700000000  0.5481700000000  0.5148940000000 1.0
C      1  0.4461300000000  0.5481700000000  0.4851060000000 1.0
C      1  0.5538700000000  0.4518300000000  0.4851060000000 1.0
C      1  0.5481700000000  0.4851060000000  0.4461300000000 1.0
C      1  0.4518300000000  0.4851060000000  0.5538700000000 1.0
C      1  0.5481700000000  0.5148940000000  0.5538700000000 1.0
C      1  0.5148940000000  0.4461300000000  0.5481700000000 1.0
C      1  0.4461300000000  0.4518300000000  0.4851060000000 1.0
C      1  0.4518300000000  0.5148940000000  0.5538700000000 1.0
C      1  0.4851060000000  0.5538700000000  0.5481700000000 1.0
C      1  0.5148940000000  0.5538700000000  0.4518300000000 1.0
C      1  0.4851060000000  0.4461300000000  0.4518300000000 1.0
C      1  0.5538700000000  0.5481700000000  0.4851060000000 1.0
C      1  0.4461300000000  0.5481700000000  0.5148940000000 1.0
C      1  0.5538700000000  0.4518300000000  0.5148940000000 1.0
C      1  0.5481700000000  0.4851060000000  0.5538700000000 1.0
C      1  0.4518300000000  0.4851060000000  0.4461300000000 1.0
C      1  0.5481700000000  0.5148940000000  0.4461300000000 1.0
C      1  0.4851240000000  0.5722690000000  0.5000000000000 1.0
C      1  0.5148760000000  0.4277310000000  0.5000000000000 1.0
C      1  0.4277310000000  0.5000000000000  0.5148760000000 1.0
C      1  0.5000000000000  0.5148760000000  0.4277310000000 1.0
C      1  0.5722690000000  0.5000000000000  0.4851240000000 1.0
C      1  0.5000000000000  0.4851240000000  0.4277310000000 1.0
C      1  0.5000000000000  0.4851240000000  0.5722690000000 1.0
C      1  0.5000000000000  0.5148760000000  0.5722690000000 1.0
C      1  0.5148760000000  0.5722690000000  0.5000000000000 1.0
C      1  0.4851240000000  0.4277310000000  0.5000000000000 1.0
C      1  0.5722690000000  0.5000000000000  0.5148760000000 1.0
C      1  0.4277310000000  0.5000000000000  0.4851240000000 1.0
END
