TITL C-38185-7677-135 7.28222967299354e-07 125000 -391.467711235592 0 0 60 (Ih) n - 1
REM
REM in /home/bkarasulu/CARBON/AIRSS/Generating-Clusters/EDIP-Nigel-Params/Higher-Symm/Box-15A/Only-C60/SD-CG/FIRE-HFTN
REM
REM
REM
REM
REM
REM ./C.cell (414f73aa93bd7a1190c7fd0f31ff2f98)
REM
REM compiler GCC version 9.2.1 20190827 (Red Hat 9.2.1-1)
REM options -cpp -mtune=generic -march=x86-64 -g -O0 -fpre-include=/usr/include/finclude/math-vector-fortran.h
REM seed -1502776335 -778579233 1063886261 2018772466 -355178329 507333320 1897750483 607299463 1615515027 -1961953399 2066593318 1335680192 447076131 -1747348319 1945319499 -2021743386 1270708358 -929520782 1456834930 1326210127 1956430006 1753825815 -1275386844 529604312 598237457 784667682 184825177 1198989708 436255074 2127207933 1971877721 -1468508185 73959552
REM
CELL 1.54180   50.00000   50.00000   50.00000   90.00000   90.00000   90.00000
LATT -1
SFAC C  
C      1  0.5538700000000  0.5148940000000  0.5481700000000 1.0
C      1  0.5148940000000  0.5481700000000  0.5538700000000 1.0
C      1  0.5481700000000  0.5538700000000  0.5148940000000 1.0
C      1  0.4461300000000  0.4851060000000  0.5481700000000 1.0
C      1  0.5538700000000  0.4851060000000  0.4518300000000 1.0
C      1  0.4461300000000  0.5148940000000  0.4518300000000 1.0
C      1  0.4851060000000  0.4518300000000  0.5538700000000 1.0
C      1  0.5148940000000  0.4518300000000  0.4461300000000 1.0
C      1  0.4851060000000  0.5481700000000  0.4461300000000 1.0
C      1  0.4518300000000  0.4461300000000  0.5148940000000 1.0
C      1  0.5481700000000  0.4461300000000  0.4851060000000 1.0
C      1  0.4518300000000  0.5538700000000  0.4851060000000 1.0
C      1  0.5538700000000  0.5148940000000  0.4518300000000 1.0
C      1  0.5148940000000  0.5481700000000  0.4461300000000 1.0
C      1  0.5481700000000  0.5538700000000  0.4851060000000 1.0
C      1  0.4461300000000  0.4851060000000  0.4518300000000 1.0
C      1  0.5538700000000  0.4851060000000  0.5481700000000 1.0
C      1  0.4461300000000  0.5148940000000  0.5481700000000 1.0
C      1  0.4851060000000  0.4518300000000  0.4461300000000 1.0
C      1  0.5148940000000  0.4518300000000  0.5538700000000 1.0
C      1  0.4851060000000  0.5481700000000  0.5538700000000 1.0
C      1  0.4518300000000  0.4461300000000  0.4851060000000 1.0
C      1  0.5481700000000  0.4461300000000  0.5148940000000 1.0
C      1  0.4518300000000  0.5538700000000  0.5148940000000 1.0
C      1  0.5241000000000  0.5630640000000  0.5297710000000 1.0
C      1  0.5630640000000  0.5297710000000  0.5241000000000 1.0
C      1  0.5297710000000  0.5241000000000  0.5630640000000 1.0
C      1  0.4759000000000  0.4369360000000  0.5297710000000 1.0
C      1  0.5241000000000  0.4369360000000  0.4702290000000 1.0
C      1  0.4759000000000  0.5630640000000  0.4702290000000 1.0
C      1  0.4369360000000  0.4702290000000  0.5241000000000 1.0
C      1  0.5630640000000  0.4702290000000  0.4759000000000 1.0
C      1  0.4369360000000  0.5297710000000  0.4759000000000 1.0
C      1  0.4702290000000  0.4759000000000  0.5630640000000 1.0
C      1  0.5297710000000  0.4759000000000  0.4369360000000 1.0
C      1  0.4702290000000  0.5241000000000  0.4369360000000 1.0
C      1  0.5241000000000  0.5630640000000  0.4702290000000 1.0
C      1  0.5630640000000  0.5297710000000  0.4759000000000 1.0
C      1  0.5297710000000  0.5241000000000  0.4369360000000 1.0
C      1  0.4759000000000  0.4369360000000  0.4702290000000 1.0
C      1  0.5241000000000  0.4369360000000  0.5297710000000 1.0
C      1  0.4759000000000  0.5630640000000  0.5297710000000 1.0
C      1  0.4369360000000  0.4702290000000  0.4759000000000 1.0
C      1  0.5630640000000  0.4702290000000  0.5241000000000 1.0
C      1  0.4369360000000  0.5297710000000  0.5241000000000 1.0
C      1  0.4702290000000  0.4759000000000  0.4369360000000 1.0
C      1  0.5297710000000  0.4759000000000  0.5630640000000 1.0
C      1  0.4702290000000  0.5241000000000  0.5630640000000 1.0
C      1  0.5722690000000  0.5148760000000  0.5000000000000 1.0
C      1  0.5148760000000  0.5000000000000  0.5722690000000 1.0
C      1  0.5000000000000  0.5722690000000  0.5148760000000 1.0
C      1  0.4277310000000  0.4851240000000  0.5000000000000 1.0
C      1  0.5722690000000  0.4851240000000  0.5000000000000 1.0
C      1  0.4277310000000  0.5148760000000  0.5000000000000 1.0
C      1  0.4851240000000  0.5000000000000  0.5722690000000 1.0
C      1  0.5148760000000  0.5000000000000  0.4277310000000 1.0
C      1  0.5000000000000  0.4277310000000  0.5148760000000 1.0
C      1  0.5000000000000  0.4277310000000  0.4851240000000 1.0
C      1  0.5000000000000  0.5722690000000  0.4851240000000 1.0
C      1  0.4851240000000  0.5000000000000  0.4277310000000 1.0
END
