TITL C-38186-4112-27 -8.71012299793634e-07 125000 -380.775074972287 0 0 60 (Th) n - 1
REM
REM in /home/bkarasulu/CARBON/AIRSS/Generating-Clusters/EDIP-Nigel-Params/Higher-Symm/Box-15A/Only-C60/SD-CG/FIRE-HFTN
REM
REM
REM
REM
REM
REM ./C.cell (414f73aa93bd7a1190c7fd0f31ff2f98)
REM
REM compiler GCC version 9.2.1 20190827 (Red Hat 9.2.1-1)
REM options -cpp -mtune=generic -march=x86-64 -g -O0 -fpre-include=/usr/include/finclude/math-vector-fortran.h
REM seed -1575775678 -1157083683 -690170731 207172467 -895252412 -1708486938 -1904701509 2052040697 1253284154 -1726646597 -1988394680 -1667100686 1727982276 1238214935 325299367 1382586547 -1661685774 899849597 836997676 -1953659538 -1202780252 -1102050670 511101610 -1261571272 -1292642016 1914087083 2105031606 654503452 994902282 -247306137 -753990530 -23302076 -1199021929
REM
CELL 1.54180   50.00000   50.00000   50.00000   90.00000   90.00000   90.00000
LATT -1
SFAC C  
C      1  0.5147240000000  0.4458820000000  0.5445160000000 1.0
C      1  0.4458820000000  0.5445160000000  0.5147240000000 1.0
C      1  0.5445160000000  0.5147240000000  0.4458820000000 1.0
C      1  0.4852760000000  0.5541180000000  0.5445160000000 1.0
C      1  0.5147240000000  0.5541180000000  0.4554840000000 1.0
C      1  0.4852760000000  0.4458820000000  0.4554840000000 1.0
C      1  0.5541180000000  0.4554840000000  0.5147240000000 1.0
C      1  0.4458820000000  0.4554840000000  0.4852760000000 1.0
C      1  0.5541180000000  0.5445160000000  0.4852760000000 1.0
C      1  0.4554840000000  0.4852760000000  0.4458820000000 1.0
C      1  0.5445160000000  0.4852760000000  0.5541180000000 1.0
C      1  0.4554840000000  0.5147240000000  0.5541180000000 1.0
C      1  0.5147240000000  0.4458820000000  0.4554840000000 1.0
C      1  0.4458820000000  0.5445160000000  0.4852760000000 1.0
C      1  0.5445160000000  0.5147240000000  0.5541180000000 1.0
C      1  0.4852760000000  0.5541180000000  0.4554840000000 1.0
C      1  0.5147240000000  0.5541180000000  0.5445160000000 1.0
C      1  0.4852760000000  0.4458820000000  0.5445160000000 1.0
C      1  0.5541180000000  0.4554840000000  0.4852760000000 1.0
C      1  0.4458820000000  0.4554840000000  0.5147240000000 1.0
C      1  0.5541180000000  0.5445160000000  0.5147240000000 1.0
C      1  0.4554840000000  0.4852760000000  0.5541180000000 1.0
C      1  0.5445160000000  0.4852760000000  0.4458820000000 1.0
C      1  0.4554840000000  0.5147240000000  0.4458820000000 1.0
C      1  0.5623230000000  0.4778300000000  0.5320280000000 1.0
C      1  0.4778300000000  0.5320280000000  0.5623230000000 1.0
C      1  0.5320280000000  0.5623230000000  0.4778300000000 1.0
C      1  0.4376770000000  0.5221700000000  0.5320280000000 1.0
C      1  0.5623230000000  0.5221700000000  0.4679720000000 1.0
C      1  0.4376770000000  0.4778300000000  0.4679720000000 1.0
C      1  0.5221700000000  0.4679720000000  0.5623230000000 1.0
C      1  0.4778300000000  0.4679720000000  0.4376770000000 1.0
C      1  0.5221700000000  0.5320280000000  0.4376770000000 1.0
C      1  0.4679720000000  0.4376770000000  0.4778300000000 1.0
C      1  0.5320280000000  0.4376770000000  0.5221700000000 1.0
C      1  0.4679720000000  0.5623230000000  0.5221700000000 1.0
C      1  0.5623230000000  0.4778300000000  0.4679720000000 1.0
C      1  0.4778300000000  0.5320280000000  0.4376770000000 1.0
C      1  0.5320280000000  0.5623230000000  0.5221700000000 1.0
C      1  0.4376770000000  0.5221700000000  0.4679720000000 1.0
C      1  0.5623230000000  0.5221700000000  0.5320280000000 1.0
C      1  0.4376770000000  0.4778300000000  0.5320280000000 1.0
C      1  0.5221700000000  0.4679720000000  0.4376770000000 1.0
C      1  0.4778300000000  0.4679720000000  0.5623230000000 1.0
C      1  0.5221700000000  0.5320280000000  0.5623230000000 1.0
C      1  0.4679720000000  0.4376770000000  0.5221700000000 1.0
C      1  0.5320280000000  0.4376770000000  0.4778300000000 1.0
C      1  0.4679720000000  0.5623230000000  0.4778300000000 1.0
C      1  0.4223040000000  0.5000000000000  0.4775980000000 1.0
C      1  0.5776960000000  0.5000000000000  0.4775980000000 1.0
C      1  0.4223040000000  0.5000000000000  0.5224020000000 1.0
C      1  0.5776960000000  0.5000000000000  0.5224020000000 1.0
C      1  0.5000000000000  0.5224020000000  0.4223040000000 1.0
C      1  0.5000000000000  0.5224020000000  0.5776960000000 1.0
C      1  0.5000000000000  0.4775980000000  0.5776960000000 1.0
C      1  0.5224020000000  0.5776960000000  0.5000000000000 1.0
C      1  0.4775980000000  0.5776960000000  0.5000000000000 1.0
C      1  0.5224020000000  0.4223040000000  0.5000000000000 1.0
C      1  0.4775980000000  0.4223040000000  0.5000000000000 1.0
C      1  0.5000000000000  0.4775980000000  0.4223040000000 1.0
END
