TITL C-38187-2739-341 2.27768974823621e-06 125000 -380.775074972284 0 0 60 (Th) n - 1
REM
REM in /home/bkarasulu/CARBON/AIRSS/Generating-Clusters/EDIP-Nigel-Params/Higher-Symm/Box-15A/Only-C60/SD-CG/FIRE-HFTN
REM
REM
REM
REM
REM
REM ./C.cell (414f73aa93bd7a1190c7fd0f31ff2f98)
REM
REM compiler GCC version 9.2.1 20190827 (Red Hat 9.2.1-1)
REM options -cpp -mtune=generic -march=x86-64 -g -O0 -fpre-include=/usr/include/finclude/math-vector-fortran.h
REM seed 1043860814 -1678779746 -1057899977 -1629449718 -788262894 -1130639220 1212099895 364472778 1203935495 -1995503846 -1119398270 170402604 726260343 -143820780 1772321257 563657775 -282734049 1055668372 -625842573 -1364430213 -1811945818 786055672 346532970 304183213 1503842328 121885035 1731516782 833363731 -562931400 1830570502 1151382919 -1451839209 1454109969
REM
CELL 1.54180   50.00000   50.00000   50.00000   90.00000   90.00000   90.00000
LATT -1
SFAC C  
C      1  0.5445160000000  0.4458820000000  0.5147240000000 1.0
C      1  0.4458820000000  0.5147240000000  0.5445160000000 1.0
C      1  0.5147240000000  0.5445160000000  0.4458820000000 1.0
C      1  0.4554840000000  0.5541180000000  0.5147240000000 1.0
C      1  0.5445160000000  0.5541180000000  0.4852760000000 1.0
C      1  0.4554840000000  0.4458820000000  0.4852760000000 1.0
C      1  0.5541180000000  0.4852760000000  0.5445160000000 1.0
C      1  0.4458820000000  0.4852760000000  0.4554840000000 1.0
C      1  0.5541180000000  0.5147240000000  0.4554840000000 1.0
C      1  0.4852760000000  0.4554840000000  0.4458820000000 1.0
C      1  0.5147240000000  0.4554840000000  0.5541180000000 1.0
C      1  0.4852760000000  0.5445160000000  0.5541180000000 1.0
C      1  0.5445160000000  0.4458820000000  0.4852760000000 1.0
C      1  0.4458820000000  0.5147240000000  0.4554840000000 1.0
C      1  0.5147240000000  0.5445160000000  0.5541180000000 1.0
C      1  0.4554840000000  0.5541180000000  0.4852760000000 1.0
C      1  0.5445160000000  0.5541180000000  0.5147240000000 1.0
C      1  0.4554840000000  0.4458820000000  0.5147240000000 1.0
C      1  0.5541180000000  0.4852760000000  0.4554840000000 1.0
C      1  0.4458820000000  0.4852760000000  0.5445160000000 1.0
C      1  0.5541180000000  0.5147240000000  0.5445160000000 1.0
C      1  0.4852760000000  0.4554840000000  0.5541180000000 1.0
C      1  0.5147240000000  0.4554840000000  0.4458820000000 1.0
C      1  0.4852760000000  0.5445160000000  0.4458820000000 1.0
C      1  0.4376770000000  0.4679720000000  0.4778300000000 1.0
C      1  0.4679720000000  0.4778300000000  0.4376770000000 1.0
C      1  0.4778300000000  0.4376770000000  0.4679720000000 1.0
C      1  0.5623230000000  0.5320280000000  0.4778300000000 1.0
C      1  0.4376770000000  0.5320280000000  0.5221700000000 1.0
C      1  0.5623230000000  0.4679720000000  0.5221700000000 1.0
C      1  0.5320280000000  0.5221700000000  0.4376770000000 1.0
C      1  0.4679720000000  0.5221700000000  0.5623230000000 1.0
C      1  0.5320280000000  0.4778300000000  0.5623230000000 1.0
C      1  0.5221700000000  0.5623230000000  0.4679720000000 1.0
C      1  0.4778300000000  0.5623230000000  0.5320280000000 1.0
C      1  0.5221700000000  0.4376770000000  0.5320280000000 1.0
C      1  0.4376770000000  0.4679720000000  0.5221700000000 1.0
C      1  0.4679720000000  0.4778300000000  0.5623230000000 1.0
C      1  0.4778300000000  0.4376770000000  0.5320280000000 1.0
C      1  0.5623230000000  0.5320280000000  0.5221700000000 1.0
C      1  0.4376770000000  0.5320280000000  0.4778300000000 1.0
C      1  0.5623230000000  0.4679720000000  0.4778300000000 1.0
C      1  0.5320280000000  0.5221700000000  0.5623230000000 1.0
C      1  0.4679720000000  0.5221700000000  0.4376770000000 1.0
C      1  0.5320280000000  0.4778300000000  0.4376770000000 1.0
C      1  0.5221700000000  0.5623230000000  0.5320280000000 1.0
C      1  0.4778300000000  0.5623230000000  0.4679720000000 1.0
C      1  0.5221700000000  0.4376770000000  0.4679720000000 1.0
C      1  0.5776960000000  0.4775980000000  0.5000000000000 1.0
C      1  0.4775980000000  0.5000000000000  0.5776960000000 1.0
C      1  0.5000000000000  0.4223040000000  0.5224020000000 1.0
C      1  0.5000000000000  0.5776960000000  0.5224020000000 1.0
C      1  0.4223040000000  0.5224020000000  0.5000000000000 1.0
C      1  0.5776960000000  0.5224020000000  0.5000000000000 1.0
C      1  0.4223040000000  0.4775980000000  0.5000000000000 1.0
C      1  0.5224020000000  0.5000000000000  0.5776960000000 1.0
C      1  0.5224020000000  0.5000000000000  0.4223040000000 1.0
C      1  0.4775980000000  0.5000000000000  0.4223040000000 1.0
C      1  0.5000000000000  0.4223040000000  0.4775980000000 1.0
C      1  0.5000000000000  0.5776960000000  0.4775980000000 1.0
END
