TITL C-38192-7909-496 6.68333903578674e-06 125000 -391.46771123558 0 0 60 (Ih) n - 1
REM
REM in /home/bkarasulu/CARBON/AIRSS/Generating-Clusters/EDIP-Nigel-Params/Higher-Symm/Box-15A/Only-C60/SD-CG/FIRE-HFTN
REM
REM
REM
REM
REM
REM ./C.cell (414f73aa93bd7a1190c7fd0f31ff2f98)
REM
REM compiler GCC version 9.2.1 20190827 (Red Hat 9.2.1-1)
REM options -cpp -mtune=generic -march=x86-64 -g -O0 -fpre-include=/usr/include/finclude/math-vector-fortran.h
REM seed 2028843432 -1204166896 586869941 805689362 -2050427874 -943435100 -1640187071 2106940961 -102581921 1708258881 -1749683642 2019495494 -1880506881 158609666 -751055198 1634024670 728314569 417057910 -2014018040 296856532 1460513243 1683923000 2144159932 -1983910466 -1059875083 434811956 -136960743 163930895 1425814770 -179050455 1624966647 -1650491498 1177303283
REM
CELL 1.54180   50.00000   50.00000   50.00000   90.00000   90.00000   90.00000
LATT -1
SFAC C  
C      1  0.5241000000000  0.4369360000000  0.5297710000000 1.0
C      1  0.4369360000000  0.5297710000000  0.5241000000000 1.0
C      1  0.5297710000000  0.5241000000000  0.4369360000000 1.0
C      1  0.4759000000000  0.5630640000000  0.5297710000000 1.0
C      1  0.5241000000000  0.5630640000000  0.4702290000000 1.0
C      1  0.4759000000000  0.4369360000000  0.4702290000000 1.0
C      1  0.5630640000000  0.4702290000000  0.5241000000000 1.0
C      1  0.4369360000000  0.4702290000000  0.4759000000000 1.0
C      1  0.5630640000000  0.5297710000000  0.4759000000000 1.0
C      1  0.4702290000000  0.4759000000000  0.4369360000000 1.0
C      1  0.5297710000000  0.4759000000000  0.5630640000000 1.0
C      1  0.4702290000000  0.5241000000000  0.5630640000000 1.0
C      1  0.5241000000000  0.4369360000000  0.4702290000000 1.0
C      1  0.4369360000000  0.5297710000000  0.4759000000000 1.0
C      1  0.5297710000000  0.5241000000000  0.5630640000000 1.0
C      1  0.4759000000000  0.5630640000000  0.4702290000000 1.0
C      1  0.5241000000000  0.5630640000000  0.5297710000000 1.0
C      1  0.4759000000000  0.4369360000000  0.5297710000000 1.0
C      1  0.5630640000000  0.4702290000000  0.4759000000000 1.0
C      1  0.4369360000000  0.4702290000000  0.5241000000000 1.0
C      1  0.5630640000000  0.5297710000000  0.5241000000000 1.0
C      1  0.4702290000000  0.4759000000000  0.5630640000000 1.0
C      1  0.5297710000000  0.4759000000000  0.4369360000000 1.0
C      1  0.4702290000000  0.5241000000000  0.4369360000000 1.0
C      1  0.4461300000000  0.4851060000000  0.4518300000000 1.0
C      1  0.4851060000000  0.4518300000000  0.4461300000000 1.0
C      1  0.4518300000000  0.4461300000000  0.4851060000000 1.0
C      1  0.5538700000000  0.5148940000000  0.4518300000000 1.0
C      1  0.4461300000000  0.5148940000000  0.5481700000000 1.0
C      1  0.5538700000000  0.4851060000000  0.5481700000000 1.0
C      1  0.5148940000000  0.5481700000000  0.4461300000000 1.0
C      1  0.4851060000000  0.5481700000000  0.5538700000000 1.0
C      1  0.5148940000000  0.4518300000000  0.5538700000000 1.0
C      1  0.5481700000000  0.5538700000000  0.4851060000000 1.0
C      1  0.4518300000000  0.5538700000000  0.5148940000000 1.0
C      1  0.5481700000000  0.4461300000000  0.5148940000000 1.0
C      1  0.4461300000000  0.4851060000000  0.5481700000000 1.0
C      1  0.4851060000000  0.4518300000000  0.5538700000000 1.0
C      1  0.4518300000000  0.4461300000000  0.5148940000000 1.0
C      1  0.5538700000000  0.5148940000000  0.5481700000000 1.0
C      1  0.4461300000000  0.5148940000000  0.4518300000000 1.0
C      1  0.5538700000000  0.4851060000000  0.4518300000000 1.0
C      1  0.5148940000000  0.5481700000000  0.5538700000000 1.0
C      1  0.4851060000000  0.5481700000000  0.4461300000000 1.0
C      1  0.5148940000000  0.4518300000000  0.4461300000000 1.0
C      1  0.5481700000000  0.5538700000000  0.5148940000000 1.0
C      1  0.4518300000000  0.5538700000000  0.4851060000000 1.0
C      1  0.5481700000000  0.4461300000000  0.4851060000000 1.0
C      1  0.4851240000000  0.5000000000000  0.5722690000000 1.0
C      1  0.5148760000000  0.5000000000000  0.4277310000000 1.0
C      1  0.5000000000000  0.5722690000000  0.4851240000000 1.0
C      1  0.5722690000000  0.4851240000000  0.5000000000000 1.0
C      1  0.5000000000000  0.4277310000000  0.4851240000000 1.0
C      1  0.5000000000000  0.4277310000000  0.5148760000000 1.0
C      1  0.5000000000000  0.5722690000000  0.5148760000000 1.0
C      1  0.4277310000000  0.5148760000000  0.5000000000000 1.0
C      1  0.5722690000000  0.5148760000000  0.5000000000000 1.0
C      1  0.4277310000000  0.4851240000000  0.5000000000000 1.0
C      1  0.5148760000000  0.5000000000000  0.5722690000000 1.0
C      1  0.4851240000000  0.5000000000000  0.4277310000000 1.0
END
