TITL C-8696-5006-206 -2.98835958204786e-07 125000 -391.467711235592 0 0 60 (Ih) n - 1
REM
REM in /home/bkarasulu/CARBON/AIRSS/Generating-Clusters/EDIP-Nigel-Params/Higher-Symm/Box-15A/Only-C60/SD-CG/HFTN-CG
REM
REM
REM
REM
REM
REM ./C.cell (414f73aa93bd7a1190c7fd0f31ff2f98)
REM
REM compiler GCC version 9.2.1 20190827 (Red Hat 9.2.1-1)
REM options -cpp -mtune=generic -march=x86-64 -g -O0 -fpre-include=/usr/include/finclude/math-vector-fortran.h
REM seed 2146423087 1104954071 -408766223 -1210931085 -222496158 -1473593644 2101775767 930746464 1331841728 2081999195 -1649795067 -858567229 2121785034 -2111289826 169511837 -333603745 1985603385 -806449175 739514139 -1348117181 -871006379 655716156 805355091 1392707983 465898307 -386361817 455138880 411089164 127829052 -1553112918 656671214 -351821069 -288872127
REM
CELL 1.54180   50.00000   50.00000   50.00000   90.00000   90.00000   90.00000
LATT -1
SFAC C  
C      1  0.5241000000000  0.4702290000000  0.5630640000000 1.0
C      1  0.4702290000000  0.5630640000000  0.5241000000000 1.0
C      1  0.5630640000000  0.5241000000000  0.4702290000000 1.0
C      1  0.4759000000000  0.5297710000000  0.5630640000000 1.0
C      1  0.5241000000000  0.5297710000000  0.4369360000000 1.0
C      1  0.4759000000000  0.4702290000000  0.4369360000000 1.0
C      1  0.5297710000000  0.4369360000000  0.5241000000000 1.0
C      1  0.4702290000000  0.4369360000000  0.4759000000000 1.0
C      1  0.5297710000000  0.5630640000000  0.4759000000000 1.0
C      1  0.4369360000000  0.4759000000000  0.4702290000000 1.0
C      1  0.5630640000000  0.4759000000000  0.5297710000000 1.0
C      1  0.4369360000000  0.5241000000000  0.5297710000000 1.0
C      1  0.5241000000000  0.4702290000000  0.4369360000000 1.0
C      1  0.4702290000000  0.5630640000000  0.4759000000000 1.0
C      1  0.5630640000000  0.5241000000000  0.5297710000000 1.0
C      1  0.4759000000000  0.5297710000000  0.4369360000000 1.0
C      1  0.5241000000000  0.5297710000000  0.5630640000000 1.0
C      1  0.4759000000000  0.4702290000000  0.5630640000000 1.0
C      1  0.5297710000000  0.4369360000000  0.4759000000000 1.0
C      1  0.4702290000000  0.4369360000000  0.5241000000000 1.0
C      1  0.5297710000000  0.5630640000000  0.5241000000000 1.0
C      1  0.4369360000000  0.4759000000000  0.5297710000000 1.0
C      1  0.5630640000000  0.4759000000000  0.4702290000000 1.0
C      1  0.4369360000000  0.5241000000000  0.4702290000000 1.0
C      1  0.4518300000000  0.4851060000000  0.4461300000000 1.0
C      1  0.4851060000000  0.4461300000000  0.4518300000000 1.0
C      1  0.4461300000000  0.4518300000000  0.4851060000000 1.0
C      1  0.5481700000000  0.5148940000000  0.4461300000000 1.0
C      1  0.4518300000000  0.5148940000000  0.5538700000000 1.0
C      1  0.5481700000000  0.4851060000000  0.5538700000000 1.0
C      1  0.5148940000000  0.5538700000000  0.4518300000000 1.0
C      1  0.4851060000000  0.5538700000000  0.5481700000000 1.0
C      1  0.5148940000000  0.4461300000000  0.5481700000000 1.0
C      1  0.5538700000000  0.5481700000000  0.4851060000000 1.0
C      1  0.4461300000000  0.5481700000000  0.5148940000000 1.0
C      1  0.5538700000000  0.4518300000000  0.5148940000000 1.0
C      1  0.4518300000000  0.4851060000000  0.5538700000000 1.0
C      1  0.4851060000000  0.4461300000000  0.5481700000000 1.0
C      1  0.4461300000000  0.4518300000000  0.5148940000000 1.0
C      1  0.5481700000000  0.5148940000000  0.5538700000000 1.0
C      1  0.4518300000000  0.5148940000000  0.4461300000000 1.0
C      1  0.5481700000000  0.4851060000000  0.4461300000000 1.0
C      1  0.5148940000000  0.5538700000000  0.5481700000000 1.0
C      1  0.4851060000000  0.5538700000000  0.4518300000000 1.0
C      1  0.5148940000000  0.4461300000000  0.4518300000000 1.0
C      1  0.5538700000000  0.5481700000000  0.5148940000000 1.0
C      1  0.4461300000000  0.5481700000000  0.4851060000000 1.0
C      1  0.5538700000000  0.4518300000000  0.4851060000000 1.0
C      1  0.4277310000000  0.5000000000000  0.4851240000000 1.0
C      1  0.4851240000000  0.4277310000000  0.5000000000000 1.0
C      1  0.5722690000000  0.5000000000000  0.4851240000000 1.0
C      1  0.4277310000000  0.5000000000000  0.5148760000000 1.0
C      1  0.5722690000000  0.5000000000000  0.5148760000000 1.0
C      1  0.5000000000000  0.5148760000000  0.4277310000000 1.0
C      1  0.5000000000000  0.4851240000000  0.5722690000000 1.0
C      1  0.5148760000000  0.5722690000000  0.5000000000000 1.0
C      1  0.4851240000000  0.5722690000000  0.5000000000000 1.0
C      1  0.5148760000000  0.4277310000000  0.5000000000000 1.0
C      1  0.5000000000000  0.4851240000000  0.4277310000000 1.0
C      1  0.5000000000000  0.5148760000000  0.5722690000000 1.0
END
