TITL C-8702-7969-17 -3.60732915093656e-07 125000 -391.467711235592 0 0 60 (Ih) n - 1
REM
REM in /home/bkarasulu/CARBON/AIRSS/Generating-Clusters/EDIP-Nigel-Params/Higher-Symm/Box-15A/Only-C60/SD-CG/HFTN-CG
REM
REM
REM
REM
REM
REM ./C.cell (414f73aa93bd7a1190c7fd0f31ff2f98)
REM
REM compiler GCC version 9.2.1 20190827 (Red Hat 9.2.1-1)
REM options -cpp -mtune=generic -march=x86-64 -g -O0 -fpre-include=/usr/include/finclude/math-vector-fortran.h
REM seed -293567974 1096776135 -2104905150 -793609122 247789241 -107060798 -284860150 -1822118774 -1547592206 -137374994 1433107412 -904160620 -1819620112 -254863223 -970049215 -16235807 -1143071193 -39751945 -2119737549 1332092310 631465762 978961214 -819298366 1172329873 2010766192 -1698313684 -1567172384 -1675014065 -1212373046 395999161 -1520020511 464392187 -1515000418
REM
CELL 1.54180   50.00000   50.00000   50.00000   90.00000   90.00000   90.00000
LATT -1
SFAC C  
C      1  0.5630640000000  0.4759000000000  0.5297710000000 1.0
C      1  0.4759000000000  0.5297710000000  0.5630640000000 1.0
C      1  0.5297710000000  0.5630640000000  0.4759000000000 1.0
C      1  0.4369360000000  0.5241000000000  0.5297710000000 1.0
C      1  0.5630640000000  0.5241000000000  0.4702290000000 1.0
C      1  0.4369360000000  0.4759000000000  0.4702290000000 1.0
C      1  0.5241000000000  0.4702290000000  0.5630640000000 1.0
C      1  0.4759000000000  0.4702290000000  0.4369360000000 1.0
C      1  0.5241000000000  0.5297710000000  0.4369360000000 1.0
C      1  0.4702290000000  0.4369360000000  0.4759000000000 1.0
C      1  0.5297710000000  0.4369360000000  0.5241000000000 1.0
C      1  0.4702290000000  0.5630640000000  0.5241000000000 1.0
C      1  0.5630640000000  0.4759000000000  0.4702290000000 1.0
C      1  0.4759000000000  0.5297710000000  0.4369360000000 1.0
C      1  0.5297710000000  0.5630640000000  0.5241000000000 1.0
C      1  0.4369360000000  0.5241000000000  0.4702290000000 1.0
C      1  0.5630640000000  0.5241000000000  0.5297710000000 1.0
C      1  0.4369360000000  0.4759000000000  0.5297710000000 1.0
C      1  0.5241000000000  0.4702290000000  0.4369360000000 1.0
C      1  0.4759000000000  0.4702290000000  0.5630640000000 1.0
C      1  0.5241000000000  0.5297710000000  0.5630640000000 1.0
C      1  0.4702290000000  0.4369360000000  0.5241000000000 1.0
C      1  0.5297710000000  0.4369360000000  0.4759000000000 1.0
C      1  0.4702290000000  0.5630640000000  0.4759000000000 1.0
C      1  0.4518300000000  0.5148940000000  0.5538700000000 1.0
C      1  0.5148940000000  0.5538700000000  0.4518300000000 1.0
C      1  0.5538700000000  0.4518300000000  0.5148940000000 1.0
C      1  0.5481700000000  0.4851060000000  0.5538700000000 1.0
C      1  0.4518300000000  0.4851060000000  0.4461300000000 1.0
C      1  0.5481700000000  0.5148940000000  0.4461300000000 1.0
C      1  0.4851060000000  0.4461300000000  0.4518300000000 1.0
C      1  0.5148940000000  0.4461300000000  0.5481700000000 1.0
C      1  0.4851060000000  0.5538700000000  0.5481700000000 1.0
C      1  0.4461300000000  0.5481700000000  0.5148940000000 1.0
C      1  0.5538700000000  0.5481700000000  0.4851060000000 1.0
C      1  0.4461300000000  0.4518300000000  0.4851060000000 1.0
C      1  0.4518300000000  0.5148940000000  0.4461300000000 1.0
C      1  0.5148940000000  0.5538700000000  0.5481700000000 1.0
C      1  0.5538700000000  0.4518300000000  0.4851060000000 1.0
C      1  0.5481700000000  0.4851060000000  0.4461300000000 1.0
C      1  0.4518300000000  0.4851060000000  0.5538700000000 1.0
C      1  0.5481700000000  0.5148940000000  0.5538700000000 1.0
C      1  0.4851060000000  0.4461300000000  0.5481700000000 1.0
C      1  0.5148940000000  0.4461300000000  0.4518300000000 1.0
C      1  0.4851060000000  0.5538700000000  0.4518300000000 1.0
C      1  0.4461300000000  0.5481700000000  0.4851060000000 1.0
C      1  0.5538700000000  0.5481700000000  0.5148940000000 1.0
C      1  0.4461300000000  0.4518300000000  0.5148940000000 1.0
C      1  0.4851240000000  0.5722690000000  0.5000000000000 1.0
C      1  0.5722690000000  0.5000000000000  0.4851240000000 1.0
C      1  0.5000000000000  0.4851240000000  0.5722690000000 1.0
C      1  0.5148760000000  0.4277310000000  0.5000000000000 1.0
C      1  0.4851240000000  0.4277310000000  0.5000000000000 1.0
C      1  0.5148760000000  0.5722690000000  0.5000000000000 1.0
C      1  0.4277310000000  0.5000000000000  0.4851240000000 1.0
C      1  0.5722690000000  0.5000000000000  0.5148760000000 1.0
C      1  0.4277310000000  0.5000000000000  0.5148760000000 1.0
C      1  0.5000000000000  0.5148760000000  0.5722690000000 1.0
C      1  0.5000000000000  0.5148760000000  0.4277310000000 1.0
C      1  0.5000000000000  0.4851240000000  0.4277310000000 1.0
END
