TITL C-9259-5960-307 -2.71127020821103e-07 125000 -391.467711235592 0 0 60 (Ih) n - 1
REM
REM in /home/bkarasulu/CARBON/AIRSS/Generating-Clusters/EDIP-Nigel-Params/Higher-Symm/Box-15A/Only-C60/SD-CG/HFTN-CG
REM
REM
REM
REM
REM
REM ./C.cell (414f73aa93bd7a1190c7fd0f31ff2f98)
REM
REM compiler GCC version 9.2.1 20190827 (Red Hat 9.2.1-1)
REM options -cpp -mtune=generic -march=x86-64 -g -O0 -fpre-include=/usr/include/finclude/math-vector-fortran.h
REM seed -1425864397 -1812754726 884687630 627105178 -303214680 961750690 712863824 -200013149 1986730017 600386220 -1077646100 2095073202 -82735866 -1395709413 -1782624755 1580685506 -1381939522 506007933 1869419619 -285061101 -567944883 -1932505951 1840751553 -62827776 -1335448881 133562904 -830712408 -1764908535 -1541329069 -2077600209 -2038411705 -1023934372 -1575059000
REM
CELL 1.54180   50.00000   50.00000   50.00000   90.00000   90.00000   90.00000
LATT -1
SFAC C  
C      1  0.5630640000000  0.4759000000000  0.5297710000000 1.0
C      1  0.4759000000000  0.5297710000000  0.5630640000000 1.0
C      1  0.5297710000000  0.5630640000000  0.4759000000000 1.0
C      1  0.4369360000000  0.5241000000000  0.5297710000000 1.0
C      1  0.5630640000000  0.5241000000000  0.4702290000000 1.0
C      1  0.4369360000000  0.4759000000000  0.4702290000000 1.0
C      1  0.5241000000000  0.4702290000000  0.5630640000000 1.0
C      1  0.4759000000000  0.4702290000000  0.4369360000000 1.0
C      1  0.5241000000000  0.5297710000000  0.4369360000000 1.0
C      1  0.4702290000000  0.4369360000000  0.4759000000000 1.0
C      1  0.5297710000000  0.4369360000000  0.5241000000000 1.0
C      1  0.4702290000000  0.5630640000000  0.5241000000000 1.0
C      1  0.5630640000000  0.4759000000000  0.4702290000000 1.0
C      1  0.4759000000000  0.5297710000000  0.4369360000000 1.0
C      1  0.5297710000000  0.5630640000000  0.5241000000000 1.0
C      1  0.4369360000000  0.5241000000000  0.4702290000000 1.0
C      1  0.5630640000000  0.5241000000000  0.5297710000000 1.0
C      1  0.4369360000000  0.4759000000000  0.5297710000000 1.0
C      1  0.5241000000000  0.4702290000000  0.4369360000000 1.0
C      1  0.4759000000000  0.4702290000000  0.5630640000000 1.0
C      1  0.5241000000000  0.5297710000000  0.5630640000000 1.0
C      1  0.4702290000000  0.4369360000000  0.5241000000000 1.0
C      1  0.5297710000000  0.4369360000000  0.4759000000000 1.0
C      1  0.4702290000000  0.5630640000000  0.4759000000000 1.0
C      1  0.5481700000000  0.4851060000000  0.5538700000000 1.0
C      1  0.4851060000000  0.5538700000000  0.5481700000000 1.0
C      1  0.5538700000000  0.5481700000000  0.4851060000000 1.0
C      1  0.4518300000000  0.5148940000000  0.5538700000000 1.0
C      1  0.5481700000000  0.5148940000000  0.4461300000000 1.0
C      1  0.4518300000000  0.4851060000000  0.4461300000000 1.0
C      1  0.5148940000000  0.4461300000000  0.5481700000000 1.0
C      1  0.4851060000000  0.4461300000000  0.4518300000000 1.0
C      1  0.5148940000000  0.5538700000000  0.4518300000000 1.0
C      1  0.4461300000000  0.4518300000000  0.4851060000000 1.0
C      1  0.5538700000000  0.4518300000000  0.5148940000000 1.0
C      1  0.4461300000000  0.5481700000000  0.5148940000000 1.0
C      1  0.5481700000000  0.4851060000000  0.4461300000000 1.0
C      1  0.4851060000000  0.5538700000000  0.4518300000000 1.0
C      1  0.5538700000000  0.5481700000000  0.5148940000000 1.0
C      1  0.4518300000000  0.5148940000000  0.4461300000000 1.0
C      1  0.5481700000000  0.5148940000000  0.5538700000000 1.0
C      1  0.4518300000000  0.4851060000000  0.5538700000000 1.0
C      1  0.5148940000000  0.4461300000000  0.4518300000000 1.0
C      1  0.4851060000000  0.4461300000000  0.5481700000000 1.0
C      1  0.5148940000000  0.5538700000000  0.5481700000000 1.0
C      1  0.4461300000000  0.4518300000000  0.5148940000000 1.0
C      1  0.5538700000000  0.4518300000000  0.4851060000000 1.0
C      1  0.4461300000000  0.5481700000000  0.4851060000000 1.0
C      1  0.4277310000000  0.5000000000000  0.5148760000000 1.0
C      1  0.5000000000000  0.5148760000000  0.4277310000000 1.0
C      1  0.5148760000000  0.4277310000000  0.5000000000000 1.0
C      1  0.5722690000000  0.5000000000000  0.5148760000000 1.0
C      1  0.4277310000000  0.5000000000000  0.4851240000000 1.0
C      1  0.5722690000000  0.5000000000000  0.4851240000000 1.0
C      1  0.5000000000000  0.4851240000000  0.4277310000000 1.0
C      1  0.5000000000000  0.4851240000000  0.5722690000000 1.0
C      1  0.5000000000000  0.5148760000000  0.5722690000000 1.0
C      1  0.4851240000000  0.5722690000000  0.5000000000000 1.0
C      1  0.5148760000000  0.5722690000000  0.5000000000000 1.0
C      1  0.4851240000000  0.4277310000000  0.5000000000000 1.0
END
