TITL C-3036485-3770-1002 2.4452909268577e-05 3375 -341.532986696103 0 0 60 (Th) n - 1
REM
REM in /home/bkarasulu/work/CARBON/AIRSS/Generating-Clusters/REBO/Higher-Symm/Only-C60
REM
REM
REM
REM
REM
REM ./C.cell (a2850807a9bf4ad07a5b6933b78d9264)
REM AIRSS Version 0.9.1 bugfix July 2018 build 013d7b7c2542+ Fri, 06 Jul 2018 19:26:36 +0100
REM compiler GCC version 9.2.1 20190827 (Red Hat 9.2.1-1)
REM options -cpp -mtune=generic -march=x86-64 -g -O0 -fpre-include=/usr/include/finclude/math-vector-fortran.h
REM seed 674532314 -1503116979 -902922717 -252562432 1715589989 -537545496 228055135 1808905296 -997378809 -1075122788 -78744161 595444758 1800790946 129182329 1654784113 378505436 -1475239068 1694600834 443393390 -606694955 1398790662 -1357622877 -216342025 -17478165 1883481564 1166674830 153901948 -1905654214 -967166299 305448687 1451588702 -654964394 847004454
REM
CELL 1.54180   15.00000   15.00000   15.00000   90.00000   90.00000   90.00000
LATT -1
SFAC C  
C      1  0.5550610000000  0.3640780000000  0.2771550000000 1.0
C      1  0.3640780000000  0.2771550000000  0.5550610000000 1.0
C      1  0.2771550000000  0.5550610000000  0.3640780000000 1.0
C      1  0.4449390000000  0.6359220000000  0.2771550000000 1.0
C      1  0.5550610000000  0.6359220000000  0.7228450000000 1.0
C      1  0.4449390000000  0.3640780000000  0.7228450000000 1.0
C      1  0.6359220000000  0.7228450000000  0.5550610000000 1.0
C      1  0.3640780000000  0.7228450000000  0.4449390000000 1.0
C      1  0.6359220000000  0.2771550000000  0.4449390000000 1.0
C      1  0.7228450000000  0.4449390000000  0.3640780000000 1.0
C      1  0.2771550000000  0.4449390000000  0.6359220000000 1.0
C      1  0.7228450000000  0.5550610000000  0.6359220000000 1.0
C      1  0.5550610000000  0.3640780000000  0.7228450000000 1.0
C      1  0.3640780000000  0.2771550000000  0.4449390000000 1.0
C      1  0.2771550000000  0.5550610000000  0.6359220000000 1.0
C      1  0.4449390000000  0.6359220000000  0.7228450000000 1.0
C      1  0.5550610000000  0.6359220000000  0.2771550000000 1.0
C      1  0.4449390000000  0.3640780000000  0.2771550000000 1.0
C      1  0.6359220000000  0.7228450000000  0.4449390000000 1.0
C      1  0.3640780000000  0.7228450000000  0.5550610000000 1.0
C      1  0.6359220000000  0.2771550000000  0.5550610000000 1.0
C      1  0.7228450000000  0.4449390000000  0.6359220000000 1.0
C      1  0.2771550000000  0.4449390000000  0.3640780000000 1.0
C      1  0.7228450000000  0.5550610000000  0.3640780000000 1.0
C      1  0.6625950000000  0.3858930000000  0.7074240000000 1.0
C      1  0.3858930000000  0.7074240000000  0.6625950000000 1.0
C      1  0.7074240000000  0.6625950000000  0.3858930000000 1.0
C      1  0.3374050000000  0.6141070000000  0.7074240000000 1.0
C      1  0.6625950000000  0.6141070000000  0.2925760000000 1.0
C      1  0.3374050000000  0.3858930000000  0.2925760000000 1.0
C      1  0.6141070000000  0.2925760000000  0.6625950000000 1.0
C      1  0.3858930000000  0.2925760000000  0.3374050000000 1.0
C      1  0.6141070000000  0.7074240000000  0.3374050000000 1.0
C      1  0.2925760000000  0.3374050000000  0.3858930000000 1.0
C      1  0.7074240000000  0.3374050000000  0.6141070000000 1.0
C      1  0.2925760000000  0.6625950000000  0.6141070000000 1.0
C      1  0.6625950000000  0.3858930000000  0.2925760000000 1.0
C      1  0.3858930000000  0.7074240000000  0.3374050000000 1.0
C      1  0.7074240000000  0.6625950000000  0.6141070000000 1.0
C      1  0.3374050000000  0.6141070000000  0.2925760000000 1.0
C      1  0.6625950000000  0.6141070000000  0.7074240000000 1.0
C      1  0.3374050000000  0.3858930000000  0.7074240000000 1.0
C      1  0.6141070000000  0.2925760000000  0.3374050000000 1.0
C      1  0.3858930000000  0.2925760000000  0.6625950000000 1.0
C      1  0.6141070000000  0.7074240000000  0.6625950000000 1.0
C      1  0.2925760000000  0.3374050000000  0.6141070000000 1.0
C      1  0.7074240000000  0.3374050000000  0.3858930000000 1.0
C      1  0.2925760000000  0.6625950000000  0.3858930000000 1.0
C      1  0.7241840000000  0.5000000000000  0.5411030000000 1.0
C      1  0.7241840000000  0.5000000000000  0.4588970000000 1.0
C      1  0.2758160000000  0.5000000000000  0.4588970000000 1.0
C      1  0.2758160000000  0.5000000000000  0.5411030000000 1.0
C      1  0.5000000000000  0.5411030000000  0.7241840000000 1.0
C      1  0.5411030000000  0.7241840000000  0.5000000000000 1.0
C      1  0.5000000000000  0.4588970000000  0.7241840000000 1.0
C      1  0.5000000000000  0.4588970000000  0.2758160000000 1.0
C      1  0.5000000000000  0.5411030000000  0.2758160000000 1.0
C      1  0.4588970000000  0.2758160000000  0.5000000000000 1.0
C      1  0.5411030000000  0.2758160000000  0.5000000000000 1.0
C      1  0.4588970000000  0.7241840000000  0.5000000000000 1.0
END
