TITL C-3036479-9801-697 -1.86719400659982e-05 3375 -349.222034798771 0 0 60 (Th) n - 1
REM
REM in /home/bkarasulu/work/CARBON/AIRSS/Generating-Clusters/REBO/Higher-Symm/Only-C60
REM
REM
REM
REM
REM
REM ./C.cell (a2850807a9bf4ad07a5b6933b78d9264)
REM AIRSS Version 0.9.1 bugfix July 2018 build 013d7b7c2542+ Fri, 06 Jul 2018 19:26:36 +0100
REM compiler GCC version 9.2.1 20190827 (Red Hat 9.2.1-1)
REM options -cpp -mtune=generic -march=x86-64 -g -O0 -fpre-include=/usr/include/finclude/math-vector-fortran.h
REM seed -1332268622 -501814278 -629907583 -551119721 1196658309 662940517 498179636 -156310161 1619515159 511626597 -1268817318 -2115255398 -2045553074 2031876750 -1501953356 -627848937 1721509347 -2054544990 323946644 -656338698 822693403 -555360659 -1865445433 -1432304439 375534533 -517849298 1872018821 503119173 -65491004 1201264610 902644847 510399209 962386336
REM
CELL 1.54180   15.00000   15.00000   15.00000   90.00000   90.00000   90.00000
LATT -1
SFAC C  
C      1  0.4160280000000  0.3460820000000  0.6711400000000 1.0
C      1  0.3460820000000  0.6711400000000  0.4160280000000 1.0
C      1  0.6711400000000  0.4160280000000  0.3460820000000 1.0
C      1  0.5839720000000  0.6539180000000  0.6711400000000 1.0
C      1  0.4160280000000  0.6539180000000  0.3288600000000 1.0
C      1  0.5839720000000  0.3460820000000  0.3288600000000 1.0
C      1  0.6539180000000  0.3288600000000  0.4160280000000 1.0
C      1  0.3460820000000  0.3288600000000  0.5839720000000 1.0
C      1  0.6539180000000  0.6711400000000  0.5839720000000 1.0
C      1  0.3288600000000  0.5839720000000  0.3460820000000 1.0
C      1  0.6711400000000  0.5839720000000  0.6539180000000 1.0
C      1  0.3288600000000  0.4160280000000  0.6539180000000 1.0
C      1  0.4160280000000  0.3460820000000  0.3288600000000 1.0
C      1  0.3460820000000  0.6711400000000  0.5839720000000 1.0
C      1  0.6711400000000  0.4160280000000  0.6539180000000 1.0
C      1  0.5839720000000  0.6539180000000  0.3288600000000 1.0
C      1  0.4160280000000  0.6539180000000  0.6711400000000 1.0
C      1  0.5839720000000  0.3460820000000  0.6711400000000 1.0
C      1  0.6539180000000  0.3288600000000  0.5839720000000 1.0
C      1  0.3460820000000  0.3288600000000  0.4160280000000 1.0
C      1  0.6539180000000  0.6711400000000  0.4160280000000 1.0
C      1  0.3288600000000  0.5839720000000  0.6539180000000 1.0
C      1  0.6711400000000  0.5839720000000  0.3460820000000 1.0
C      1  0.3288600000000  0.4160280000000  0.3460820000000 1.0
C      1  0.5538000000000  0.4427060000000  0.7106760000000 1.0
C      1  0.4427060000000  0.7106760000000  0.5538000000000 1.0
C      1  0.7106760000000  0.5538000000000  0.4427060000000 1.0
C      1  0.4462000000000  0.5572940000000  0.7106760000000 1.0
C      1  0.5538000000000  0.5572940000000  0.2893240000000 1.0
C      1  0.4462000000000  0.4427060000000  0.2893240000000 1.0
C      1  0.5572940000000  0.2893240000000  0.5538000000000 1.0
C      1  0.4427060000000  0.2893240000000  0.4462000000000 1.0
C      1  0.5572940000000  0.7106760000000  0.4462000000000 1.0
C      1  0.2893240000000  0.4462000000000  0.4427060000000 1.0
C      1  0.7106760000000  0.4462000000000  0.5572940000000 1.0
C      1  0.2893240000000  0.5538000000000  0.5572940000000 1.0
C      1  0.5538000000000  0.4427060000000  0.2893240000000 1.0
C      1  0.4427060000000  0.7106760000000  0.4462000000000 1.0
C      1  0.7106760000000  0.5538000000000  0.5572940000000 1.0
C      1  0.4462000000000  0.5572940000000  0.2893240000000 1.0
C      1  0.5538000000000  0.5572940000000  0.7106760000000 1.0
C      1  0.4462000000000  0.4427060000000  0.7106760000000 1.0
C      1  0.5572940000000  0.2893240000000  0.4462000000000 1.0
C      1  0.4427060000000  0.2893240000000  0.5538000000000 1.0
C      1  0.5572940000000  0.7106760000000  0.5538000000000 1.0
C      1  0.2893240000000  0.4462000000000  0.5572940000000 1.0
C      1  0.7106760000000  0.4462000000000  0.4427060000000 1.0
C      1  0.2893240000000  0.5538000000000  0.4427060000000 1.0
C      1  0.6517170000000  0.5000000000000  0.2889290000000 1.0
C      1  0.3482830000000  0.5000000000000  0.7110710000000 1.0
C      1  0.5000000000000  0.2889290000000  0.3482830000000 1.0
C      1  0.2889290000000  0.3482830000000  0.5000000000000 1.0
C      1  0.3482830000000  0.5000000000000  0.2889290000000 1.0
C      1  0.5000000000000  0.7110710000000  0.3482830000000 1.0
C      1  0.5000000000000  0.7110710000000  0.6517170000000 1.0
C      1  0.5000000000000  0.2889290000000  0.6517170000000 1.0
C      1  0.7110710000000  0.6517170000000  0.5000000000000 1.0
C      1  0.2889290000000  0.6517170000000  0.5000000000000 1.0
C      1  0.7110710000000  0.3482830000000  0.5000000000000 1.0
C      1  0.6517170000000  0.5000000000000  0.7110710000000 1.0
END
