TITL C-3036482-790-1087 -4.03498560496771e-06 3375 -317.688728048719 0 0 60 (Th) n - 1
REM
REM in /home/bkarasulu/work/CARBON/AIRSS/Generating-Clusters/REBO/Higher-Symm/Only-C60
REM
REM
REM
REM
REM
REM ./C.cell (a2850807a9bf4ad07a5b6933b78d9264)
REM AIRSS Version 0.9.1 bugfix July 2018 build 013d7b7c2542+ Fri, 06 Jul 2018 19:26:36 +0100
REM compiler GCC version 9.2.1 20190827 (Red Hat 9.2.1-1)
REM options -cpp -mtune=generic -march=x86-64 -g -O0 -fpre-include=/usr/include/finclude/math-vector-fortran.h
REM seed 835620927 894372250 2038568171 1701525884 1789133662 -966679975 -797634088 570572577 565410724 -2024155706 1688367088 211505602 93119258 -847207154 259903644 1259340909 307669765 -768234910 718678692 -267344380 795258993 -1197815914 1043078338 459357360 -721345443 1946792646 -2009384047 -1859982526 1442453658 -1957125029 -1137535110 -197285624 203739285
REM
CELL 1.54180   15.00000   15.00000   15.00000   90.00000   90.00000   90.00000
LATT -1
SFAC C  
C      1  0.5930390000000  0.5530610000000  0.7224000000000 1.0
C      1  0.5530610000000  0.7224000000000  0.5930390000000 1.0
C      1  0.7224000000000  0.5930390000000  0.5530610000000 1.0
C      1  0.4069610000000  0.4469390000000  0.7224000000000 1.0
C      1  0.5930390000000  0.4469390000000  0.2776000000000 1.0
C      1  0.4069610000000  0.5530610000000  0.2776000000000 1.0
C      1  0.4469390000000  0.2776000000000  0.5930390000000 1.0
C      1  0.5530610000000  0.2776000000000  0.4069610000000 1.0
C      1  0.4469390000000  0.7224000000000  0.4069610000000 1.0
C      1  0.2776000000000  0.4069610000000  0.5530610000000 1.0
C      1  0.7224000000000  0.4069610000000  0.4469390000000 1.0
C      1  0.2776000000000  0.5930390000000  0.4469390000000 1.0
C      1  0.5930390000000  0.5530610000000  0.2776000000000 1.0
C      1  0.5530610000000  0.7224000000000  0.4069610000000 1.0
C      1  0.7224000000000  0.5930390000000  0.4469390000000 1.0
C      1  0.4069610000000  0.4469390000000  0.2776000000000 1.0
C      1  0.5930390000000  0.4469390000000  0.7224000000000 1.0
C      1  0.4069610000000  0.5530610000000  0.7224000000000 1.0
C      1  0.4469390000000  0.2776000000000  0.4069610000000 1.0
C      1  0.5530610000000  0.2776000000000  0.5930390000000 1.0
C      1  0.4469390000000  0.7224000000000  0.5930390000000 1.0
C      1  0.2776000000000  0.4069610000000  0.4469390000000 1.0
C      1  0.7224000000000  0.4069610000000  0.5530610000000 1.0
C      1  0.2776000000000  0.5930390000000  0.5530610000000 1.0
C      1  0.4017360000000  0.3589080000000  0.5485160000000 1.0
C      1  0.3589080000000  0.5485160000000  0.4017360000000 1.0
C      1  0.5485160000000  0.4017360000000  0.3589080000000 1.0
C      1  0.5982640000000  0.6410920000000  0.5485160000000 1.0
C      1  0.4017360000000  0.6410920000000  0.4514840000000 1.0
C      1  0.5982640000000  0.3589080000000  0.4514840000000 1.0
C      1  0.6410920000000  0.4514840000000  0.4017360000000 1.0
C      1  0.3589080000000  0.4514840000000  0.5982640000000 1.0
C      1  0.6410920000000  0.5485160000000  0.5982640000000 1.0
C      1  0.4514840000000  0.5982640000000  0.3589080000000 1.0
C      1  0.5485160000000  0.5982640000000  0.6410920000000 1.0
C      1  0.4514840000000  0.4017360000000  0.6410920000000 1.0
C      1  0.4017360000000  0.3589080000000  0.4514840000000 1.0
C      1  0.3589080000000  0.5485160000000  0.5982640000000 1.0
C      1  0.5485160000000  0.4017360000000  0.6410920000000 1.0
C      1  0.5982640000000  0.6410920000000  0.4514840000000 1.0
C      1  0.4017360000000  0.6410920000000  0.5485160000000 1.0
C      1  0.5982640000000  0.3589080000000  0.5485160000000 1.0
C      1  0.6410920000000  0.4514840000000  0.5982640000000 1.0
C      1  0.3589080000000  0.4514840000000  0.4017360000000 1.0
C      1  0.6410920000000  0.5485160000000  0.4017360000000 1.0
C      1  0.4514840000000  0.5982640000000  0.6410920000000 1.0
C      1  0.5485160000000  0.5982640000000  0.3589080000000 1.0
C      1  0.4514840000000  0.4017360000000  0.3589080000000 1.0
C      1  0.3618430000000  0.5000000000000  0.8048070000000 1.0
C      1  0.6381570000000  0.5000000000000  0.1951930000000 1.0
C      1  0.5000000000000  0.1951930000000  0.6381570000000 1.0
C      1  0.5000000000000  0.8048070000000  0.3618430000000 1.0
C      1  0.6381570000000  0.5000000000000  0.8048070000000 1.0
C      1  0.3618430000000  0.5000000000000  0.1951930000000 1.0
C      1  0.8048070000000  0.3618430000000  0.5000000000000 1.0
C      1  0.1951930000000  0.6381570000000  0.5000000000000 1.0
C      1  0.5000000000000  0.8048070000000  0.6381570000000 1.0
C      1  0.8048070000000  0.6381570000000  0.5000000000000 1.0
C      1  0.5000000000000  0.1951930000000  0.3618430000000 1.0
C      1  0.1951930000000  0.3618430000000  0.5000000000000 1.0
END
