TITL C-3036483-1610-406 1.24821411274329e-05 3375 -359.523379873616 0 0 60 (Th) n - 1
REM
REM in /home/bkarasulu/work/CARBON/AIRSS/Generating-Clusters/REBO/Higher-Symm/Only-C60
REM
REM
REM
REM
REM
REM ./C.cell (a2850807a9bf4ad07a5b6933b78d9264)
REM AIRSS Version 0.9.1 bugfix July 2018 build 013d7b7c2542+ Fri, 06 Jul 2018 19:26:36 +0100
REM compiler GCC version 9.2.1 20190827 (Red Hat 9.2.1-1)
REM options -cpp -mtune=generic -march=x86-64 -g -O0 -fpre-include=/usr/include/finclude/math-vector-fortran.h
REM seed 529516419 -621320360 1445849138 976852397 -131059664 1245193123 434911218 -863783246 -356893416 -1131928887 -863468953 2009360996 -789052767 -122375750 1564575202 1408385052 -1628745960 -224551473 -946313797 -288794991 1205930417 -1128020821 937418061 2064584607 340159292 1354025374 -1155568673 -441410817 -1310880805 1259044900 -655605668 1521523807 -305084913
REM
CELL 1.54180   15.00000   15.00000   15.00000   90.00000   90.00000   90.00000
LATT -1
SFAC C  
C      1  0.4133530000000  0.6651190000000  0.3307940000000 1.0
C      1  0.6651190000000  0.3307940000000  0.4133530000000 1.0
C      1  0.3307940000000  0.4133530000000  0.6651190000000 1.0
C      1  0.5866470000000  0.3348810000000  0.3307940000000 1.0
C      1  0.4133530000000  0.3348810000000  0.6692060000000 1.0
C      1  0.5866470000000  0.6651190000000  0.6692060000000 1.0
C      1  0.3348810000000  0.6692060000000  0.4133530000000 1.0
C      1  0.6651190000000  0.6692060000000  0.5866470000000 1.0
C      1  0.3348810000000  0.3307940000000  0.5866470000000 1.0
C      1  0.6692060000000  0.5866470000000  0.6651190000000 1.0
C      1  0.3307940000000  0.5866470000000  0.3348810000000 1.0
C      1  0.6692060000000  0.4133530000000  0.3348810000000 1.0
C      1  0.4133530000000  0.6651190000000  0.6692060000000 1.0
C      1  0.6651190000000  0.3307940000000  0.5866470000000 1.0
C      1  0.3307940000000  0.4133530000000  0.3348810000000 1.0
C      1  0.5866470000000  0.3348810000000  0.6692060000000 1.0
C      1  0.4133530000000  0.3348810000000  0.3307940000000 1.0
C      1  0.5866470000000  0.6651190000000  0.3307940000000 1.0
C      1  0.3348810000000  0.6692060000000  0.5866470000000 1.0
C      1  0.6651190000000  0.6692060000000  0.4133530000000 1.0
C      1  0.3348810000000  0.3307940000000  0.4133530000000 1.0
C      1  0.6692060000000  0.5866470000000  0.3348810000000 1.0
C      1  0.3307940000000  0.5866470000000  0.6651190000000 1.0
C      1  0.6692060000000  0.4133530000000  0.6651190000000 1.0
C      1  0.5735690000000  0.7067930000000  0.4559700000000 1.0
C      1  0.7067930000000  0.4559700000000  0.5735690000000 1.0
C      1  0.4559700000000  0.5735690000000  0.7067930000000 1.0
C      1  0.4264310000000  0.2932070000000  0.4559700000000 1.0
C      1  0.5735690000000  0.2932070000000  0.5440300000000 1.0
C      1  0.4264310000000  0.7067930000000  0.5440300000000 1.0
C      1  0.2932070000000  0.5440300000000  0.5735690000000 1.0
C      1  0.7067930000000  0.5440300000000  0.4264310000000 1.0
C      1  0.2932070000000  0.4559700000000  0.4264310000000 1.0
C      1  0.5440300000000  0.4264310000000  0.7067930000000 1.0
C      1  0.4559700000000  0.4264310000000  0.2932070000000 1.0
C      1  0.5440300000000  0.5735690000000  0.2932070000000 1.0
C      1  0.5735690000000  0.7067930000000  0.5440300000000 1.0
C      1  0.7067930000000  0.4559700000000  0.4264310000000 1.0
C      1  0.4559700000000  0.5735690000000  0.2932070000000 1.0
C      1  0.4264310000000  0.2932070000000  0.5440300000000 1.0
C      1  0.5735690000000  0.2932070000000  0.4559700000000 1.0
C      1  0.4264310000000  0.7067930000000  0.4559700000000 1.0
C      1  0.2932070000000  0.5440300000000  0.4264310000000 1.0
C      1  0.7067930000000  0.5440300000000  0.5735690000000 1.0
C      1  0.2932070000000  0.4559700000000  0.5735690000000 1.0
C      1  0.5440300000000  0.4264310000000  0.2932070000000 1.0
C      1  0.4559700000000  0.4264310000000  0.7067930000000 1.0
C      1  0.5440300000000  0.5735690000000  0.7067930000000 1.0
C      1  0.7172790000000  0.6248050000000  0.5000000000000 1.0
C      1  0.6248050000000  0.5000000000000  0.7172790000000 1.0
C      1  0.5000000000000  0.7172790000000  0.6248050000000 1.0
C      1  0.2827210000000  0.3751950000000  0.5000000000000 1.0
C      1  0.7172790000000  0.3751950000000  0.5000000000000 1.0
C      1  0.2827210000000  0.6248050000000  0.5000000000000 1.0
C      1  0.3751950000000  0.5000000000000  0.7172790000000 1.0
C      1  0.6248050000000  0.5000000000000  0.2827210000000 1.0
C      1  0.3751950000000  0.5000000000000  0.2827210000000 1.0
C      1  0.5000000000000  0.2827210000000  0.6248050000000 1.0
C      1  0.5000000000000  0.2827210000000  0.3751950000000 1.0
C      1  0.5000000000000  0.7172790000000  0.3751950000000 1.0
END
