TITL C-3036482-790-23 6.53612064436534e-06 3375 -333.63013774395 0 0 60 (Th) n - 1
REM
REM in /home/bkarasulu/work/CARBON/AIRSS/Generating-Clusters/REBO/Higher-Symm/Only-C60
REM
REM
REM
REM
REM
REM ./C.cell (a2850807a9bf4ad07a5b6933b78d9264)
REM AIRSS Version 0.9.1 bugfix July 2018 build 013d7b7c2542+ Fri, 06 Jul 2018 19:26:36 +0100
REM compiler GCC version 9.2.1 20190827 (Red Hat 9.2.1-1)
REM options -cpp -mtune=generic -march=x86-64 -g -O0 -fpre-include=/usr/include/finclude/math-vector-fortran.h
REM seed 366561572 -798223466 1622533813 -1491296226 164521738 -1925694878 2120794610 369949322 812231190 -2144114998 962545601 -71810532 381438554 1330607069 1739585694 -623281949 -1550064541 1479299053 1492663349 -1257377335 -1664112428 -1064962651 -710907230 1644483708 -1031064764 -317182034 635126493 -863552192 -890446826 988585611 -1983885172 1680039326 -1898177207
REM
CELL 1.54180   15.00000   15.00000   15.00000   90.00000   90.00000   90.00000
LATT -1
SFAC C  
C      1  0.3073790000000  0.6561790000000  0.4434640000000 1.0
C      1  0.6561790000000  0.4434640000000  0.3073790000000 1.0
C      1  0.4434640000000  0.3073790000000  0.6561790000000 1.0
C      1  0.6926210000000  0.3438210000000  0.4434640000000 1.0
C      1  0.3073790000000  0.3438210000000  0.5565360000000 1.0
C      1  0.6926210000000  0.6561790000000  0.5565360000000 1.0
C      1  0.3438210000000  0.5565360000000  0.3073790000000 1.0
C      1  0.6561790000000  0.5565360000000  0.6926210000000 1.0
C      1  0.3438210000000  0.4434640000000  0.6926210000000 1.0
C      1  0.5565360000000  0.6926210000000  0.6561790000000 1.0
C      1  0.4434640000000  0.6926210000000  0.3438210000000 1.0
C      1  0.5565360000000  0.3073790000000  0.3438210000000 1.0
C      1  0.3073790000000  0.6561790000000  0.5565360000000 1.0
C      1  0.6561790000000  0.4434640000000  0.6926210000000 1.0
C      1  0.4434640000000  0.3073790000000  0.3438210000000 1.0
C      1  0.6926210000000  0.3438210000000  0.5565360000000 1.0
C      1  0.3073790000000  0.3438210000000  0.4434640000000 1.0
C      1  0.6926210000000  0.6561790000000  0.4434640000000 1.0
C      1  0.3438210000000  0.5565360000000  0.6926210000000 1.0
C      1  0.6561790000000  0.5565360000000  0.3073790000000 1.0
C      1  0.3438210000000  0.4434640000000  0.3073790000000 1.0
C      1  0.5565360000000  0.6926210000000  0.3438210000000 1.0
C      1  0.4434640000000  0.6926210000000  0.6561790000000 1.0
C      1  0.5565360000000  0.3073790000000  0.6561790000000 1.0
C      1  0.2896080000000  0.4449330000000  0.6024450000000 1.0
C      1  0.4449330000000  0.6024450000000  0.2896080000000 1.0
C      1  0.6024450000000  0.2896080000000  0.4449330000000 1.0
C      1  0.7103920000000  0.5550670000000  0.6024450000000 1.0
C      1  0.2896080000000  0.5550670000000  0.3975550000000 1.0
C      1  0.7103920000000  0.4449330000000  0.3975550000000 1.0
C      1  0.5550670000000  0.3975550000000  0.2896080000000 1.0
C      1  0.4449330000000  0.3975550000000  0.7103920000000 1.0
C      1  0.5550670000000  0.6024450000000  0.7103920000000 1.0
C      1  0.3975550000000  0.7103920000000  0.4449330000000 1.0
C      1  0.6024450000000  0.7103920000000  0.5550670000000 1.0
C      1  0.3975550000000  0.2896080000000  0.5550670000000 1.0
C      1  0.2896080000000  0.4449330000000  0.3975550000000 1.0
C      1  0.4449330000000  0.6024450000000  0.7103920000000 1.0
C      1  0.6024450000000  0.2896080000000  0.5550670000000 1.0
C      1  0.7103920000000  0.5550670000000  0.3975550000000 1.0
C      1  0.2896080000000  0.5550670000000  0.6024450000000 1.0
C      1  0.7103920000000  0.4449330000000  0.6024450000000 1.0
C      1  0.5550670000000  0.3975550000000  0.7103920000000 1.0
C      1  0.4449330000000  0.3975550000000  0.2896080000000 1.0
C      1  0.5550670000000  0.6024450000000  0.2896080000000 1.0
C      1  0.3975550000000  0.7103920000000  0.5550670000000 1.0
C      1  0.6024450000000  0.7103920000000  0.4449330000000 1.0
C      1  0.3975550000000  0.2896080000000  0.4449330000000 1.0
C      1  0.5771420000000  0.5000000000000  0.2494600000000 1.0
C      1  0.4228580000000  0.5000000000000  0.7505400000000 1.0
C      1  0.5000000000000  0.2494600000000  0.4228580000000 1.0
C      1  0.2494600000000  0.4228580000000  0.5000000000000 1.0
C      1  0.5000000000000  0.7505400000000  0.4228580000000 1.0
C      1  0.5000000000000  0.7505400000000  0.5771420000000 1.0
C      1  0.5000000000000  0.2494600000000  0.5771420000000 1.0
C      1  0.7505400000000  0.5771420000000  0.5000000000000 1.0
C      1  0.2494600000000  0.5771420000000  0.5000000000000 1.0
C      1  0.7505400000000  0.4228580000000  0.5000000000000 1.0
C      1  0.4228580000000  0.5000000000000  0.2494600000000 1.0
C      1  0.5771420000000  0.5000000000000  0.7505400000000 1.0
END
