TITL C-3036486-2224-1140 2.68720690425521e-06 3375 -332.253488416116 0 0 60 (Th) n - 1
REM
REM in /home/bkarasulu/work/CARBON/AIRSS/Generating-Clusters/REBO/Higher-Symm/Only-C60
REM
REM
REM
REM
REM
REM ./C.cell (a2850807a9bf4ad07a5b6933b78d9264)
REM AIRSS Version 0.9.1 bugfix July 2018 build 013d7b7c2542+ Fri, 06 Jul 2018 19:26:36 +0100
REM compiler GCC version 9.2.1 20190827 (Red Hat 9.2.1-1)
REM options -cpp -mtune=generic -march=x86-64 -g -O0 -fpre-include=/usr/include/finclude/math-vector-fortran.h
REM seed -1303428918 -563207959 489974076 -1986558530 1263189686 -2079921891 2111576993 -480359521 843049038 1698505898 466100883 54867459 963797048 2086758352 1907982272 622541564 1306574294 -2060116992 2035708817 1934440251 -131677497 1852282410 -1706182993 -770839363 1128339859 -2022017157 -118624115 -1965897333 1678636678 533048296 -1678369259 -716396474 -1695137573
REM
CELL 1.54180   15.00000   15.00000   15.00000   90.00000   90.00000   90.00000
LATT -1
SFAC C  
C      1  0.6996230000000  0.3826920000000  0.6303460000000 1.0
C      1  0.3826920000000  0.6303460000000  0.6996230000000 1.0
C      1  0.6303460000000  0.6996230000000  0.3826920000000 1.0
C      1  0.3003770000000  0.6173080000000  0.6303460000000 1.0
C      1  0.6996230000000  0.6173080000000  0.3696540000000 1.0
C      1  0.3003770000000  0.3826920000000  0.3696540000000 1.0
C      1  0.6173080000000  0.3696540000000  0.6996230000000 1.0
C      1  0.3826920000000  0.3696540000000  0.3003770000000 1.0
C      1  0.6173080000000  0.6303460000000  0.3003770000000 1.0
C      1  0.3696540000000  0.3003770000000  0.3826920000000 1.0
C      1  0.6303460000000  0.3003770000000  0.6173080000000 1.0
C      1  0.3696540000000  0.6996230000000  0.6173080000000 1.0
C      1  0.6996230000000  0.3826920000000  0.3696540000000 1.0
C      1  0.3826920000000  0.6303460000000  0.3003770000000 1.0
C      1  0.6303460000000  0.6996230000000  0.6173080000000 1.0
C      1  0.3003770000000  0.6173080000000  0.3696540000000 1.0
C      1  0.6996230000000  0.6173080000000  0.6303460000000 1.0
C      1  0.3003770000000  0.3826920000000  0.6303460000000 1.0
C      1  0.6173080000000  0.3696540000000  0.3003770000000 1.0
C      1  0.3826920000000  0.3696540000000  0.6996230000000 1.0
C      1  0.6173080000000  0.6303460000000  0.6996230000000 1.0
C      1  0.3696540000000  0.3003770000000  0.6173080000000 1.0
C      1  0.6303460000000  0.3003770000000  0.3826920000000 1.0
C      1  0.3696540000000  0.6996230000000  0.3826920000000 1.0
C      1  0.5481150000000  0.5665220000000  0.6863240000000 1.0
C      1  0.5665220000000  0.6863240000000  0.5481150000000 1.0
C      1  0.6863240000000  0.5481150000000  0.5665220000000 1.0
C      1  0.4518850000000  0.4334780000000  0.6863240000000 1.0
C      1  0.5481150000000  0.4334780000000  0.3136760000000 1.0
C      1  0.4518850000000  0.5665220000000  0.3136760000000 1.0
C      1  0.4334780000000  0.3136760000000  0.5481150000000 1.0
C      1  0.5665220000000  0.3136760000000  0.4518850000000 1.0
C      1  0.4334780000000  0.6863240000000  0.4518850000000 1.0
C      1  0.3136760000000  0.4518850000000  0.5665220000000 1.0
C      1  0.6863240000000  0.4518850000000  0.4334780000000 1.0
C      1  0.3136760000000  0.5481150000000  0.4334780000000 1.0
C      1  0.5481150000000  0.5665220000000  0.3136760000000 1.0
C      1  0.5665220000000  0.6863240000000  0.4518850000000 1.0
C      1  0.6863240000000  0.5481150000000  0.4334780000000 1.0
C      1  0.4518850000000  0.4334780000000  0.3136760000000 1.0
C      1  0.5481150000000  0.4334780000000  0.6863240000000 1.0
C      1  0.4518850000000  0.5665220000000  0.6863240000000 1.0
C      1  0.4334780000000  0.3136760000000  0.4518850000000 1.0
C      1  0.5665220000000  0.3136760000000  0.5481150000000 1.0
C      1  0.4334780000000  0.6863240000000  0.5481150000000 1.0
C      1  0.3136760000000  0.4518850000000  0.4334780000000 1.0
C      1  0.6863240000000  0.4518850000000  0.5665220000000 1.0
C      1  0.3136760000000  0.5481150000000  0.5665220000000 1.0
C      1  0.5000000000000  0.5997120000000  0.4333740000000 1.0
C      1  0.5000000000000  0.4002880000000  0.4333740000000 1.0
C      1  0.5000000000000  0.5997120000000  0.5666260000000 1.0
C      1  0.5000000000000  0.4002880000000  0.5666260000000 1.0
C      1  0.5997120000000  0.4333740000000  0.5000000000000 1.0
C      1  0.4333740000000  0.5000000000000  0.5997120000000 1.0
C      1  0.4002880000000  0.5666260000000  0.5000000000000 1.0
C      1  0.5997120000000  0.5666260000000  0.5000000000000 1.0
C      1  0.4002880000000  0.4333740000000  0.5000000000000 1.0
C      1  0.5666260000000  0.5000000000000  0.5997120000000 1.0
C      1  0.4333740000000  0.5000000000000  0.4002880000000 1.0
C      1  0.5666260000000  0.5000000000000  0.4002880000000 1.0
END
