TITL C-3036482-790-164 -1.92643289126548e-05 3375 -359.52404861635 0 0 60 (Th) n - 1
REM
REM in /home/bkarasulu/work/CARBON/AIRSS/Generating-Clusters/REBO/Higher-Symm/Only-C60
REM
REM
REM
REM
REM
REM ./C.cell (a2850807a9bf4ad07a5b6933b78d9264)
REM AIRSS Version 0.9.1 bugfix July 2018 build 013d7b7c2542+ Fri, 06 Jul 2018 19:26:36 +0100
REM compiler GCC version 9.2.1 20190827 (Red Hat 9.2.1-1)
REM options -cpp -mtune=generic -march=x86-64 -g -O0 -fpre-include=/usr/include/finclude/math-vector-fortran.h
REM seed 1915942029 -1305516484 1735510791 -186427737 9295285 -823649817 764636042 485373003 -2084840521 1759025622 762153521 185612321 1155075197 995995935 -189979917 1885352376 1355553321 603149341 -1748817896 -1155647676 -1608884217 40686860 184859539 -1272002373 2023536374 -998282550 -84076847 67496671 -2120048564 -787779712 771470887 1213754739 798872438
REM
CELL 1.54180   15.00000   15.00000   15.00000   90.00000   90.00000   90.00000
LATT -1
SFAC C  
C      1  0.5735690000000  0.7067940000000  0.5440300000000 1.0
C      1  0.7067940000000  0.5440300000000  0.5735690000000 1.0
C      1  0.5440300000000  0.5735690000000  0.7067940000000 1.0
C      1  0.4264310000000  0.2932060000000  0.5440300000000 1.0
C      1  0.5735690000000  0.2932060000000  0.4559700000000 1.0
C      1  0.4264310000000  0.7067940000000  0.4559700000000 1.0
C      1  0.2932060000000  0.4559700000000  0.5735690000000 1.0
C      1  0.7067940000000  0.4559700000000  0.4264310000000 1.0
C      1  0.2932060000000  0.5440300000000  0.4264310000000 1.0
C      1  0.4559700000000  0.4264310000000  0.7067940000000 1.0
C      1  0.5440300000000  0.4264310000000  0.2932060000000 1.0
C      1  0.4559700000000  0.5735690000000  0.2932060000000 1.0
C      1  0.5735690000000  0.7067940000000  0.4559700000000 1.0
C      1  0.7067940000000  0.5440300000000  0.4264310000000 1.0
C      1  0.5440300000000  0.5735690000000  0.2932060000000 1.0
C      1  0.4264310000000  0.2932060000000  0.4559700000000 1.0
C      1  0.5735690000000  0.2932060000000  0.5440300000000 1.0
C      1  0.4264310000000  0.7067940000000  0.5440300000000 1.0
C      1  0.2932060000000  0.4559700000000  0.4264310000000 1.0
C      1  0.7067940000000  0.4559700000000  0.5735690000000 1.0
C      1  0.2932060000000  0.5440300000000  0.5735690000000 1.0
C      1  0.4559700000000  0.4264310000000  0.2932060000000 1.0
C      1  0.5440300000000  0.4264310000000  0.7067940000000 1.0
C      1  0.4559700000000  0.5735690000000  0.7067940000000 1.0
C      1  0.3348810000000  0.6692060000000  0.4133530000000 1.0
C      1  0.6692060000000  0.4133530000000  0.3348810000000 1.0
C      1  0.4133530000000  0.3348810000000  0.6692060000000 1.0
C      1  0.6651190000000  0.3307940000000  0.4133530000000 1.0
C      1  0.3348810000000  0.3307940000000  0.5866470000000 1.0
C      1  0.6651190000000  0.6692060000000  0.5866470000000 1.0
C      1  0.3307940000000  0.5866470000000  0.3348810000000 1.0
C      1  0.6692060000000  0.5866470000000  0.6651190000000 1.0
C      1  0.3307940000000  0.4133530000000  0.6651190000000 1.0
C      1  0.5866470000000  0.6651190000000  0.6692060000000 1.0
C      1  0.4133530000000  0.6651190000000  0.3307940000000 1.0
C      1  0.5866470000000  0.3348810000000  0.3307940000000 1.0
C      1  0.3348810000000  0.6692060000000  0.5866470000000 1.0
C      1  0.6692060000000  0.4133530000000  0.6651190000000 1.0
C      1  0.4133530000000  0.3348810000000  0.3307940000000 1.0
C      1  0.6651190000000  0.3307940000000  0.5866470000000 1.0
C      1  0.3348810000000  0.3307940000000  0.4133530000000 1.0
C      1  0.6651190000000  0.6692060000000  0.4133530000000 1.0
C      1  0.3307940000000  0.5866470000000  0.6651190000000 1.0
C      1  0.6692060000000  0.5866470000000  0.3348810000000 1.0
C      1  0.3307940000000  0.4133530000000  0.3348810000000 1.0
C      1  0.5866470000000  0.6651190000000  0.3307940000000 1.0
C      1  0.4133530000000  0.6651190000000  0.6692060000000 1.0
C      1  0.5866470000000  0.3348810000000  0.6692060000000 1.0
C      1  0.6248050000000  0.5000000000000  0.2827210000000 1.0
C      1  0.5000000000000  0.2827210000000  0.6248050000000 1.0
C      1  0.2827210000000  0.6248050000000  0.5000000000000 1.0
C      1  0.3751950000000  0.5000000000000  0.7172790000000 1.0
C      1  0.5000000000000  0.7172790000000  0.6248050000000 1.0
C      1  0.5000000000000  0.7172790000000  0.3751950000000 1.0
C      1  0.5000000000000  0.2827210000000  0.3751950000000 1.0
C      1  0.7172790000000  0.3751950000000  0.5000000000000 1.0
C      1  0.2827210000000  0.3751950000000  0.5000000000000 1.0
C      1  0.7172790000000  0.6248050000000  0.5000000000000 1.0
C      1  0.3751950000000  0.5000000000000  0.2827210000000 1.0
C      1  0.6248050000000  0.5000000000000  0.7172790000000 1.0
END
