TITL C-3036481-494-1177 -3.25376243674748e-05 3375 -326.677007072144 0 0 60 (Th) n - 1
REM
REM in /home/bkarasulu/work/CARBON/AIRSS/Generating-Clusters/REBO/Higher-Symm/Only-C60
REM
REM
REM
REM
REM
REM ./C.cell (a2850807a9bf4ad07a5b6933b78d9264)
REM AIRSS Version 0.9.1 bugfix July 2018 build 013d7b7c2542+ Fri, 06 Jul 2018 19:26:36 +0100
REM compiler GCC version 9.2.1 20190827 (Red Hat 9.2.1-1)
REM options -cpp -mtune=generic -march=x86-64 -g -O0 -fpre-include=/usr/include/finclude/math-vector-fortran.h
REM seed 19653728 -1504056637 672305342 -823122269 -1434877208 660366683 1695482588 1874776727 2138950374 2064053691 136322023 -65976312 -1737378868 868394958 -1617516085 -1732558465 251427701 1697634728 -1626779083 728859444 1551738836 -649398643 2021167688 -1106380400 1021481120 -1888077834 -1704745208 -138131563 -1526811816 644741987 283882527 1514560137 1144307826
REM
CELL 1.54180   15.00000   15.00000   15.00000   90.00000   90.00000   90.00000
LATT -1
SFAC C  
C      1  0.5952230000000  0.6446730000000  0.3105210000000 1.0
C      1  0.6446730000000  0.3105210000000  0.5952230000000 1.0
C      1  0.3105210000000  0.5952230000000  0.6446730000000 1.0
C      1  0.4047770000000  0.3553270000000  0.3105210000000 1.0
C      1  0.5952230000000  0.3553270000000  0.6894790000000 1.0
C      1  0.4047770000000  0.6446730000000  0.6894790000000 1.0
C      1  0.3553270000000  0.6894790000000  0.5952230000000 1.0
C      1  0.6446730000000  0.6894790000000  0.4047770000000 1.0
C      1  0.3553270000000  0.3105210000000  0.4047770000000 1.0
C      1  0.6894790000000  0.4047770000000  0.6446730000000 1.0
C      1  0.3105210000000  0.4047770000000  0.3553270000000 1.0
C      1  0.6894790000000  0.5952230000000  0.3553270000000 1.0
C      1  0.5952230000000  0.6446730000000  0.6894790000000 1.0
C      1  0.6446730000000  0.3105210000000  0.4047770000000 1.0
C      1  0.3105210000000  0.5952230000000  0.3553270000000 1.0
C      1  0.4047770000000  0.3553270000000  0.6894790000000 1.0
C      1  0.5952230000000  0.3553270000000  0.3105210000000 1.0
C      1  0.4047770000000  0.6446730000000  0.3105210000000 1.0
C      1  0.3553270000000  0.6894790000000  0.4047770000000 1.0
C      1  0.6446730000000  0.6894790000000  0.5952230000000 1.0
C      1  0.3553270000000  0.3105210000000  0.5952230000000 1.0
C      1  0.6894790000000  0.4047770000000  0.3553270000000 1.0
C      1  0.3105210000000  0.4047770000000  0.6446730000000 1.0
C      1  0.6894790000000  0.5952230000000  0.6446730000000 1.0
C      1  0.6364370000000  0.4334740000000  0.5478970000000 1.0
C      1  0.4334740000000  0.5478970000000  0.6364370000000 1.0
C      1  0.5478970000000  0.6364370000000  0.4334740000000 1.0
C      1  0.3635630000000  0.5665260000000  0.5478970000000 1.0
C      1  0.6364370000000  0.5665260000000  0.4521030000000 1.0
C      1  0.3635630000000  0.4334740000000  0.4521030000000 1.0
C      1  0.5665260000000  0.4521030000000  0.6364370000000 1.0
C      1  0.4334740000000  0.4521030000000  0.3635630000000 1.0
C      1  0.5665260000000  0.5478970000000  0.3635630000000 1.0
C      1  0.4521030000000  0.3635630000000  0.4334740000000 1.0
C      1  0.5478970000000  0.3635630000000  0.5665260000000 1.0
C      1  0.4521030000000  0.6364370000000  0.5665260000000 1.0
C      1  0.6364370000000  0.4334740000000  0.4521030000000 1.0
C      1  0.4334740000000  0.5478970000000  0.3635630000000 1.0
C      1  0.5478970000000  0.6364370000000  0.5665260000000 1.0
C      1  0.3635630000000  0.5665260000000  0.4521030000000 1.0
C      1  0.6364370000000  0.5665260000000  0.5478970000000 1.0
C      1  0.3635630000000  0.4334740000000  0.5478970000000 1.0
C      1  0.5665260000000  0.4521030000000  0.3635630000000 1.0
C      1  0.4334740000000  0.4521030000000  0.6364370000000 1.0
C      1  0.5665260000000  0.5478970000000  0.6364370000000 1.0
C      1  0.4521030000000  0.3635630000000  0.5665260000000 1.0
C      1  0.5478970000000  0.3635630000000  0.4334740000000 1.0
C      1  0.4521030000000  0.6364370000000  0.4334740000000 1.0
C      1  0.5000000000000  0.3298430000000  0.7143120000000 1.0
C      1  0.3298430000000  0.7143120000000  0.5000000000000 1.0
C      1  0.6701570000000  0.2856880000000  0.5000000000000 1.0
C      1  0.5000000000000  0.6701570000000  0.2856880000000 1.0
C      1  0.2856880000000  0.5000000000000  0.3298430000000 1.0
C      1  0.5000000000000  0.3298430000000  0.2856880000000 1.0
C      1  0.3298430000000  0.2856880000000  0.5000000000000 1.0
C      1  0.7143120000000  0.5000000000000  0.3298430000000 1.0
C      1  0.2856880000000  0.5000000000000  0.6701570000000 1.0
C      1  0.7143120000000  0.5000000000000  0.6701570000000 1.0
C      1  0.5000000000000  0.6701570000000  0.7143120000000 1.0
C      1  0.6701570000000  0.7143120000000  0.5000000000000 1.0
END
