TITL C-3036480-97-875 -2.81777306619968e-05 3375 -294.87054189623 0 0 60 (Th) n - 1
REM
REM in /home/bkarasulu/work/CARBON/AIRSS/Generating-Clusters/REBO/Higher-Symm/Only-C60
REM
REM
REM
REM
REM
REM ./C.cell (a2850807a9bf4ad07a5b6933b78d9264)
REM AIRSS Version 0.9.1 bugfix July 2018 build 013d7b7c2542+ Fri, 06 Jul 2018 19:26:36 +0100
REM compiler GCC version 9.2.1 20190827 (Red Hat 9.2.1-1)
REM options -cpp -mtune=generic -march=x86-64 -g -O0 -fpre-include=/usr/include/finclude/math-vector-fortran.h
REM seed 119667616 2043204197 54149784 -1596896883 189296076 328360328 482647449 -1645627988 -435076366 668255543 1515325774 2025335319 1616177732 1458685275 799309480 -2040374406 1276027381 -1354644331 630589585 -591098572 -416316658 -675553070 -940834033 778124917 1430096107 -270567483 1002813647 1989359116 -1763410571 -599356829 2096992062 -492128147 -1632382412
REM
CELL 1.54180   15.00000   15.00000   15.00000   90.00000   90.00000   90.00000
LATT -1
SFAC C  
C      1  0.6455040000000  0.6451980000000  0.4461060000000 1.0
C      1  0.6451980000000  0.4461060000000  0.6455040000000 1.0
C      1  0.4461060000000  0.6455040000000  0.6451980000000 1.0
C      1  0.3544960000000  0.3548020000000  0.4461060000000 1.0
C      1  0.6455040000000  0.3548020000000  0.5538940000000 1.0
C      1  0.3544960000000  0.6451980000000  0.5538940000000 1.0
C      1  0.3548020000000  0.5538940000000  0.6455040000000 1.0
C      1  0.6451980000000  0.5538940000000  0.3544960000000 1.0
C      1  0.3548020000000  0.4461060000000  0.3544960000000 1.0
C      1  0.5538940000000  0.3544960000000  0.6451980000000 1.0
C      1  0.4461060000000  0.3544960000000  0.3548020000000 1.0
C      1  0.5538940000000  0.6455040000000  0.3548020000000 1.0
C      1  0.6455040000000  0.6451980000000  0.5538940000000 1.0
C      1  0.6451980000000  0.4461060000000  0.3544960000000 1.0
C      1  0.4461060000000  0.6455040000000  0.3548020000000 1.0
C      1  0.3544960000000  0.3548020000000  0.5538940000000 1.0
C      1  0.6455040000000  0.3548020000000  0.4461060000000 1.0
C      1  0.3544960000000  0.6451980000000  0.4461060000000 1.0
C      1  0.3548020000000  0.5538940000000  0.3544960000000 1.0
C      1  0.6451980000000  0.5538940000000  0.6455040000000 1.0
C      1  0.3548020000000  0.4461060000000  0.6455040000000 1.0
C      1  0.5538940000000  0.3544960000000  0.3548020000000 1.0
C      1  0.4461060000000  0.3544960000000  0.6451980000000 1.0
C      1  0.5538940000000  0.6455040000000  0.6451980000000 1.0
C      1  0.4426130000000  0.7202060000000  0.5580300000000 1.0
C      1  0.7202060000000  0.5580300000000  0.4426130000000 1.0
C      1  0.5580300000000  0.4426130000000  0.7202060000000 1.0
C      1  0.5573870000000  0.2797940000000  0.5580300000000 1.0
C      1  0.4426130000000  0.2797940000000  0.4419700000000 1.0
C      1  0.5573870000000  0.7202060000000  0.4419700000000 1.0
C      1  0.2797940000000  0.4419700000000  0.4426130000000 1.0
C      1  0.7202060000000  0.4419700000000  0.5573870000000 1.0
C      1  0.2797940000000  0.5580300000000  0.5573870000000 1.0
C      1  0.4419700000000  0.5573870000000  0.7202060000000 1.0
C      1  0.5580300000000  0.5573870000000  0.2797940000000 1.0
C      1  0.4419700000000  0.4426130000000  0.2797940000000 1.0
C      1  0.4426130000000  0.7202060000000  0.4419700000000 1.0
C      1  0.7202060000000  0.5580300000000  0.5573870000000 1.0
C      1  0.5580300000000  0.4426130000000  0.2797940000000 1.0
C      1  0.5573870000000  0.2797940000000  0.4419700000000 1.0
C      1  0.4426130000000  0.2797940000000  0.5580300000000 1.0
C      1  0.5573870000000  0.7202060000000  0.5580300000000 1.0
C      1  0.2797940000000  0.4419700000000  0.5573870000000 1.0
C      1  0.7202060000000  0.4419700000000  0.4426130000000 1.0
C      1  0.2797940000000  0.5580300000000  0.4426130000000 1.0
C      1  0.4419700000000  0.5573870000000  0.2797940000000 1.0
C      1  0.5580300000000  0.5573870000000  0.7202060000000 1.0
C      1  0.4419700000000  0.4426130000000  0.7202060000000 1.0
C      1  0.5000000000000  0.4473570000000  0.6038520000000 1.0
C      1  0.5000000000000  0.5526430000000  0.3961480000000 1.0
C      1  0.6038520000000  0.5000000000000  0.4473570000000 1.0
C      1  0.4473570000000  0.6038520000000  0.5000000000000 1.0
C      1  0.3961480000000  0.5000000000000  0.4473570000000 1.0
C      1  0.6038520000000  0.5000000000000  0.5526430000000 1.0
C      1  0.3961480000000  0.5000000000000  0.5526430000000 1.0
C      1  0.5000000000000  0.5526430000000  0.6038520000000 1.0
C      1  0.5000000000000  0.4473570000000  0.3961480000000 1.0
C      1  0.5526430000000  0.3961480000000  0.5000000000000 1.0
C      1  0.4473570000000  0.3961480000000  0.5000000000000 1.0
C      1  0.5526430000000  0.6038520000000  0.5000000000000 1.0
END
