TITL C-3036482-790-296 3.68276278526427e-06 3375 -349.221563894815 0 0 60 (Th) n - 1
REM
REM in /home/bkarasulu/work/CARBON/AIRSS/Generating-Clusters/REBO/Higher-Symm/Only-C60
REM
REM
REM
REM
REM
REM ./C.cell (a2850807a9bf4ad07a5b6933b78d9264)
REM AIRSS Version 0.9.1 bugfix July 2018 build 013d7b7c2542+ Fri, 06 Jul 2018 19:26:36 +0100
REM compiler GCC version 9.2.1 20190827 (Red Hat 9.2.1-1)
REM options -cpp -mtune=generic -march=x86-64 -g -O0 -fpre-include=/usr/include/finclude/math-vector-fortran.h
REM seed -1811165818 -1876620695 -108941244 -1801423429 1123722222 900011394 -1423662810 1013164355 -1864833193 -432121639 1559863679 1355941890 760020195 1876060307 -73376295 768376301 -896170126 -1952736391 1055066908 1795788591 1096356687 2080705973 -746863359 -2103492100 -243230592 -1420837280 -1722066712 -806393220 -116409514 -1523110312 462205621 -1988848416 1988712871
REM
CELL 1.54180   15.00000   15.00000   15.00000   90.00000   90.00000   90.00000
LATT -1
SFAC C  
C      1  0.4462000000000  0.5572940000000  0.2893250000000 1.0
C      1  0.5572940000000  0.2893250000000  0.4462000000000 1.0
C      1  0.2893250000000  0.4462000000000  0.5572940000000 1.0
C      1  0.5538000000000  0.4427060000000  0.2893250000000 1.0
C      1  0.4462000000000  0.4427060000000  0.7106750000000 1.0
C      1  0.5538000000000  0.5572940000000  0.7106750000000 1.0
C      1  0.4427060000000  0.7106750000000  0.4462000000000 1.0
C      1  0.5572940000000  0.7106750000000  0.5538000000000 1.0
C      1  0.4427060000000  0.2893250000000  0.5538000000000 1.0
C      1  0.7106750000000  0.5538000000000  0.5572940000000 1.0
C      1  0.2893250000000  0.5538000000000  0.4427060000000 1.0
C      1  0.7106750000000  0.4462000000000  0.4427060000000 1.0
C      1  0.4462000000000  0.5572940000000  0.7106750000000 1.0
C      1  0.5572940000000  0.2893250000000  0.5538000000000 1.0
C      1  0.2893250000000  0.4462000000000  0.4427060000000 1.0
C      1  0.5538000000000  0.4427060000000  0.7106750000000 1.0
C      1  0.4462000000000  0.4427060000000  0.2893250000000 1.0
C      1  0.5538000000000  0.5572940000000  0.2893250000000 1.0
C      1  0.4427060000000  0.7106750000000  0.5538000000000 1.0
C      1  0.5572940000000  0.7106750000000  0.4462000000000 1.0
C      1  0.4427060000000  0.2893250000000  0.4462000000000 1.0
C      1  0.7106750000000  0.5538000000000  0.4427060000000 1.0
C      1  0.2893250000000  0.5538000000000  0.5572940000000 1.0
C      1  0.7106750000000  0.4462000000000  0.5572940000000 1.0
C      1  0.6539180000000  0.6711400000000  0.4160280000000 1.0
C      1  0.6711400000000  0.4160280000000  0.6539180000000 1.0
C      1  0.4160280000000  0.6539180000000  0.6711400000000 1.0
C      1  0.3460820000000  0.3288600000000  0.4160280000000 1.0
C      1  0.6539180000000  0.3288600000000  0.5839720000000 1.0
C      1  0.3460820000000  0.6711400000000  0.5839720000000 1.0
C      1  0.3288600000000  0.5839720000000  0.6539180000000 1.0
C      1  0.6711400000000  0.5839720000000  0.3460820000000 1.0
C      1  0.3288600000000  0.4160280000000  0.3460820000000 1.0
C      1  0.5839720000000  0.3460820000000  0.6711400000000 1.0
C      1  0.4160280000000  0.3460820000000  0.3288600000000 1.0
C      1  0.5839720000000  0.6539180000000  0.3288600000000 1.0
C      1  0.6539180000000  0.6711400000000  0.5839720000000 1.0
C      1  0.6711400000000  0.4160280000000  0.3460820000000 1.0
C      1  0.4160280000000  0.6539180000000  0.3288600000000 1.0
C      1  0.3460820000000  0.3288600000000  0.5839720000000 1.0
C      1  0.6539180000000  0.3288600000000  0.4160280000000 1.0
C      1  0.3460820000000  0.6711400000000  0.4160280000000 1.0
C      1  0.3288600000000  0.5839720000000  0.3460820000000 1.0
C      1  0.6711400000000  0.5839720000000  0.6539180000000 1.0
C      1  0.3288600000000  0.4160280000000  0.6539180000000 1.0
C      1  0.5839720000000  0.3460820000000  0.3288600000000 1.0
C      1  0.4160280000000  0.3460820000000  0.6711400000000 1.0
C      1  0.5839720000000  0.6539180000000  0.6711400000000 1.0
C      1  0.3482830000000  0.5000000000000  0.7110710000000 1.0
C      1  0.6517170000000  0.5000000000000  0.2889290000000 1.0
C      1  0.7110710000000  0.6517170000000  0.5000000000000 1.0
C      1  0.6517170000000  0.5000000000000  0.7110710000000 1.0
C      1  0.5000000000000  0.7110710000000  0.6517170000000 1.0
C      1  0.2889290000000  0.3482830000000  0.5000000000000 1.0
C      1  0.7110710000000  0.3482830000000  0.5000000000000 1.0
C      1  0.2889290000000  0.6517170000000  0.5000000000000 1.0
C      1  0.3482830000000  0.5000000000000  0.2889290000000 1.0
C      1  0.5000000000000  0.2889290000000  0.6517170000000 1.0
C      1  0.5000000000000  0.2889290000000  0.3482830000000 1.0
C      1  0.5000000000000  0.7110710000000  0.3482830000000 1.0
END
