TITL C-986979-5873-1194 7.21379410451726e-06 3375 -344.804543184407 0 0 60 (Th) n - 1
REM
REM in /home/bkarasulu/work/CARBON/AIRSS/Generating-Clusters/REBO/Higher-Symm/Only-C60
REM
REM
REM
REM
REM
REM ./C.cell (a2850807a9bf4ad07a5b6933b78d9264)
REM AIRSS Version 0.9.1 bugfix July 2018 build 013d7b7c2542+ Fri, 06 Jul 2018 19:26:36 +0100
REM compiler GCC version 9.2.1 20190827 (Red Hat 9.2.1-1)
REM options -cpp -mtune=generic -march=x86-64 -g -O0 -fpre-include=/usr/include/finclude/math-vector-fortran.h
REM seed -155014690 621316420 -1412699665 1890393010 971135203 574752593 -1260733673 1887073371 -894047394 1533376427 72518066 1604165868 -2142034958 1366271799 -336252421 -588065132 1350982037 798535533 -862650639 -1625064407 -657357453 -39549632 -1605058542 -148497047 562817963 -1639497274 -776472508 2049064652 -2042223198 215225064 -2110344899 -1726859618 1716137216
REM
CELL 1.54180   15.00000   15.00000   15.00000   90.00000   90.00000   90.00000
LATT -1
SFAC C  
C      1  0.4467510000000  0.4475580000000  0.7645140000000 1.0
C      1  0.4475580000000  0.7645140000000  0.4467510000000 1.0
C      1  0.7645140000000  0.4467510000000  0.4475580000000 1.0
C      1  0.5532490000000  0.5524420000000  0.7645140000000 1.0
C      1  0.4467510000000  0.5524420000000  0.2354860000000 1.0
C      1  0.5532490000000  0.4475580000000  0.2354860000000 1.0
C      1  0.5524420000000  0.2354860000000  0.4467510000000 1.0
C      1  0.4475580000000  0.2354860000000  0.5532490000000 1.0
C      1  0.5524420000000  0.7645140000000  0.5532490000000 1.0
C      1  0.2354860000000  0.5532490000000  0.4475580000000 1.0
C      1  0.7645140000000  0.5532490000000  0.5524420000000 1.0
C      1  0.2354860000000  0.4467510000000  0.5524420000000 1.0
C      1  0.4467510000000  0.4475580000000  0.2354860000000 1.0
C      1  0.4475580000000  0.7645140000000  0.5532490000000 1.0
C      1  0.7645140000000  0.4467510000000  0.5524420000000 1.0
C      1  0.5532490000000  0.5524420000000  0.2354860000000 1.0
C      1  0.4467510000000  0.5524420000000  0.7645140000000 1.0
C      1  0.5532490000000  0.4475580000000  0.7645140000000 1.0
C      1  0.5524420000000  0.2354860000000  0.5532490000000 1.0
C      1  0.4475580000000  0.2354860000000  0.4467510000000 1.0
C      1  0.5524420000000  0.7645140000000  0.4467510000000 1.0
C      1  0.2354860000000  0.5532490000000  0.5524420000000 1.0
C      1  0.7645140000000  0.5532490000000  0.4475580000000 1.0
C      1  0.2354860000000  0.4467510000000  0.4475580000000 1.0
C      1  0.5983480000000  0.3288180000000  0.4111260000000 1.0
C      1  0.3288180000000  0.4111260000000  0.5983480000000 1.0
C      1  0.4111260000000  0.5983480000000  0.3288180000000 1.0
C      1  0.4016520000000  0.6711820000000  0.4111260000000 1.0
C      1  0.5983480000000  0.6711820000000  0.5888740000000 1.0
C      1  0.4016520000000  0.3288180000000  0.5888740000000 1.0
C      1  0.6711820000000  0.5888740000000  0.5983480000000 1.0
C      1  0.3288180000000  0.5888740000000  0.4016520000000 1.0
C      1  0.6711820000000  0.4111260000000  0.4016520000000 1.0
C      1  0.5888740000000  0.4016520000000  0.3288180000000 1.0
C      1  0.4111260000000  0.4016520000000  0.6711820000000 1.0
C      1  0.5888740000000  0.5983480000000  0.6711820000000 1.0
C      1  0.5983480000000  0.3288180000000  0.5888740000000 1.0
C      1  0.3288180000000  0.4111260000000  0.4016520000000 1.0
C      1  0.4111260000000  0.5983480000000  0.6711820000000 1.0
C      1  0.4016520000000  0.6711820000000  0.5888740000000 1.0
C      1  0.5983480000000  0.6711820000000  0.4111260000000 1.0
C      1  0.4016520000000  0.3288180000000  0.4111260000000 1.0
C      1  0.6711820000000  0.5888740000000  0.4016520000000 1.0
C      1  0.3288180000000  0.5888740000000  0.5983480000000 1.0
C      1  0.6711820000000  0.4111260000000  0.5983480000000 1.0
C      1  0.5888740000000  0.4016520000000  0.6711820000000 1.0
C      1  0.4111260000000  0.4016520000000  0.3288180000000 1.0
C      1  0.5888740000000  0.5983480000000  0.3288180000000 1.0
C      1  0.4544530000000  0.3568960000000  0.5000000000000 1.0
C      1  0.3568960000000  0.5000000000000  0.4544530000000 1.0
C      1  0.5000000000000  0.4544530000000  0.3568960000000 1.0
C      1  0.5455470000000  0.6431040000000  0.5000000000000 1.0
C      1  0.4544530000000  0.6431040000000  0.5000000000000 1.0
C      1  0.5455470000000  0.3568960000000  0.5000000000000 1.0
C      1  0.6431040000000  0.5000000000000  0.4544530000000 1.0
C      1  0.3568960000000  0.5000000000000  0.5455470000000 1.0
C      1  0.6431040000000  0.5000000000000  0.5455470000000 1.0
C      1  0.5000000000000  0.5455470000000  0.3568960000000 1.0
C      1  0.5000000000000  0.5455470000000  0.6431040000000 1.0
C      1  0.5000000000000  0.4544530000000  0.6431040000000 1.0
END
