TITL C-986976-6631-1005 3.26368918891767e-06 3375 -410.523803474049 0 0 60 (Ih) n - 1
REM
REM in /home/bkarasulu/work/CARBON/AIRSS/Generating-Clusters/REBO/Higher-Symm/Only-C60
REM
REM
REM
REM
REM
REM ./C.cell (a2850807a9bf4ad07a5b6933b78d9264)
REM AIRSS Version 0.9.1 bugfix July 2018 build 013d7b7c2542+ Fri, 06 Jul 2018 19:26:36 +0100
REM compiler GCC version 9.2.1 20190827 (Red Hat 9.2.1-1)
REM options -cpp -mtune=generic -march=x86-64 -g -O0 -fpre-include=/usr/include/finclude/math-vector-fortran.h
REM seed -1965293198 -279331393 -933503322 -1435157359 -197880489 -926264770 -126871660 1516511134 1898306727 -158252016 287459006 116938867 1780276369 -30695684 -117764403 934784214 1574977822 -1004534448 974285188 -586312717 -1053898573 -2015699068 169554222 1075544131 1260413350 -1714425530 -264138601 -606389431 2077843696 262409032 -626259330 -1287487101 2012335274
REM
CELL 1.54180   15.00000   15.00000   15.00000   90.00000   90.00000   90.00000
LATT -1
SFAC C  
C      1  0.7049870000000  0.5791210000000  0.5964670000000 1.0
C      1  0.5791210000000  0.5964670000000  0.7049870000000 1.0
C      1  0.5964670000000  0.7049870000000  0.5791210000000 1.0
C      1  0.2950130000000  0.4208790000000  0.5964670000000 1.0
C      1  0.7049870000000  0.4208790000000  0.4035330000000 1.0
C      1  0.2950130000000  0.5791210000000  0.4035330000000 1.0
C      1  0.4208790000000  0.4035330000000  0.7049870000000 1.0
C      1  0.5791210000000  0.4035330000000  0.2950130000000 1.0
C      1  0.4208790000000  0.5964670000000  0.2950130000000 1.0
C      1  0.4035330000000  0.2950130000000  0.5791210000000 1.0
C      1  0.5964670000000  0.2950130000000  0.4208790000000 1.0
C      1  0.4035330000000  0.7049870000000  0.4208790000000 1.0
C      1  0.7049870000000  0.5791210000000  0.4035330000000 1.0
C      1  0.5791210000000  0.5964670000000  0.2950130000000 1.0
C      1  0.5964670000000  0.7049870000000  0.4208790000000 1.0
C      1  0.2950130000000  0.4208790000000  0.4035330000000 1.0
C      1  0.7049870000000  0.4208790000000  0.5964670000000 1.0
C      1  0.2950130000000  0.5791210000000  0.5964670000000 1.0
C      1  0.4208790000000  0.4035330000000  0.2950130000000 1.0
C      1  0.5791210000000  0.4035330000000  0.7049870000000 1.0
C      1  0.4208790000000  0.5964670000000  0.7049870000000 1.0
C      1  0.4035330000000  0.2950130000000  0.4208790000000 1.0
C      1  0.5964670000000  0.2950130000000  0.5791210000000 1.0
C      1  0.4035330000000  0.7049870000000  0.5791210000000 1.0
C      1  0.5488990000000  0.6755880000000  0.6560880000000 1.0
C      1  0.6755880000000  0.6560880000000  0.5488990000000 1.0
C      1  0.6560880000000  0.5488990000000  0.6755880000000 1.0
C      1  0.4511010000000  0.3244120000000  0.6560880000000 1.0
C      1  0.5488990000000  0.3244120000000  0.3439120000000 1.0
C      1  0.4511010000000  0.6755880000000  0.3439120000000 1.0
C      1  0.3244120000000  0.3439120000000  0.5488990000000 1.0
C      1  0.6755880000000  0.3439120000000  0.4511010000000 1.0
C      1  0.3244120000000  0.6560880000000  0.4511010000000 1.0
C      1  0.3439120000000  0.4511010000000  0.6755880000000 1.0
C      1  0.6560880000000  0.4511010000000  0.3244120000000 1.0
C      1  0.3439120000000  0.5488990000000  0.3244120000000 1.0
C      1  0.5488990000000  0.6755880000000  0.3439120000000 1.0
C      1  0.6755880000000  0.6560880000000  0.4511010000000 1.0
C      1  0.6560880000000  0.5488990000000  0.3244120000000 1.0
C      1  0.4511010000000  0.3244120000000  0.3439120000000 1.0
C      1  0.5488990000000  0.3244120000000  0.6560880000000 1.0
C      1  0.4511010000000  0.6755880000000  0.6560880000000 1.0
C      1  0.3244120000000  0.3439120000000  0.4511010000000 1.0
C      1  0.6755880000000  0.3439120000000  0.5488990000000 1.0
C      1  0.3244120000000  0.6560880000000  0.5488990000000 1.0
C      1  0.3439120000000  0.4511010000000  0.3244120000000 1.0
C      1  0.6560880000000  0.4511010000000  0.6755880000000 1.0
C      1  0.3439120000000  0.5488990000000  0.6755880000000 1.0
C      1  0.5475680000000  0.7352080000000  0.5000000000000 1.0
C      1  0.7352080000000  0.5000000000000  0.5475680000000 1.0
C      1  0.4524320000000  0.2647920000000  0.5000000000000 1.0
C      1  0.5475680000000  0.2647920000000  0.5000000000000 1.0
C      1  0.4524320000000  0.7352080000000  0.5000000000000 1.0
C      1  0.2647920000000  0.5000000000000  0.5475680000000 1.0
C      1  0.7352080000000  0.5000000000000  0.4524320000000 1.0
C      1  0.2647920000000  0.5000000000000  0.4524320000000 1.0
C      1  0.5000000000000  0.4524320000000  0.7352080000000 1.0
C      1  0.5000000000000  0.4524320000000  0.2647920000000 1.0
C      1  0.5000000000000  0.5475680000000  0.2647920000000 1.0
C      1  0.5000000000000  0.5475680000000  0.7352080000000 1.0
END
