TITL C-986979-5873-375 2.2087835197861e-05 3375 -336.928183288202 0 0 60 (Th) n - 1
REM
REM in /home/bkarasulu/work/CARBON/AIRSS/Generating-Clusters/REBO/Higher-Symm/Only-C60
REM
REM
REM
REM
REM
REM ./C.cell (a2850807a9bf4ad07a5b6933b78d9264)
REM AIRSS Version 0.9.1 bugfix July 2018 build 013d7b7c2542+ Fri, 06 Jul 2018 19:26:36 +0100
REM compiler GCC version 9.2.1 20190827 (Red Hat 9.2.1-1)
REM options -cpp -mtune=generic -march=x86-64 -g -O0 -fpre-include=/usr/include/finclude/math-vector-fortran.h
REM seed 1230602177 -854772857 -1323764305 -1543875527 -704649956 -257185887 -1428343009 582277410 370358673 304452070 101832654 -22955131 -920208239 808503514 -195885320 -1739026482 -1648199817 -1518253404 1873615412 -1263965452 14655812 -767176580 -118777180 1252010615 615757772 -972681844 -1059186153 1396632225 -2091697067 -793746827 -1510701928 -717291387 1674605541
REM
CELL 1.54180   15.00000   15.00000   15.00000   90.00000   90.00000   90.00000
LATT -1
SFAC C  
C      1  0.4127310000000  0.5542980000000  0.6855600000000 1.0
C      1  0.5542980000000  0.6855600000000  0.4127310000000 1.0
C      1  0.6855600000000  0.4127310000000  0.5542980000000 1.0
C      1  0.5872690000000  0.4457020000000  0.6855600000000 1.0
C      1  0.4127310000000  0.4457020000000  0.3144400000000 1.0
C      1  0.5872690000000  0.5542980000000  0.3144400000000 1.0
C      1  0.4457020000000  0.3144400000000  0.4127310000000 1.0
C      1  0.5542980000000  0.3144400000000  0.5872690000000 1.0
C      1  0.4457020000000  0.6855600000000  0.5872690000000 1.0
C      1  0.3144400000000  0.5872690000000  0.5542980000000 1.0
C      1  0.6855600000000  0.5872690000000  0.4457020000000 1.0
C      1  0.3144400000000  0.4127310000000  0.4457020000000 1.0
C      1  0.4127310000000  0.5542980000000  0.3144400000000 1.0
C      1  0.5542980000000  0.6855600000000  0.5872690000000 1.0
C      1  0.6855600000000  0.4127310000000  0.4457020000000 1.0
C      1  0.5872690000000  0.4457020000000  0.3144400000000 1.0
C      1  0.4127310000000  0.4457020000000  0.6855600000000 1.0
C      1  0.5872690000000  0.5542980000000  0.6855600000000 1.0
C      1  0.4457020000000  0.3144400000000  0.5872690000000 1.0
C      1  0.5542980000000  0.3144400000000  0.4127310000000 1.0
C      1  0.4457020000000  0.6855600000000  0.4127310000000 1.0
C      1  0.3144400000000  0.5872690000000  0.4457020000000 1.0
C      1  0.6855600000000  0.5872690000000  0.5542980000000 1.0
C      1  0.3144400000000  0.4127310000000  0.5542980000000 1.0
C      1  0.5965550000000  0.7728350000000  0.5424250000000 1.0
C      1  0.7728350000000  0.5424250000000  0.5965550000000 1.0
C      1  0.5424250000000  0.5965550000000  0.7728350000000 1.0
C      1  0.4034450000000  0.2271650000000  0.5424250000000 1.0
C      1  0.5965550000000  0.2271650000000  0.4575750000000 1.0
C      1  0.4034450000000  0.7728350000000  0.4575750000000 1.0
C      1  0.2271650000000  0.4575750000000  0.5965550000000 1.0
C      1  0.7728350000000  0.4575750000000  0.4034450000000 1.0
C      1  0.2271650000000  0.5424250000000  0.4034450000000 1.0
C      1  0.4575750000000  0.4034450000000  0.7728350000000 1.0
C      1  0.5424250000000  0.4034450000000  0.2271650000000 1.0
C      1  0.4575750000000  0.5965550000000  0.2271650000000 1.0
C      1  0.5965550000000  0.7728350000000  0.4575750000000 1.0
C      1  0.7728350000000  0.5424250000000  0.4034450000000 1.0
C      1  0.5424250000000  0.5965550000000  0.2271650000000 1.0
C      1  0.4034450000000  0.2271650000000  0.4575750000000 1.0
C      1  0.5965550000000  0.2271650000000  0.5424250000000 1.0
C      1  0.4034450000000  0.7728350000000  0.5424250000000 1.0
C      1  0.2271650000000  0.4575750000000  0.4034450000000 1.0
C      1  0.7728350000000  0.4575750000000  0.5965550000000 1.0
C      1  0.2271650000000  0.5424250000000  0.5965550000000 1.0
C      1  0.4575750000000  0.4034450000000  0.2271650000000 1.0
C      1  0.5424250000000  0.4034450000000  0.7728350000000 1.0
C      1  0.4575750000000  0.5965550000000  0.7728350000000 1.0
C      1  0.3920560000000  0.6470890000000  0.5000000000000 1.0
C      1  0.6079440000000  0.3529110000000  0.5000000000000 1.0
C      1  0.5000000000000  0.6079440000000  0.3529110000000 1.0
C      1  0.5000000000000  0.3920560000000  0.6470890000000 1.0
C      1  0.3920560000000  0.3529110000000  0.5000000000000 1.0
C      1  0.6079440000000  0.6470890000000  0.5000000000000 1.0
C      1  0.3529110000000  0.5000000000000  0.3920560000000 1.0
C      1  0.5000000000000  0.3920560000000  0.3529110000000 1.0
C      1  0.6470890000000  0.5000000000000  0.3920560000000 1.0
C      1  0.3529110000000  0.5000000000000  0.6079440000000 1.0
C      1  0.6470890000000  0.5000000000000  0.6079440000000 1.0
C      1  0.5000000000000  0.6079440000000  0.6470890000000 1.0
END
