TITL C-986974-580-427 -2.08906218285011e-05 3375 -326.676761727551 0 0 60 (Th) n - 1
REM
REM in /home/bkarasulu/work/CARBON/AIRSS/Generating-Clusters/REBO/Higher-Symm/Only-C60
REM
REM
REM
REM
REM
REM ./C.cell (a2850807a9bf4ad07a5b6933b78d9264)
REM AIRSS Version 0.9.1 bugfix July 2018 build 013d7b7c2542+ Fri, 06 Jul 2018 19:26:36 +0100
REM compiler GCC version 9.2.1 20190827 (Red Hat 9.2.1-1)
REM options -cpp -mtune=generic -march=x86-64 -g -O0 -fpre-include=/usr/include/finclude/math-vector-fortran.h
REM seed 423045376 221814267 -1019130987 -307777535 -1448427361 -484079731 -1626289609 -321768836 -1223896829 -1309588043 778502213 -306725776 -1936739012 -1055842299 -714162144 1407035944 -2113811834 -1050059288 589164789 555655487 -150782369 -1637646826 -942846686 -340968497 -712594420 1099086854 -793258231 -1824149661 243871735 443056002 -2134404274 816618177 111928598
REM
CELL 1.54180   15.00000   15.00000   15.00000   90.00000   90.00000   90.00000
LATT -1
SFAC C  
C      1  0.3635630000000  0.5478970000000  0.4334740000000 1.0
C      1  0.5478970000000  0.4334740000000  0.3635630000000 1.0
C      1  0.4334740000000  0.3635630000000  0.5478970000000 1.0
C      1  0.6364370000000  0.4521030000000  0.4334740000000 1.0
C      1  0.3635630000000  0.4521030000000  0.5665260000000 1.0
C      1  0.6364370000000  0.5478970000000  0.5665260000000 1.0
C      1  0.4521030000000  0.5665260000000  0.3635630000000 1.0
C      1  0.5478970000000  0.5665260000000  0.6364370000000 1.0
C      1  0.4521030000000  0.4334740000000  0.6364370000000 1.0
C      1  0.5665260000000  0.6364370000000  0.5478970000000 1.0
C      1  0.4334740000000  0.6364370000000  0.4521030000000 1.0
C      1  0.5665260000000  0.3635630000000  0.4521030000000 1.0
C      1  0.3635630000000  0.5478970000000  0.5665260000000 1.0
C      1  0.5478970000000  0.4334740000000  0.6364370000000 1.0
C      1  0.4334740000000  0.3635630000000  0.4521030000000 1.0
C      1  0.6364370000000  0.4521030000000  0.5665260000000 1.0
C      1  0.3635630000000  0.4521030000000  0.4334740000000 1.0
C      1  0.6364370000000  0.5478970000000  0.4334740000000 1.0
C      1  0.4521030000000  0.5665260000000  0.6364370000000 1.0
C      1  0.5478970000000  0.5665260000000  0.3635630000000 1.0
C      1  0.4521030000000  0.4334740000000  0.3635630000000 1.0
C      1  0.5665260000000  0.6364370000000  0.4521030000000 1.0
C      1  0.4334740000000  0.6364370000000  0.5478970000000 1.0
C      1  0.5665260000000  0.3635630000000  0.5478970000000 1.0
C      1  0.6446730000000  0.4047770000000  0.3105210000000 1.0
C      1  0.4047770000000  0.3105210000000  0.6446730000000 1.0
C      1  0.3105210000000  0.6446730000000  0.4047770000000 1.0
C      1  0.3553270000000  0.5952230000000  0.3105210000000 1.0
C      1  0.6446730000000  0.5952230000000  0.6894790000000 1.0
C      1  0.3553270000000  0.4047770000000  0.6894790000000 1.0
C      1  0.5952230000000  0.6894790000000  0.6446730000000 1.0
C      1  0.4047770000000  0.6894790000000  0.3553270000000 1.0
C      1  0.5952230000000  0.3105210000000  0.3553270000000 1.0
C      1  0.6894790000000  0.3553270000000  0.4047770000000 1.0
C      1  0.3105210000000  0.3553270000000  0.5952230000000 1.0
C      1  0.6894790000000  0.6446730000000  0.5952230000000 1.0
C      1  0.6446730000000  0.4047770000000  0.6894790000000 1.0
C      1  0.4047770000000  0.3105210000000  0.3553270000000 1.0
C      1  0.3105210000000  0.6446730000000  0.5952230000000 1.0
C      1  0.3553270000000  0.5952230000000  0.6894790000000 1.0
C      1  0.6446730000000  0.5952230000000  0.3105210000000 1.0
C      1  0.3553270000000  0.4047770000000  0.3105210000000 1.0
C      1  0.5952230000000  0.6894790000000  0.3553270000000 1.0
C      1  0.4047770000000  0.6894790000000  0.6446730000000 1.0
C      1  0.5952230000000  0.3105210000000  0.6446730000000 1.0
C      1  0.6894790000000  0.3553270000000  0.5952230000000 1.0
C      1  0.3105210000000  0.3553270000000  0.4047770000000 1.0
C      1  0.6894790000000  0.6446730000000  0.4047770000000 1.0
C      1  0.3298430000000  0.5000000000000  0.7143120000000 1.0
C      1  0.6701570000000  0.5000000000000  0.2856880000000 1.0
C      1  0.5000000000000  0.2856880000000  0.3298430000000 1.0
C      1  0.2856880000000  0.3298430000000  0.5000000000000 1.0
C      1  0.5000000000000  0.7143120000000  0.3298430000000 1.0
C      1  0.5000000000000  0.7143120000000  0.6701570000000 1.0
C      1  0.5000000000000  0.2856880000000  0.6701570000000 1.0
C      1  0.7143120000000  0.6701570000000  0.5000000000000 1.0
C      1  0.2856880000000  0.6701570000000  0.5000000000000 1.0
C      1  0.7143120000000  0.3298430000000  0.5000000000000 1.0
C      1  0.3298430000000  0.5000000000000  0.2856880000000 1.0
C      1  0.6701570000000  0.5000000000000  0.7143120000000 1.0
END
