TITL C-986975-4297-1067 -1.14408014506142e-06 3375 -346.0020213281 0 0 60 (Th) n - 1
REM
REM in /home/bkarasulu/work/CARBON/AIRSS/Generating-Clusters/REBO/Higher-Symm/Only-C60
REM
REM
REM
REM
REM
REM ./C.cell (a2850807a9bf4ad07a5b6933b78d9264)
REM AIRSS Version 0.9.1 bugfix July 2018 build 013d7b7c2542+ Fri, 06 Jul 2018 19:26:36 +0100
REM compiler GCC version 9.2.1 20190827 (Red Hat 9.2.1-1)
REM options -cpp -mtune=generic -march=x86-64 -g -O0 -fpre-include=/usr/include/finclude/math-vector-fortran.h
REM seed -617136047 -691413831 624240938 -80942191 53886702 -1451790412 -796926272 -1033954699 1444723646 -695528600 767479663 -765754168 636965973 -365059351 -476425098 -1492454911 -789768611 -224492160 1946602149 2034114512 246298629 -1508044451 762142359 1066369877 -1604115539 1440226642 1347039069 -337480369 -645814858 1706145381 106241243 682756191 16075732
REM
CELL 1.54180   15.00000   15.00000   15.00000   90.00000   90.00000   90.00000
LATT -1
SFAC C  
C      1  0.6002370000000  0.6443940000000  0.5546440000000 1.0
C      1  0.6443940000000  0.5546440000000  0.6002370000000 1.0
C      1  0.5546440000000  0.6002370000000  0.6443940000000 1.0
C      1  0.3997630000000  0.3556060000000  0.5546440000000 1.0
C      1  0.6002370000000  0.3556060000000  0.4453560000000 1.0
C      1  0.3997630000000  0.6443940000000  0.4453560000000 1.0
C      1  0.3556060000000  0.4453560000000  0.6002370000000 1.0
C      1  0.6443940000000  0.4453560000000  0.3997630000000 1.0
C      1  0.3556060000000  0.5546440000000  0.3997630000000 1.0
C      1  0.4453560000000  0.3997630000000  0.6443940000000 1.0
C      1  0.5546440000000  0.3997630000000  0.3556060000000 1.0
C      1  0.4453560000000  0.6002370000000  0.3556060000000 1.0
C      1  0.6002370000000  0.6443940000000  0.4453560000000 1.0
C      1  0.6443940000000  0.5546440000000  0.3997630000000 1.0
C      1  0.5546440000000  0.6002370000000  0.3556060000000 1.0
C      1  0.3997630000000  0.3556060000000  0.4453560000000 1.0
C      1  0.6002370000000  0.3556060000000  0.5546440000000 1.0
C      1  0.3997630000000  0.6443940000000  0.5546440000000 1.0
C      1  0.3556060000000  0.4453560000000  0.3997630000000 1.0
C      1  0.6443940000000  0.4453560000000  0.6002370000000 1.0
C      1  0.3556060000000  0.5546440000000  0.6002370000000 1.0
C      1  0.4453560000000  0.3997630000000  0.3556060000000 1.0
C      1  0.5546440000000  0.3997630000000  0.6443940000000 1.0
C      1  0.4453560000000  0.6002370000000  0.6443940000000 1.0
C      1  0.4495790000000  0.4195200000000  0.7493310000000 1.0
C      1  0.4195200000000  0.7493310000000  0.4495790000000 1.0
C      1  0.7493310000000  0.4495790000000  0.4195200000000 1.0
C      1  0.5504210000000  0.5804800000000  0.7493310000000 1.0
C      1  0.4495790000000  0.5804800000000  0.2506690000000 1.0
C      1  0.5504210000000  0.4195200000000  0.2506690000000 1.0
C      1  0.5804800000000  0.2506690000000  0.4495790000000 1.0
C      1  0.4195200000000  0.2506690000000  0.5504210000000 1.0
C      1  0.5804800000000  0.7493310000000  0.5504210000000 1.0
C      1  0.2506690000000  0.5504210000000  0.4195200000000 1.0
C      1  0.7493310000000  0.5504210000000  0.5804800000000 1.0
C      1  0.2506690000000  0.4495790000000  0.5804800000000 1.0
C      1  0.4495790000000  0.4195200000000  0.2506690000000 1.0
C      1  0.4195200000000  0.7493310000000  0.5504210000000 1.0
C      1  0.7493310000000  0.4495790000000  0.5804800000000 1.0
C      1  0.5504210000000  0.5804800000000  0.2506690000000 1.0
C      1  0.4495790000000  0.5804800000000  0.7493310000000 1.0
C      1  0.5504210000000  0.4195200000000  0.7493310000000 1.0
C      1  0.5804800000000  0.2506690000000  0.5504210000000 1.0
C      1  0.4195200000000  0.2506690000000  0.4495790000000 1.0
C      1  0.5804800000000  0.7493310000000  0.4495790000000 1.0
C      1  0.2506690000000  0.5504210000000  0.5804800000000 1.0
C      1  0.7493310000000  0.5504210000000  0.4195200000000 1.0
C      1  0.2506690000000  0.4495790000000  0.4195200000000 1.0
C      1  0.4096540000000  0.5000000000000  0.7800720000000 1.0
C      1  0.5903460000000  0.5000000000000  0.2199280000000 1.0
C      1  0.5000000000000  0.7800720000000  0.5903460000000 1.0
C      1  0.7800720000000  0.5903460000000  0.5000000000000 1.0
C      1  0.5000000000000  0.2199280000000  0.5903460000000 1.0
C      1  0.5000000000000  0.2199280000000  0.4096540000000 1.0
C      1  0.5000000000000  0.7800720000000  0.4096540000000 1.0
C      1  0.2199280000000  0.4096540000000  0.5000000000000 1.0
C      1  0.7800720000000  0.4096540000000  0.5000000000000 1.0
C      1  0.2199280000000  0.5903460000000  0.5000000000000 1.0
C      1  0.4096540000000  0.5000000000000  0.2199280000000 1.0
C      1  0.5903460000000  0.5000000000000  0.7800720000000 1.0
END
