TITL C-986973-6940-235 -1.43761869636804 3375 -341.306497057761 0 0 60 (Th) n - 1
REM
REM in /home/bkarasulu/work/CARBON/AIRSS/Generating-Clusters/REBO/Higher-Symm/Only-C60
REM
REM
REM
REM
REM
REM ./C.cell (a2850807a9bf4ad07a5b6933b78d9264)
REM AIRSS Version 0.9.1 bugfix July 2018 build 013d7b7c2542+ Fri, 06 Jul 2018 19:26:36 +0100
REM compiler GCC version 9.2.1 20190827 (Red Hat 9.2.1-1)
REM options -cpp -mtune=generic -march=x86-64 -g -O0 -fpre-include=/usr/include/finclude/math-vector-fortran.h
REM seed 365126900 -1073508187 792549528 1308304157 -378722411 1949170639 692255438 -496337134 -916228423 1705787955 951278992 -158806694 593467386 323107032 -1731183367 1853837880 -1247132078 -1414019573 860336093 1732658872 -1429361037 1467853148 -1851632662 1910229134 -1062544556 1395901359 -635473249 8442217 -1203747472 1571709116 -789952481 -1981085548 -1626984838
REM
CELL 1.54180   15.00000   15.00000   15.00000   90.00000   90.00000   90.00000
LATT -1
SFAC C  
C      1  0.5697200000000  0.3402640000000  0.6577170000000 1.0
C      1  0.3402640000000  0.6577170000000  0.5697200000000 1.0
C      1  0.6577170000000  0.5697200000000  0.3402640000000 1.0
C      1  0.4302800000000  0.6597360000000  0.6577170000000 1.0
C      1  0.5697200000000  0.6597360000000  0.3422830000000 1.0
C      1  0.4302800000000  0.3402640000000  0.3422830000000 1.0
C      1  0.6597360000000  0.3422830000000  0.5697200000000 1.0
C      1  0.3402640000000  0.3422830000000  0.4302800000000 1.0
C      1  0.6597360000000  0.6577170000000  0.4302800000000 1.0
C      1  0.3422830000000  0.4302800000000  0.3402640000000 1.0
C      1  0.6577170000000  0.4302800000000  0.6597360000000 1.0
C      1  0.3422830000000  0.5697200000000  0.6597360000000 1.0
C      1  0.5697200000000  0.3402640000000  0.3422830000000 1.0
C      1  0.3402640000000  0.6577170000000  0.4302800000000 1.0
C      1  0.6577170000000  0.5697200000000  0.6597360000000 1.0
C      1  0.4302800000000  0.6597360000000  0.3422830000000 1.0
C      1  0.5697200000000  0.6597360000000  0.6577170000000 1.0
C      1  0.4302800000000  0.3402640000000  0.6577170000000 1.0
C      1  0.6597360000000  0.3422830000000  0.4302800000000 1.0
C      1  0.3402640000000  0.3422830000000  0.5697200000000 1.0
C      1  0.6597360000000  0.6577170000000  0.5697200000000 1.0
C      1  0.3422830000000  0.4302800000000  0.6597360000000 1.0
C      1  0.6577170000000  0.4302800000000  0.3402640000000 1.0
C      1  0.3422830000000  0.5697200000000  0.3402640000000 1.0
C      1  0.4468730000000  0.3078350000000  0.5547710000000 1.0
C      1  0.3078350000000  0.5547710000000  0.4468730000000 1.0
C      1  0.5547710000000  0.4468730000000  0.3078350000000 1.0
C      1  0.5531270000000  0.6921650000000  0.5547710000000 1.0
C      1  0.4468730000000  0.6921650000000  0.4452290000000 1.0
C      1  0.5531270000000  0.3078350000000  0.4452290000000 1.0
C      1  0.6921650000000  0.4452290000000  0.4468730000000 1.0
C      1  0.3078350000000  0.4452290000000  0.5531270000000 1.0
C      1  0.6921650000000  0.5547710000000  0.5531270000000 1.0
C      1  0.4452290000000  0.5531270000000  0.3078350000000 1.0
C      1  0.5547710000000  0.5531270000000  0.6921650000000 1.0
C      1  0.4452290000000  0.4468730000000  0.6921650000000 1.0
C      1  0.4468730000000  0.3078350000000  0.4452290000000 1.0
C      1  0.3078350000000  0.5547710000000  0.5531270000000 1.0
C      1  0.5547710000000  0.4468730000000  0.6921650000000 1.0
C      1  0.5531270000000  0.6921650000000  0.4452290000000 1.0
C      1  0.4468730000000  0.6921650000000  0.5547710000000 1.0
C      1  0.5531270000000  0.3078350000000  0.5547710000000 1.0
C      1  0.6921650000000  0.4452290000000  0.5531270000000 1.0
C      1  0.3078350000000  0.4452290000000  0.4468730000000 1.0
C      1  0.6921650000000  0.5547710000000  0.4468730000000 1.0
C      1  0.4452290000000  0.5531270000000  0.6921650000000 1.0
C      1  0.5547710000000  0.5531270000000  0.3078350000000 1.0
C      1  0.4452290000000  0.4468730000000  0.3078350000000 1.0
C      1  0.5000000000000  0.6846240000000  0.2669950000000 1.0
C      1  0.5000000000000  0.3153760000000  0.7330050000000 1.0
C      1  0.3153760000000  0.7330050000000  0.5000000000000 1.0
C      1  0.6846240000000  0.2669950000000  0.5000000000000 1.0
C      1  0.2669950000000  0.5000000000000  0.3153760000000 1.0
C      1  0.3153760000000  0.2669950000000  0.5000000000000 1.0
C      1  0.7330050000000  0.5000000000000  0.3153760000000 1.0
C      1  0.2669950000000  0.5000000000000  0.6846240000000 1.0
C      1  0.7330050000000  0.5000000000000  0.6846240000000 1.0
C      1  0.6846240000000  0.7330050000000  0.5000000000000 1.0
C      1  0.5000000000000  0.3153760000000  0.2669950000000 1.0
C      1  0.5000000000000  0.6846240000000  0.7330050000000 1.0
END
