TITL C-986973-6940-254 -1.33377885832462e-06 3375 -410.523900320151 0 0 60 (Ih) n - 1
REM
REM in /home/bkarasulu/work/CARBON/AIRSS/Generating-Clusters/REBO/Higher-Symm/Only-C60
REM
REM
REM
REM
REM
REM ./C.cell (a2850807a9bf4ad07a5b6933b78d9264)
REM AIRSS Version 0.9.1 bugfix July 2018 build 013d7b7c2542+ Fri, 06 Jul 2018 19:26:36 +0100
REM compiler GCC version 9.2.1 20190827 (Red Hat 9.2.1-1)
REM options -cpp -mtune=generic -march=x86-64 -g -O0 -fpre-include=/usr/include/finclude/math-vector-fortran.h
REM seed -1238452015 -246325910 363212957 -594759858 742067542 -1688832697 1828487660 1445115342 -1906732161 -1812756533 -1287381726 1372483005 -826161814 -978880595 886212439 315645059 -2079406098 1192391367 854975071 -266520293 -217632466 1466666592 -1409467098 -576824888 1127204925 1609119045 -1141254849 331047584 -476967856 -1451332679 -760710900 1325466258 -101099928
REM
CELL 1.54180   15.00000   15.00000   15.00000   90.00000   90.00000   90.00000
LATT -1
SFAC C  
C      1  0.4035330000000  0.7049870000000  0.4208790000000 1.0
C      1  0.7049870000000  0.4208790000000  0.4035330000000 1.0
C      1  0.4208790000000  0.4035330000000  0.7049870000000 1.0
C      1  0.5964670000000  0.2950130000000  0.4208790000000 1.0
C      1  0.4035330000000  0.2950130000000  0.5791210000000 1.0
C      1  0.5964670000000  0.7049870000000  0.5791210000000 1.0
C      1  0.2950130000000  0.5791210000000  0.4035330000000 1.0
C      1  0.7049870000000  0.5791210000000  0.5964670000000 1.0
C      1  0.2950130000000  0.4208790000000  0.5964670000000 1.0
C      1  0.5791210000000  0.5964670000000  0.7049870000000 1.0
C      1  0.4208790000000  0.5964670000000  0.2950130000000 1.0
C      1  0.5791210000000  0.4035330000000  0.2950130000000 1.0
C      1  0.4035330000000  0.7049870000000  0.5791210000000 1.0
C      1  0.7049870000000  0.4208790000000  0.5964670000000 1.0
C      1  0.4208790000000  0.4035330000000  0.2950130000000 1.0
C      1  0.5964670000000  0.2950130000000  0.5791210000000 1.0
C      1  0.4035330000000  0.2950130000000  0.4208790000000 1.0
C      1  0.5964670000000  0.7049870000000  0.4208790000000 1.0
C      1  0.2950130000000  0.5791210000000  0.5964670000000 1.0
C      1  0.7049870000000  0.5791210000000  0.4035330000000 1.0
C      1  0.2950130000000  0.4208790000000  0.4035330000000 1.0
C      1  0.5791210000000  0.5964670000000  0.2950130000000 1.0
C      1  0.4208790000000  0.5964670000000  0.7049870000000 1.0
C      1  0.5791210000000  0.4035330000000  0.7049870000000 1.0
C      1  0.6755880000000  0.6560880000000  0.5488990000000 1.0
C      1  0.6560880000000  0.5488990000000  0.6755880000000 1.0
C      1  0.5488990000000  0.6755880000000  0.6560880000000 1.0
C      1  0.3244120000000  0.3439120000000  0.5488990000000 1.0
C      1  0.6755880000000  0.3439120000000  0.4511010000000 1.0
C      1  0.3244120000000  0.6560880000000  0.4511010000000 1.0
C      1  0.3439120000000  0.4511010000000  0.6755880000000 1.0
C      1  0.6560880000000  0.4511010000000  0.3244120000000 1.0
C      1  0.3439120000000  0.5488990000000  0.3244120000000 1.0
C      1  0.4511010000000  0.3244120000000  0.6560880000000 1.0
C      1  0.5488990000000  0.3244120000000  0.3439120000000 1.0
C      1  0.4511010000000  0.6755880000000  0.3439120000000 1.0
C      1  0.6755880000000  0.6560880000000  0.4511010000000 1.0
C      1  0.6560880000000  0.5488990000000  0.3244120000000 1.0
C      1  0.5488990000000  0.6755880000000  0.3439120000000 1.0
C      1  0.3244120000000  0.3439120000000  0.4511010000000 1.0
C      1  0.6755880000000  0.3439120000000  0.5488990000000 1.0
C      1  0.3244120000000  0.6560880000000  0.5488990000000 1.0
C      1  0.3439120000000  0.4511010000000  0.3244120000000 1.0
C      1  0.6560880000000  0.4511010000000  0.6755880000000 1.0
C      1  0.3439120000000  0.5488990000000  0.6755880000000 1.0
C      1  0.4511010000000  0.3244120000000  0.3439120000000 1.0
C      1  0.5488990000000  0.3244120000000  0.6560880000000 1.0
C      1  0.4511010000000  0.6755880000000  0.6560880000000 1.0
C      1  0.4524320000000  0.7352080000000  0.5000000000000 1.0
C      1  0.7352080000000  0.5000000000000  0.4524320000000 1.0
C      1  0.5000000000000  0.4524320000000  0.7352080000000 1.0
C      1  0.5475680000000  0.2647920000000  0.5000000000000 1.0
C      1  0.4524320000000  0.2647920000000  0.5000000000000 1.0
C      1  0.5475680000000  0.7352080000000  0.5000000000000 1.0
C      1  0.2647920000000  0.5000000000000  0.4524320000000 1.0
C      1  0.7352080000000  0.5000000000000  0.5475680000000 1.0
C      1  0.2647920000000  0.5000000000000  0.5475680000000 1.0
C      1  0.5000000000000  0.5475680000000  0.7352080000000 1.0
C      1  0.5000000000000  0.5475680000000  0.2647920000000 1.0
C      1  0.5000000000000  0.4524320000000  0.2647920000000 1.0
END
