TITL C-986975-4297-763 -1.13062645991662e-05 3375 -346.002235395422 0 0 60 (Th) n - 1
REM
REM in /home/bkarasulu/work/CARBON/AIRSS/Generating-Clusters/REBO/Higher-Symm/Only-C60
REM
REM
REM
REM
REM
REM ./C.cell (a2850807a9bf4ad07a5b6933b78d9264)
REM AIRSS Version 0.9.1 bugfix July 2018 build 013d7b7c2542+ Fri, 06 Jul 2018 19:26:36 +0100
REM compiler GCC version 9.2.1 20190827 (Red Hat 9.2.1-1)
REM options -cpp -mtune=generic -march=x86-64 -g -O0 -fpre-include=/usr/include/finclude/math-vector-fortran.h
REM seed -1926352767 1487218078 -1387455245 1163006927 2017237103 1869878984 -1095822204 1073169838 731016967 -540728931 -414426134 -574316582 -1955417089 932699569 374889991 1640697588 -1806046396 257978783 218310897 -1853953379 -500616397 -1580214201 1626474300 1098581353 -390502387 1457315449 1559908777 -1322627113 -675467555 1245208481 -1011533734 1878847147 -1439304376
REM
CELL 1.54180   15.00000   15.00000   15.00000   90.00000   90.00000   90.00000
LATT -1
SFAC C  
C      1  0.5804800000000  0.7493310000000  0.5504210000000 1.0
C      1  0.7493310000000  0.5504210000000  0.5804800000000 1.0
C      1  0.5504210000000  0.5804800000000  0.7493310000000 1.0
C      1  0.4195200000000  0.2506690000000  0.5504210000000 1.0
C      1  0.5804800000000  0.2506690000000  0.4495790000000 1.0
C      1  0.4195200000000  0.7493310000000  0.4495790000000 1.0
C      1  0.2506690000000  0.4495790000000  0.5804800000000 1.0
C      1  0.7493310000000  0.4495790000000  0.4195200000000 1.0
C      1  0.2506690000000  0.5504210000000  0.4195200000000 1.0
C      1  0.4495790000000  0.4195200000000  0.7493310000000 1.0
C      1  0.5504210000000  0.4195200000000  0.2506690000000 1.0
C      1  0.4495790000000  0.5804800000000  0.2506690000000 1.0
C      1  0.5804800000000  0.7493310000000  0.4495790000000 1.0
C      1  0.7493310000000  0.5504210000000  0.4195200000000 1.0
C      1  0.5504210000000  0.5804800000000  0.2506690000000 1.0
C      1  0.4195200000000  0.2506690000000  0.4495790000000 1.0
C      1  0.5804800000000  0.2506690000000  0.5504210000000 1.0
C      1  0.4195200000000  0.7493310000000  0.5504210000000 1.0
C      1  0.2506690000000  0.4495790000000  0.4195200000000 1.0
C      1  0.7493310000000  0.4495790000000  0.5804800000000 1.0
C      1  0.2506690000000  0.5504210000000  0.5804800000000 1.0
C      1  0.4495790000000  0.4195200000000  0.2506690000000 1.0
C      1  0.5504210000000  0.4195200000000  0.7493310000000 1.0
C      1  0.4495790000000  0.5804800000000  0.7493310000000 1.0
C      1  0.6443940000000  0.5546440000000  0.3997630000000 1.0
C      1  0.5546440000000  0.3997630000000  0.6443940000000 1.0
C      1  0.3997630000000  0.6443940000000  0.5546440000000 1.0
C      1  0.3556060000000  0.4453560000000  0.3997630000000 1.0
C      1  0.6443940000000  0.4453560000000  0.6002370000000 1.0
C      1  0.3556060000000  0.5546440000000  0.6002370000000 1.0
C      1  0.4453560000000  0.6002370000000  0.6443940000000 1.0
C      1  0.5546440000000  0.6002370000000  0.3556060000000 1.0
C      1  0.4453560000000  0.3997630000000  0.3556060000000 1.0
C      1  0.6002370000000  0.3556060000000  0.5546440000000 1.0
C      1  0.3997630000000  0.3556060000000  0.4453560000000 1.0
C      1  0.6002370000000  0.6443940000000  0.4453560000000 1.0
C      1  0.6443940000000  0.5546440000000  0.6002370000000 1.0
C      1  0.5546440000000  0.3997630000000  0.3556060000000 1.0
C      1  0.3997630000000  0.6443940000000  0.4453560000000 1.0
C      1  0.3556060000000  0.4453560000000  0.6002370000000 1.0
C      1  0.6443940000000  0.4453560000000  0.3997630000000 1.0
C      1  0.3556060000000  0.5546440000000  0.3997630000000 1.0
C      1  0.4453560000000  0.6002370000000  0.3556060000000 1.0
C      1  0.5546440000000  0.6002370000000  0.6443940000000 1.0
C      1  0.4453560000000  0.3997630000000  0.6443940000000 1.0
C      1  0.6002370000000  0.3556060000000  0.4453560000000 1.0
C      1  0.3997630000000  0.3556060000000  0.5546440000000 1.0
C      1  0.6002370000000  0.6443940000000  0.5546440000000 1.0
C      1  0.5903460000000  0.5000000000000  0.2199280000000 1.0
C      1  0.5000000000000  0.2199280000000  0.5903460000000 1.0
C      1  0.4096540000000  0.5000000000000  0.7800720000000 1.0
C      1  0.5000000000000  0.7800720000000  0.5903460000000 1.0
C      1  0.5000000000000  0.7800720000000  0.4096540000000 1.0
C      1  0.5000000000000  0.2199280000000  0.4096540000000 1.0
C      1  0.2199280000000  0.5903460000000  0.5000000000000 1.0
C      1  0.7800720000000  0.4096540000000  0.5000000000000 1.0
C      1  0.2199280000000  0.4096540000000  0.5000000000000 1.0
C      1  0.7800720000000  0.5903460000000  0.5000000000000 1.0
C      1  0.4096540000000  0.5000000000000  0.2199280000000 1.0
C      1  0.5903460000000  0.5000000000000  0.7800720000000 1.0
END
