TITL C-986979-5873-795 -2.18526066962577e-06 3375 -365.541081283001 0 0 60 (Oh) n - 1
REM
REM in /home/bkarasulu/work/CARBON/AIRSS/Generating-Clusters/REBO/Higher-Symm/Only-C60
REM
REM
REM
REM
REM
REM ./C.cell (a2850807a9bf4ad07a5b6933b78d9264)
REM AIRSS Version 0.9.1 bugfix July 2018 build 013d7b7c2542+ Fri, 06 Jul 2018 19:26:36 +0100
REM compiler GCC version 9.2.1 20190827 (Red Hat 9.2.1-1)
REM options -cpp -mtune=generic -march=x86-64 -g -O0 -fpre-include=/usr/include/finclude/math-vector-fortran.h
REM seed 799838822 -937822088 1982424031 669965375 631520106 -12304431 -917587878 -1104527836 1366271359 -387795990 -575361697 1122016853 2077013396 1682751524 -580077390 -1693606119 -252965031 902879712 1454406450 -592348905 -1324968809 290726684 -259582331 -263552716 -1452812933 602279384 -1018535047 -1778178788 -1206638126 -1188346474 2058189000 -1213002407 869896371
REM
CELL 1.54180   15.00000   15.00000   15.00000   90.00000   90.00000   90.00000
LATT -1
SFAC C  
C      1  0.7459990000000  0.5525650000000  0.6148980000000 1.0
C      1  0.5525650000000  0.6148980000000  0.7459990000000 1.0
C      1  0.6148980000000  0.7459990000000  0.5525650000000 1.0
C      1  0.2540010000000  0.4474350000000  0.6148980000000 1.0
C      1  0.7459990000000  0.4474350000000  0.3851020000000 1.0
C      1  0.2540010000000  0.5525650000000  0.3851020000000 1.0
C      1  0.4474350000000  0.3851020000000  0.7459990000000 1.0
C      1  0.5525650000000  0.3851020000000  0.2540010000000 1.0
C      1  0.4474350000000  0.6148980000000  0.2540010000000 1.0
C      1  0.3851020000000  0.2540010000000  0.5525650000000 1.0
C      1  0.6148980000000  0.2540010000000  0.4474350000000 1.0
C      1  0.3851020000000  0.7459990000000  0.4474350000000 1.0
C      1  0.7459990000000  0.5525650000000  0.3851020000000 1.0
C      1  0.5525650000000  0.6148980000000  0.2540010000000 1.0
C      1  0.6148980000000  0.7459990000000  0.4474350000000 1.0
C      1  0.2540010000000  0.4474350000000  0.3851020000000 1.0
C      1  0.7459990000000  0.4474350000000  0.6148980000000 1.0
C      1  0.2540010000000  0.5525650000000  0.6148980000000 1.0
C      1  0.4474350000000  0.3851020000000  0.2540010000000 1.0
C      1  0.5525650000000  0.3851020000000  0.7459990000000 1.0
C      1  0.4474350000000  0.6148980000000  0.7459990000000 1.0
C      1  0.3851020000000  0.2540010000000  0.4474350000000 1.0
C      1  0.6148980000000  0.2540010000000  0.5525650000000 1.0
C      1  0.3851020000000  0.7459990000000  0.5525650000000 1.0
C      1  0.4474350000000  0.7459990000000  0.3851020000000 1.0
C      1  0.7459990000000  0.3851020000000  0.4474350000000 1.0
C      1  0.3851020000000  0.4474350000000  0.7459990000000 1.0
C      1  0.5525650000000  0.2540010000000  0.3851020000000 1.0
C      1  0.4474350000000  0.2540010000000  0.6148980000000 1.0
C      1  0.5525650000000  0.7459990000000  0.6148980000000 1.0
C      1  0.2540010000000  0.6148980000000  0.4474350000000 1.0
C      1  0.7459990000000  0.6148980000000  0.5525650000000 1.0
C      1  0.2540010000000  0.3851020000000  0.5525650000000 1.0
C      1  0.6148980000000  0.5525650000000  0.7459990000000 1.0
C      1  0.3851020000000  0.5525650000000  0.2540010000000 1.0
C      1  0.6148980000000  0.4474350000000  0.2540010000000 1.0
C      1  0.4474350000000  0.7459990000000  0.6148980000000 1.0
C      1  0.7459990000000  0.3851020000000  0.5525650000000 1.0
C      1  0.3851020000000  0.4474350000000  0.2540010000000 1.0
C      1  0.5525650000000  0.2540010000000  0.6148980000000 1.0
C      1  0.4474350000000  0.2540010000000  0.3851020000000 1.0
C      1  0.5525650000000  0.7459990000000  0.3851020000000 1.0
C      1  0.2540010000000  0.6148980000000  0.5525650000000 1.0
C      1  0.7459990000000  0.6148980000000  0.4474350000000 1.0
C      1  0.2540010000000  0.3851020000000  0.4474350000000 1.0
C      1  0.6148980000000  0.5525650000000  0.2540010000000 1.0
C      1  0.3851020000000  0.5525650000000  0.7459990000000 1.0
C      1  0.6148980000000  0.4474350000000  0.7459990000000 1.0
C      1  0.5000000000000  0.7018950000000  0.2981050000000 1.0
C      1  0.5000000000000  0.2981050000000  0.7018950000000 1.0
C      1  0.2981050000000  0.7018950000000  0.5000000000000 1.0
C      1  0.7018950000000  0.2981050000000  0.5000000000000 1.0
C      1  0.5000000000000  0.7018950000000  0.7018950000000 1.0
C      1  0.7018950000000  0.5000000000000  0.2981050000000 1.0
C      1  0.2981050000000  0.5000000000000  0.7018950000000 1.0
C      1  0.7018950000000  0.5000000000000  0.7018950000000 1.0
C      1  0.5000000000000  0.2981050000000  0.2981050000000 1.0
C      1  0.2981050000000  0.5000000000000  0.2981050000000 1.0
C      1  0.2981050000000  0.2981050000000  0.5000000000000 1.0
C      1  0.7018950000000  0.7018950000000  0.5000000000000 1.0
END
