TITL C-986974-580-315 7.31500807796312e-06 3375 -349.221487381125 0 0 60 (Th) n - 1
REM
REM in /home/bkarasulu/work/CARBON/AIRSS/Generating-Clusters/REBO/Higher-Symm/Only-C60
REM
REM
REM
REM
REM
REM ./C.cell (a2850807a9bf4ad07a5b6933b78d9264)
REM AIRSS Version 0.9.1 bugfix July 2018 build 013d7b7c2542+ Fri, 06 Jul 2018 19:26:36 +0100
REM compiler GCC version 9.2.1 20190827 (Red Hat 9.2.1-1)
REM options -cpp -mtune=generic -march=x86-64 -g -O0 -fpre-include=/usr/include/finclude/math-vector-fortran.h
REM seed 1663089714 -2049925963 1821071938 395849779 -1353796760 -1330929294 -1702042433 731431603 -880752349 1759660827 1979787137 1509656556 -863199362 571277246 1382181901 2020313759 183578358 877033787 -1549914009 -393458529 -852153992 799142429 -955326585 -457042917 -979800003 423874421 15623351 1700593466 -1411449284 1783979508 -32110694 -737381003 -1885719825
REM
CELL 1.54180   15.00000   15.00000   15.00000   90.00000   90.00000   90.00000
LATT -1
SFAC C  
C      1  0.6539170000000  0.3288600000000  0.4160280000000 1.0
C      1  0.3288600000000  0.4160280000000  0.6539170000000 1.0
C      1  0.4160280000000  0.6539170000000  0.3288600000000 1.0
C      1  0.3460830000000  0.6711400000000  0.4160280000000 1.0
C      1  0.6539170000000  0.6711400000000  0.5839720000000 1.0
C      1  0.3460830000000  0.3288600000000  0.5839720000000 1.0
C      1  0.6711400000000  0.5839720000000  0.6539170000000 1.0
C      1  0.3288600000000  0.5839720000000  0.3460830000000 1.0
C      1  0.6711400000000  0.4160280000000  0.3460830000000 1.0
C      1  0.5839720000000  0.3460830000000  0.3288600000000 1.0
C      1  0.4160280000000  0.3460830000000  0.6711400000000 1.0
C      1  0.5839720000000  0.6539170000000  0.6711400000000 1.0
C      1  0.6539170000000  0.3288600000000  0.5839720000000 1.0
C      1  0.3288600000000  0.4160280000000  0.3460830000000 1.0
C      1  0.4160280000000  0.6539170000000  0.6711400000000 1.0
C      1  0.3460830000000  0.6711400000000  0.5839720000000 1.0
C      1  0.6539170000000  0.6711400000000  0.4160280000000 1.0
C      1  0.3460830000000  0.3288600000000  0.4160280000000 1.0
C      1  0.6711400000000  0.5839720000000  0.3460830000000 1.0
C      1  0.3288600000000  0.5839720000000  0.6539170000000 1.0
C      1  0.6711400000000  0.4160280000000  0.6539170000000 1.0
C      1  0.5839720000000  0.3460830000000  0.6711400000000 1.0
C      1  0.4160280000000  0.3460830000000  0.3288600000000 1.0
C      1  0.5839720000000  0.6539170000000  0.3288600000000 1.0
C      1  0.4427060000000  0.7106760000000  0.4462000000000 1.0
C      1  0.7106760000000  0.4462000000000  0.4427060000000 1.0
C      1  0.4462000000000  0.4427060000000  0.7106760000000 1.0
C      1  0.5572940000000  0.2893240000000  0.4462000000000 1.0
C      1  0.4427060000000  0.2893240000000  0.5538000000000 1.0
C      1  0.5572940000000  0.7106760000000  0.5538000000000 1.0
C      1  0.2893240000000  0.5538000000000  0.4427060000000 1.0
C      1  0.7106760000000  0.5538000000000  0.5572940000000 1.0
C      1  0.2893240000000  0.4462000000000  0.5572940000000 1.0
C      1  0.5538000000000  0.5572940000000  0.7106760000000 1.0
C      1  0.4462000000000  0.5572940000000  0.2893240000000 1.0
C      1  0.5538000000000  0.4427060000000  0.2893240000000 1.0
C      1  0.4427060000000  0.7106760000000  0.5538000000000 1.0
C      1  0.7106760000000  0.4462000000000  0.5572940000000 1.0
C      1  0.4462000000000  0.4427060000000  0.2893240000000 1.0
C      1  0.5572940000000  0.2893240000000  0.5538000000000 1.0
C      1  0.4427060000000  0.2893240000000  0.4462000000000 1.0
C      1  0.5572940000000  0.7106760000000  0.4462000000000 1.0
C      1  0.2893240000000  0.5538000000000  0.5572940000000 1.0
C      1  0.7106760000000  0.5538000000000  0.4427060000000 1.0
C      1  0.2893240000000  0.4462000000000  0.4427060000000 1.0
C      1  0.5538000000000  0.5572940000000  0.2893240000000 1.0
C      1  0.4462000000000  0.5572940000000  0.7106760000000 1.0
C      1  0.5538000000000  0.4427060000000  0.7106760000000 1.0
C      1  0.2889290000000  0.6517170000000  0.5000000000000 1.0
C      1  0.7110710000000  0.3482830000000  0.5000000000000 1.0
C      1  0.6517170000000  0.5000000000000  0.2889290000000 1.0
C      1  0.3482830000000  0.5000000000000  0.7110710000000 1.0
C      1  0.5000000000000  0.7110710000000  0.3482830000000 1.0
C      1  0.6517170000000  0.5000000000000  0.7110710000000 1.0
C      1  0.3482830000000  0.5000000000000  0.2889290000000 1.0
C      1  0.5000000000000  0.2889290000000  0.3482830000000 1.0
C      1  0.5000000000000  0.2889290000000  0.6517170000000 1.0
C      1  0.5000000000000  0.7110710000000  0.6517170000000 1.0
C      1  0.7110710000000  0.6517170000000  0.5000000000000 1.0
C      1  0.2889290000000  0.3482830000000  0.5000000000000 1.0
END
