TITL C-1379267-1329-92 2.6993068731804e-07 1000000 -2073.08276575919 0 0 300 (Th) n - 1
REM
REM in /nfs/bkarasulu/CARBON/AIRSS/Generating-Clusters/GAP-ML-2020/Higher-Symm/Selected-Sizes/TryA-Only_Ih-Symm/Larger-Clusters/Try2-MINAMP_6A
REM
REM
REM
REM
REM
REM ./C.cell (31579ac4e95a012ec27f3239692ae8a5)
REM
REM compiler GCC version 9.2.1 20190827 (Red Hat 9.2.1-1)
REM options -cpp -mtune=generic -march=x86-64 -g -O0 -fpre-include=/usr/include/finclude/math-vector-fortran.h
REM seed 605596200 1238050541 -2147046228 57543710 -1897000896 -872012995 -1532565762 -1577199681 -1788395521 -1088958014 -294324641 939893222 -1219696321 1038282208 644050645 -1831134488 -919073790 1948966200 -1350574413 -1075491211 660559468 229190013 -855744 -1756607002 690091605 560257954 1589038128 846124559 387422713 523490670 -1696252181 942512931 -1530730935
REM
CELL 1.54180  100.00000  100.00000  100.00000   90.00000   90.00000   90.00000
LATT -1
SFAC C  
C      1  0.5529790000000  0.4479150000000  0.4924690000000 1.0
C      1  0.4479150000000  0.4924690000000  0.5529790000000 1.0
C      1  0.4924690000000  0.5529790000000  0.4479150000000 1.0
C      1  0.4470210000000  0.5520850000000  0.4924690000000 1.0
C      1  0.5529790000000  0.5520850000000  0.5075310000000 1.0
C      1  0.4470210000000  0.4479150000000  0.5075310000000 1.0
C      1  0.5520850000000  0.5075310000000  0.5529790000000 1.0
C      1  0.4479150000000  0.5075310000000  0.4470210000000 1.0
C      1  0.5520850000000  0.4924690000000  0.4470210000000 1.0
C      1  0.5075310000000  0.4470210000000  0.4479150000000 1.0
C      1  0.4924690000000  0.4470210000000  0.5520850000000 1.0
C      1  0.5075310000000  0.5529790000000  0.5520850000000 1.0
C      1  0.5529790000000  0.4479150000000  0.5075310000000 1.0
C      1  0.4479150000000  0.4924690000000  0.4470210000000 1.0
C      1  0.4924690000000  0.5529790000000  0.5520850000000 1.0
C      1  0.4470210000000  0.5520850000000  0.5075310000000 1.0
C      1  0.5529790000000  0.5520850000000  0.4924690000000 1.0
C      1  0.4470210000000  0.4479150000000  0.4924690000000 1.0
C      1  0.5520850000000  0.5075310000000  0.4470210000000 1.0
C      1  0.4479150000000  0.5075310000000  0.5529790000000 1.0
C      1  0.5520850000000  0.4924690000000  0.5529790000000 1.0
C      1  0.5075310000000  0.4470210000000  0.5520850000000 1.0
C      1  0.4924690000000  0.4470210000000  0.4479150000000 1.0
C      1  0.5075310000000  0.5529790000000  0.4479150000000 1.0
C      1  0.5184810000000  0.5535130000000  0.5441200000000 1.0
C      1  0.5535130000000  0.5441200000000  0.5184810000000 1.0
C      1  0.5441200000000  0.5184810000000  0.5535130000000 1.0
C      1  0.4815190000000  0.4464870000000  0.5441200000000 1.0
C      1  0.5184810000000  0.4464870000000  0.4558800000000 1.0
C      1  0.4815190000000  0.5535130000000  0.4558800000000 1.0
C      1  0.4464870000000  0.4558800000000  0.5184810000000 1.0
C      1  0.5535130000000  0.4558800000000  0.4815190000000 1.0
C      1  0.4464870000000  0.5441200000000  0.4815190000000 1.0
C      1  0.4558800000000  0.4815190000000  0.5535130000000 1.0
C      1  0.5441200000000  0.4815190000000  0.4464870000000 1.0
C      1  0.4558800000000  0.5184810000000  0.4464870000000 1.0
C      1  0.5184810000000  0.5535130000000  0.4558800000000 1.0
C      1  0.5535130000000  0.5441200000000  0.4815190000000 1.0
C      1  0.5441200000000  0.5184810000000  0.4464870000000 1.0
C      1  0.4815190000000  0.4464870000000  0.4558800000000 1.0
C      1  0.5184810000000  0.4464870000000  0.5441200000000 1.0
C      1  0.4815190000000  0.5535130000000  0.5441200000000 1.0
C      1  0.4464870000000  0.4558800000000  0.4815190000000 1.0
C      1  0.5535130000000  0.4558800000000  0.5184810000000 1.0
C      1  0.4464870000000  0.5441200000000  0.5184810000000 1.0
C      1  0.4558800000000  0.4815190000000  0.4464870000000 1.0
C      1  0.5441200000000  0.4815190000000  0.5535130000000 1.0
C      1  0.4558800000000  0.5184810000000  0.5535130000000 1.0
C      1  0.5205020000000  0.4494420000000  0.5290590000000 1.0
C      1  0.4494420000000  0.5290590000000  0.5205020000000 1.0
C      1  0.5290590000000  0.5205020000000  0.4494420000000 1.0
C      1  0.4794980000000  0.5505580000000  0.5290590000000 1.0
C      1  0.5205020000000  0.5505580000000  0.4709410000000 1.0
C      1  0.4794980000000  0.4494420000000  0.4709410000000 1.0
C      1  0.5505580000000  0.4709410000000  0.5205020000000 1.0
C      1  0.4494420000000  0.4709410000000  0.4794980000000 1.0
C      1  0.5505580000000  0.5290590000000  0.4794980000000 1.0
C      1  0.4709410000000  0.4794980000000  0.4494420000000 1.0
C      1  0.5290590000000  0.4794980000000  0.5505580000000 1.0
C      1  0.4709410000000  0.5205020000000  0.5505580000000 1.0
C      1  0.5205020000000  0.4494420000000  0.4709410000000 1.0
C      1  0.4494420000000  0.5290590000000  0.4794980000000 1.0
C      1  0.5290590000000  0.5205020000000  0.5505580000000 1.0
C      1  0.4794980000000  0.5505580000000  0.4709410000000 1.0
C      1  0.5205020000000  0.5505580000000  0.5290590000000 1.0
C      1  0.4794980000000  0.4494420000000  0.5290590000000 1.0
C      1  0.5505580000000  0.4709410000000  0.4794980000000 1.0
C      1  0.4494420000000  0.4709410000000  0.5205020000000 1.0
C      1  0.5505580000000  0.5290590000000  0.5205020000000 1.0
C      1  0.4709410000000  0.4794980000000  0.5505580000000 1.0
C      1  0.5290590000000  0.4794980000000  0.4494420000000 1.0
C      1  0.4709410000000  0.5205020000000  0.4494420000000 1.0
C      1  0.4928560000000  0.5631370000000  0.5073400000000 1.0
C      1  0.5631370000000  0.5073400000000  0.4928560000000 1.0
C      1  0.5073400000000  0.4928560000000  0.5631370000000 1.0
C      1  0.5071440000000  0.4368630000000  0.5073400000000 1.0
C      1  0.4928560000000  0.4368630000000  0.4926600000000 1.0
C      1  0.5071440000000  0.5631370000000  0.4926600000000 1.0
C      1  0.4368630000000  0.4926600000000  0.4928560000000 1.0
C      1  0.5631370000000  0.4926600000000  0.5071440000000 1.0
C      1  0.4368630000000  0.5073400000000  0.5071440000000 1.0
C      1  0.4926600000000  0.5071440000000  0.5631370000000 1.0
C      1  0.5073400000000  0.5071440000000  0.4368630000000 1.0
C      1  0.4926600000000  0.4928560000000  0.4368630000000 1.0
C      1  0.4928560000000  0.5631370000000  0.4926600000000 1.0
C      1  0.5631370000000  0.5073400000000  0.5071440000000 1.0
C      1  0.5073400000000  0.4928560000000  0.4368630000000 1.0
C      1  0.5071440000000  0.4368630000000  0.4926600000000 1.0
C      1  0.4928560000000  0.4368630000000  0.5073400000000 1.0
C      1  0.5071440000000  0.5631370000000  0.5073400000000 1.0
C      1  0.4368630000000  0.4926600000000  0.5071440000000 1.0
C      1  0.5631370000000  0.4926600000000  0.4928560000000 1.0
C      1  0.4368630000000  0.5073400000000  0.4928560000000 1.0
C      1  0.4926600000000  0.5071440000000  0.4368630000000 1.0
C      1  0.5073400000000  0.5071440000000  0.5631370000000 1.0
C      1  0.4926600000000  0.4928560000000  0.5631370000000 1.0
C      1  0.4351970000000  0.4927770000000  0.5456860000000 1.0
C      1  0.4927770000000  0.5456860000000  0.4351970000000 1.0
C      1  0.5456860000000  0.4351970000000  0.4927770000000 1.0
C      1  0.5648030000000  0.5072230000000  0.5456860000000 1.0
C      1  0.4351970000000  0.5072230000000  0.4543140000000 1.0
C      1  0.5648030000000  0.4927770000000  0.4543140000000 1.0
C      1  0.5072230000000  0.4543140000000  0.4351970000000 1.0
C      1  0.4927770000000  0.4543140000000  0.5648030000000 1.0
C      1  0.5072230000000  0.5456860000000  0.5648030000000 1.0
C      1  0.4543140000000  0.5648030000000  0.4927770000000 1.0
C      1  0.5456860000000  0.5648030000000  0.5072230000000 1.0
C      1  0.4543140000000  0.4351970000000  0.5072230000000 1.0
C      1  0.4351970000000  0.4927770000000  0.4543140000000 1.0
C      1  0.4927770000000  0.5456860000000  0.5648030000000 1.0
C      1  0.5456860000000  0.4351970000000  0.5072230000000 1.0
C      1  0.5648030000000  0.5072230000000  0.4543140000000 1.0
C      1  0.4351970000000  0.5072230000000  0.5456860000000 1.0
C      1  0.5648030000000  0.4927770000000  0.5456860000000 1.0
C      1  0.5072230000000  0.4543140000000  0.5648030000000 1.0
C      1  0.4927770000000  0.4543140000000  0.4351970000000 1.0
C      1  0.5072230000000  0.5456860000000  0.4351970000000 1.0
C      1  0.4543140000000  0.5648030000000  0.5072230000000 1.0
C      1  0.5456860000000  0.5648030000000  0.4927770000000 1.0
C      1  0.4543140000000  0.4351970000000  0.4927770000000 1.0
C      1  0.5521600000000  0.4517420000000  0.5328870000000 1.0
C      1  0.4517420000000  0.5328870000000  0.5521600000000 1.0
C      1  0.5328870000000  0.5521600000000  0.4517420000000 1.0
C      1  0.4478400000000  0.5482580000000  0.5328870000000 1.0
C      1  0.5521600000000  0.5482580000000  0.4671130000000 1.0
C      1  0.4478400000000  0.4517420000000  0.4671130000000 1.0
C      1  0.5482580000000  0.4671130000000  0.5521600000000 1.0
C      1  0.4517420000000  0.4671130000000  0.4478400000000 1.0
C      1  0.5482580000000  0.5328870000000  0.4478400000000 1.0
C      1  0.4671130000000  0.4478400000000  0.4517420000000 1.0
C      1  0.5328870000000  0.4478400000000  0.5482580000000 1.0
C      1  0.4671130000000  0.5521600000000  0.5482580000000 1.0
C      1  0.5521600000000  0.4517420000000  0.4671130000000 1.0
C      1  0.4517420000000  0.5328870000000  0.4478400000000 1.0
C      1  0.5328870000000  0.5521600000000  0.5482580000000 1.0
C      1  0.4478400000000  0.5482580000000  0.4671130000000 1.0
C      1  0.5521600000000  0.5482580000000  0.5328870000000 1.0
C      1  0.4478400000000  0.4517420000000  0.5328870000000 1.0
C      1  0.5482580000000  0.4671130000000  0.4478400000000 1.0
C      1  0.4517420000000  0.4671130000000  0.5521600000000 1.0
C      1  0.5482580000000  0.5328870000000  0.5521600000000 1.0
C      1  0.4671130000000  0.4478400000000  0.5482580000000 1.0
C      1  0.5328870000000  0.4478400000000  0.4517420000000 1.0
C      1  0.4671130000000  0.5521600000000  0.4517420000000 1.0
C      1  0.4396430000000  0.4739150000000  0.5317170000000 1.0
C      1  0.4739150000000  0.5317170000000  0.4396430000000 1.0
C      1  0.5317170000000  0.4396430000000  0.4739150000000 1.0
C      1  0.5603570000000  0.5260850000000  0.5317170000000 1.0
C      1  0.4396430000000  0.5260850000000  0.4682830000000 1.0
C      1  0.5603570000000  0.4739150000000  0.4682830000000 1.0
C      1  0.5260850000000  0.4682830000000  0.4396430000000 1.0
C      1  0.4739150000000  0.4682830000000  0.5603570000000 1.0
C      1  0.5260850000000  0.5317170000000  0.5603570000000 1.0
C      1  0.4682830000000  0.5603570000000  0.4739150000000 1.0
C      1  0.5317170000000  0.5603570000000  0.5260850000000 1.0
C      1  0.4682830000000  0.4396430000000  0.5260850000000 1.0
C      1  0.4396430000000  0.4739150000000  0.4682830000000 1.0
C      1  0.4739150000000  0.5317170000000  0.5603570000000 1.0
C      1  0.5317170000000  0.4396430000000  0.5260850000000 1.0
C      1  0.5603570000000  0.5260850000000  0.4682830000000 1.0
C      1  0.4396430000000  0.5260850000000  0.5317170000000 1.0
C      1  0.5603570000000  0.4739150000000  0.5317170000000 1.0
C      1  0.5260850000000  0.4682830000000  0.5603570000000 1.0
C      1  0.4739150000000  0.4682830000000  0.4396430000000 1.0
C      1  0.5260850000000  0.5317170000000  0.4396430000000 1.0
C      1  0.4682830000000  0.5603570000000  0.5260850000000 1.0
C      1  0.5317170000000  0.5603570000000  0.4739150000000 1.0
C      1  0.4682830000000  0.4396430000000  0.4739150000000 1.0
C      1  0.4885570000000  0.4244100000000  0.4863120000000 1.0
C      1  0.4244100000000  0.4863120000000  0.4885570000000 1.0
C      1  0.4863120000000  0.4885570000000  0.4244100000000 1.0
C      1  0.5114430000000  0.5755900000000  0.4863120000000 1.0
C      1  0.4885570000000  0.5755900000000  0.5136880000000 1.0
C      1  0.5114430000000  0.4244100000000  0.5136880000000 1.0
C      1  0.5755900000000  0.5136880000000  0.4885570000000 1.0
C      1  0.4244100000000  0.5136880000000  0.5114430000000 1.0
C      1  0.5755900000000  0.4863120000000  0.5114430000000 1.0
C      1  0.5136880000000  0.5114430000000  0.4244100000000 1.0
C      1  0.4863120000000  0.5114430000000  0.5755900000000 1.0
C      1  0.5136880000000  0.4885570000000  0.5755900000000 1.0
C      1  0.4885570000000  0.4244100000000  0.5136880000000 1.0
C      1  0.4244100000000  0.4863120000000  0.5114430000000 1.0
C      1  0.4863120000000  0.4885570000000  0.5755900000000 1.0
C      1  0.5114430000000  0.5755900000000  0.5136880000000 1.0
C      1  0.4885570000000  0.5755900000000  0.4863120000000 1.0
C      1  0.5114430000000  0.4244100000000  0.4863120000000 1.0
C      1  0.5755900000000  0.5136880000000  0.5114430000000 1.0
C      1  0.4244100000000  0.5136880000000  0.4885570000000 1.0
C      1  0.5755900000000  0.4863120000000  0.4885570000000 1.0
C      1  0.5136880000000  0.5114430000000  0.5755900000000 1.0
C      1  0.4863120000000  0.5114430000000  0.4244100000000 1.0
C      1  0.5136880000000  0.4885570000000  0.4244100000000 1.0
C      1  0.4854530000000  0.4657460000000  0.4318860000000 1.0
C      1  0.4657460000000  0.4318860000000  0.4854530000000 1.0
C      1  0.4318860000000  0.4854530000000  0.4657460000000 1.0
C      1  0.5145470000000  0.5342540000000  0.4318860000000 1.0
C      1  0.4854530000000  0.5342540000000  0.5681140000000 1.0
C      1  0.5145470000000  0.4657460000000  0.5681140000000 1.0
C      1  0.5342540000000  0.5681140000000  0.4854530000000 1.0
C      1  0.4657460000000  0.5681140000000  0.5145470000000 1.0
C      1  0.5342540000000  0.4318860000000  0.5145470000000 1.0
C      1  0.5681140000000  0.5145470000000  0.4657460000000 1.0
C      1  0.4318860000000  0.5145470000000  0.5342540000000 1.0
C      1  0.5681140000000  0.4854530000000  0.5342540000000 1.0
C      1  0.4854530000000  0.4657460000000  0.5681140000000 1.0
C      1  0.4657460000000  0.4318860000000  0.5145470000000 1.0
C      1  0.4318860000000  0.4854530000000  0.5342540000000 1.0
C      1  0.5145470000000  0.5342540000000  0.5681140000000 1.0
C      1  0.4854530000000  0.5342540000000  0.4318860000000 1.0
C      1  0.5145470000000  0.4657460000000  0.4318860000000 1.0
C      1  0.5342540000000  0.5681140000000  0.5145470000000 1.0
C      1  0.4657460000000  0.5681140000000  0.4854530000000 1.0
C      1  0.5342540000000  0.4318860000000  0.4854530000000 1.0
C      1  0.5681140000000  0.5145470000000  0.5342540000000 1.0
C      1  0.4318860000000  0.5145470000000  0.4657460000000 1.0
C      1  0.5681140000000  0.4854530000000  0.4657460000000 1.0
C      1  0.4639540000000  0.5282720000000  0.4749710000000 1.0
C      1  0.5282720000000  0.4749710000000  0.4639540000000 1.0
C      1  0.4749710000000  0.4639540000000  0.5282720000000 1.0
C      1  0.5360460000000  0.4717280000000  0.4749710000000 1.0
C      1  0.4639540000000  0.4717280000000  0.5250290000000 1.0
C      1  0.5360460000000  0.5282720000000  0.5250290000000 1.0
C      1  0.4717280000000  0.5250290000000  0.4639540000000 1.0
C      1  0.5282720000000  0.5250290000000  0.5360460000000 1.0
C      1  0.4717280000000  0.4749710000000  0.5360460000000 1.0
C      1  0.5250290000000  0.5360460000000  0.5282720000000 1.0
C      1  0.4749710000000  0.5360460000000  0.4717280000000 1.0
C      1  0.5250290000000  0.4639540000000  0.4717280000000 1.0
C      1  0.4639540000000  0.5282720000000  0.5250290000000 1.0
C      1  0.5282720000000  0.4749710000000  0.5360460000000 1.0
C      1  0.4749710000000  0.4639540000000  0.4717280000000 1.0
C      1  0.5360460000000  0.4717280000000  0.5250290000000 1.0
C      1  0.4639540000000  0.4717280000000  0.4749710000000 1.0
C      1  0.5360460000000  0.5282720000000  0.4749710000000 1.0
C      1  0.4717280000000  0.5250290000000  0.5360460000000 1.0
C      1  0.5282720000000  0.5250290000000  0.4639540000000 1.0
C      1  0.4717280000000  0.4749710000000  0.4639540000000 1.0
C      1  0.5250290000000  0.5360460000000  0.4717280000000 1.0
C      1  0.4749710000000  0.5360460000000  0.5282720000000 1.0
C      1  0.5250290000000  0.4639540000000  0.5282720000000 1.0
C      1  0.4589770000000  0.5559350000000  0.5365920000000 1.0
C      1  0.5559350000000  0.5365920000000  0.4589770000000 1.0
C      1  0.5365920000000  0.4589770000000  0.5559350000000 1.0
C      1  0.5410230000000  0.4440650000000  0.5365920000000 1.0
C      1  0.4589770000000  0.4440650000000  0.4634080000000 1.0
C      1  0.5410230000000  0.5559350000000  0.4634080000000 1.0
C      1  0.4440650000000  0.4634080000000  0.4589770000000 1.0
C      1  0.5559350000000  0.4634080000000  0.5410230000000 1.0
C      1  0.4440650000000  0.5365920000000  0.5410230000000 1.0
C      1  0.4634080000000  0.5410230000000  0.5559350000000 1.0
C      1  0.5365920000000  0.5410230000000  0.4440650000000 1.0
C      1  0.4634080000000  0.4589770000000  0.4440650000000 1.0
C      1  0.4589770000000  0.5559350000000  0.4634080000000 1.0
C      1  0.5559350000000  0.5365920000000  0.5410230000000 1.0
C      1  0.5365920000000  0.4589770000000  0.4440650000000 1.0
C      1  0.5410230000000  0.4440650000000  0.4634080000000 1.0
C      1  0.4589770000000  0.4440650000000  0.5365920000000 1.0
C      1  0.5410230000000  0.5559350000000  0.5365920000000 1.0
C      1  0.4440650000000  0.4634080000000  0.5410230000000 1.0
C      1  0.5559350000000  0.4634080000000  0.4589770000000 1.0
C      1  0.4440650000000  0.5365920000000  0.4589770000000 1.0
C      1  0.4634080000000  0.5410230000000  0.4440650000000 1.0
C      1  0.5365920000000  0.5410230000000  0.5559350000000 1.0
C      1  0.4634080000000  0.4589770000000  0.5559350000000 1.0
C      1  0.5073710000000  0.5242750000000  0.5751750000000 1.0
C      1  0.5242750000000  0.5751750000000  0.5073710000000 1.0
C      1  0.5751750000000  0.5073710000000  0.5242750000000 1.0
C      1  0.4926290000000  0.4757250000000  0.5751750000000 1.0
C      1  0.5073710000000  0.4757250000000  0.4248250000000 1.0
C      1  0.4926290000000  0.5242750000000  0.4248250000000 1.0
C      1  0.4757250000000  0.4248250000000  0.5073710000000 1.0
C      1  0.5242750000000  0.4248250000000  0.4926290000000 1.0
C      1  0.4757250000000  0.5751750000000  0.4926290000000 1.0
C      1  0.4248250000000  0.4926290000000  0.5242750000000 1.0
C      1  0.5751750000000  0.4926290000000  0.4757250000000 1.0
C      1  0.4248250000000  0.5073710000000  0.4757250000000 1.0
C      1  0.5073710000000  0.5242750000000  0.4248250000000 1.0
C      1  0.5242750000000  0.5751750000000  0.4926290000000 1.0
C      1  0.5751750000000  0.5073710000000  0.4757250000000 1.0
C      1  0.4926290000000  0.4757250000000  0.4248250000000 1.0
C      1  0.5073710000000  0.4757250000000  0.5751750000000 1.0
C      1  0.4926290000000  0.5242750000000  0.5751750000000 1.0
C      1  0.4757250000000  0.4248250000000  0.4926290000000 1.0
C      1  0.5242750000000  0.4248250000000  0.5073710000000 1.0
C      1  0.4757250000000  0.5751750000000  0.5073710000000 1.0
C      1  0.4248250000000  0.4926290000000  0.4757250000000 1.0
C      1  0.5751750000000  0.4926290000000  0.5242750000000 1.0
C      1  0.4248250000000  0.5073710000000  0.5242750000000 1.0
C      1  0.5000000000000  0.5818270000000  0.4820570000000 1.0
C      1  0.5818270000000  0.4820570000000  0.5000000000000 1.0
C      1  0.4820570000000  0.5000000000000  0.5818270000000 1.0
C      1  0.5000000000000  0.4181730000000  0.4820570000000 1.0
C      1  0.5000000000000  0.4181730000000  0.5179430000000 1.0
C      1  0.5000000000000  0.5818270000000  0.5179430000000 1.0
C      1  0.4181730000000  0.5179430000000  0.5000000000000 1.0
C      1  0.5818270000000  0.5179430000000  0.5000000000000 1.0
C      1  0.4181730000000  0.4820570000000  0.5000000000000 1.0
C      1  0.5179430000000  0.5000000000000  0.5818270000000 1.0
C      1  0.4820570000000  0.5000000000000  0.4181730000000 1.0
C      1  0.5179430000000  0.5000000000000  0.4181730000000 1.0
END
