TITL C-1379268-1316-261 1.64697116115758e-06 1000000 -3517.23518103692 0 0 480 (Th) n - 1
REM
REM in /nfs/bkarasulu/CARBON/AIRSS/Generating-Clusters/GAP-ML-2020/Higher-Symm/Selected-Sizes/TryA-Only_Ih-Symm/Larger-Clusters/Try2-MINAMP_6A
REM
REM
REM
REM
REM
REM ./C.cell (31579ac4e95a012ec27f3239692ae8a5)
REM
REM compiler GCC version 9.2.1 20190827 (Red Hat 9.2.1-1)
REM options -cpp -mtune=generic -march=x86-64 -g -O0 -fpre-include=/usr/include/finclude/math-vector-fortran.h
REM seed 36751007 804019172 2120258459 140849956 -691428170 1133956612 -493862735 323161694 -1556757653 -852237153 1967103831 1786121652 -1682735306 1518043911 911413369 -406938818 256306240 924773205 -855869135 469246954 690901599 -836396852 1262491259 53573002 -509335511 -1957634252 -2118605851 1756807819 2026119859 1820207484 408658183 1645373833 -555239104
REM
CELL 1.54180  100.00000  100.00000  100.00000   90.00000   90.00000   90.00000
LATT -1
SFAC C  
C      1  0.5388730000000  0.4459890000000  0.4419600000000 1.0
C      1  0.4459890000000  0.4419600000000  0.5388730000000 1.0
C      1  0.4419600000000  0.5388730000000  0.4459890000000 1.0
C      1  0.4611270000000  0.5540110000000  0.4419600000000 1.0
C      1  0.5388730000000  0.5540110000000  0.5580400000000 1.0
C      1  0.4611270000000  0.4459890000000  0.5580400000000 1.0
C      1  0.5540110000000  0.5580400000000  0.5388730000000 1.0
C      1  0.4459890000000  0.5580400000000  0.4611270000000 1.0
C      1  0.5540110000000  0.4419600000000  0.4611270000000 1.0
C      1  0.5580400000000  0.4611270000000  0.4459890000000 1.0
C      1  0.4419600000000  0.4611270000000  0.5540110000000 1.0
C      1  0.5580400000000  0.5388730000000  0.5540110000000 1.0
C      1  0.5388730000000  0.4459890000000  0.5580400000000 1.0
C      1  0.4459890000000  0.4419600000000  0.4611270000000 1.0
C      1  0.4419600000000  0.5388730000000  0.5540110000000 1.0
C      1  0.4611270000000  0.5540110000000  0.5580400000000 1.0
C      1  0.5388730000000  0.5540110000000  0.4419600000000 1.0
C      1  0.4611270000000  0.4459890000000  0.4419600000000 1.0
C      1  0.5540110000000  0.5580400000000  0.4611270000000 1.0
C      1  0.4459890000000  0.5580400000000  0.5388730000000 1.0
C      1  0.5540110000000  0.4419600000000  0.5388730000000 1.0
C      1  0.5580400000000  0.4611270000000  0.5540110000000 1.0
C      1  0.4419600000000  0.4611270000000  0.4459890000000 1.0
C      1  0.5580400000000  0.5388730000000  0.4459890000000 1.0
C      1  0.4455330000000  0.5074270000000  0.5402090000000 1.0
C      1  0.5074270000000  0.5402090000000  0.4455330000000 1.0
C      1  0.5402090000000  0.4455330000000  0.5074270000000 1.0
C      1  0.5544670000000  0.4925730000000  0.5402090000000 1.0
C      1  0.4455330000000  0.4925730000000  0.4597910000000 1.0
C      1  0.5544670000000  0.5074270000000  0.4597910000000 1.0
C      1  0.4925730000000  0.4597910000000  0.4455330000000 1.0
C      1  0.5074270000000  0.4597910000000  0.5544670000000 1.0
C      1  0.4925730000000  0.5402090000000  0.5544670000000 1.0
C      1  0.4597910000000  0.5544670000000  0.5074270000000 1.0
C      1  0.5402090000000  0.5544670000000  0.4925730000000 1.0
C      1  0.4597910000000  0.4455330000000  0.4925730000000 1.0
C      1  0.4455330000000  0.5074270000000  0.4597910000000 1.0
C      1  0.5074270000000  0.5402090000000  0.5544670000000 1.0
C      1  0.5402090000000  0.4455330000000  0.4925730000000 1.0
C      1  0.5544670000000  0.4925730000000  0.4597910000000 1.0
C      1  0.4455330000000  0.4925730000000  0.5402090000000 1.0
C      1  0.5544670000000  0.5074270000000  0.5402090000000 1.0
C      1  0.4925730000000  0.4597910000000  0.5544670000000 1.0
C      1  0.5074270000000  0.4597910000000  0.4455330000000 1.0
C      1  0.4925730000000  0.5402090000000  0.4455330000000 1.0
C      1  0.4597910000000  0.5544670000000  0.4925730000000 1.0
C      1  0.5402090000000  0.5544670000000  0.5074270000000 1.0
C      1  0.4597910000000  0.4455330000000  0.5074270000000 1.0
C      1  0.4573490000000  0.4690400000000  0.5691650000000 1.0
C      1  0.4690400000000  0.5691650000000  0.4573490000000 1.0
C      1  0.5691650000000  0.4573490000000  0.4690400000000 1.0
C      1  0.5426510000000  0.5309600000000  0.5691650000000 1.0
C      1  0.4573490000000  0.5309600000000  0.4308350000000 1.0
C      1  0.5426510000000  0.4690400000000  0.4308350000000 1.0
C      1  0.5309600000000  0.4308350000000  0.4573490000000 1.0
C      1  0.4690400000000  0.4308350000000  0.5426510000000 1.0
C      1  0.5309600000000  0.5691650000000  0.5426510000000 1.0
C      1  0.4308350000000  0.5426510000000  0.4690400000000 1.0
C      1  0.5691650000000  0.5426510000000  0.5309600000000 1.0
C      1  0.4308350000000  0.4573490000000  0.5309600000000 1.0
C      1  0.4573490000000  0.4690400000000  0.4308350000000 1.0
C      1  0.4690400000000  0.5691650000000  0.5426510000000 1.0
C      1  0.5691650000000  0.4573490000000  0.5309600000000 1.0
C      1  0.5426510000000  0.5309600000000  0.4308350000000 1.0
C      1  0.4573490000000  0.5309600000000  0.5691650000000 1.0
C      1  0.5426510000000  0.4690400000000  0.5691650000000 1.0
C      1  0.5309600000000  0.4308350000000  0.5426510000000 1.0
C      1  0.4690400000000  0.4308350000000  0.4573490000000 1.0
C      1  0.5309600000000  0.5691650000000  0.4573490000000 1.0
C      1  0.4308350000000  0.5426510000000  0.5309600000000 1.0
C      1  0.5691650000000  0.5426510000000  0.4690400000000 1.0
C      1  0.4308350000000  0.4573490000000  0.4690400000000 1.0
C      1  0.5074120000000  0.4930870000000  0.4567010000000 1.0
C      1  0.4930870000000  0.4567010000000  0.5074120000000 1.0
C      1  0.4567010000000  0.5074120000000  0.4930870000000 1.0
C      1  0.4925880000000  0.5069130000000  0.4567010000000 1.0
C      1  0.5074120000000  0.5069130000000  0.5432990000000 1.0
C      1  0.4925880000000  0.4930870000000  0.5432990000000 1.0
C      1  0.5069130000000  0.5432990000000  0.5074120000000 1.0
C      1  0.4930870000000  0.5432990000000  0.4925880000000 1.0
C      1  0.5069130000000  0.4567010000000  0.4925880000000 1.0
C      1  0.5432990000000  0.4925880000000  0.4930870000000 1.0
C      1  0.4567010000000  0.4925880000000  0.5069130000000 1.0
C      1  0.5432990000000  0.5074120000000  0.5069130000000 1.0
C      1  0.5074120000000  0.4930870000000  0.5432990000000 1.0
C      1  0.4930870000000  0.4567010000000  0.4925880000000 1.0
C      1  0.4567010000000  0.5074120000000  0.5069130000000 1.0
C      1  0.4925880000000  0.5069130000000  0.5432990000000 1.0
C      1  0.5074120000000  0.5069130000000  0.4567010000000 1.0
C      1  0.4925880000000  0.4930870000000  0.4567010000000 1.0
C      1  0.5069130000000  0.5432990000000  0.4925880000000 1.0
C      1  0.4930870000000  0.5432990000000  0.5074120000000 1.0
C      1  0.5069130000000  0.4567010000000  0.5074120000000 1.0
C      1  0.5432990000000  0.4925880000000  0.5069130000000 1.0
C      1  0.4567010000000  0.4925880000000  0.4930870000000 1.0
C      1  0.5432990000000  0.5074120000000  0.4930870000000 1.0
C      1  0.4345160000000  0.4840060000000  0.5459940000000 1.0
C      1  0.4840060000000  0.5459940000000  0.4345160000000 1.0
C      1  0.5459940000000  0.4345160000000  0.4840060000000 1.0
C      1  0.5654840000000  0.5159940000000  0.5459940000000 1.0
C      1  0.4345160000000  0.5159940000000  0.4540060000000 1.0
C      1  0.5654840000000  0.4840060000000  0.4540060000000 1.0
C      1  0.5159940000000  0.4540060000000  0.4345160000000 1.0
C      1  0.4840060000000  0.4540060000000  0.5654840000000 1.0
C      1  0.5159940000000  0.5459940000000  0.5654840000000 1.0
C      1  0.4540060000000  0.5654840000000  0.4840060000000 1.0
C      1  0.5459940000000  0.5654840000000  0.5159940000000 1.0
C      1  0.4540060000000  0.4345160000000  0.5159940000000 1.0
C      1  0.4345160000000  0.4840060000000  0.4540060000000 1.0
C      1  0.4840060000000  0.5459940000000  0.5654840000000 1.0
C      1  0.5459940000000  0.4345160000000  0.5159940000000 1.0
C      1  0.5654840000000  0.5159940000000  0.4540060000000 1.0
C      1  0.4345160000000  0.5159940000000  0.5459940000000 1.0
C      1  0.5654840000000  0.4840060000000  0.5459940000000 1.0
C      1  0.5159940000000  0.4540060000000  0.5654840000000 1.0
C      1  0.4840060000000  0.4540060000000  0.4345160000000 1.0
C      1  0.5159940000000  0.5459940000000  0.4345160000000 1.0
C      1  0.4540060000000  0.5654840000000  0.5159940000000 1.0
C      1  0.5459940000000  0.5654840000000  0.4840060000000 1.0
C      1  0.4540060000000  0.4345160000000  0.4840060000000 1.0
C      1  0.4717950000000  0.5418580000000  0.5232360000000 1.0
C      1  0.5418580000000  0.5232360000000  0.4717950000000 1.0
C      1  0.5232360000000  0.4717950000000  0.5418580000000 1.0
C      1  0.5282050000000  0.4581420000000  0.5232360000000 1.0
C      1  0.4717950000000  0.4581420000000  0.4767640000000 1.0
C      1  0.5282050000000  0.5418580000000  0.4767640000000 1.0
C      1  0.4581420000000  0.4767640000000  0.4717950000000 1.0
C      1  0.5418580000000  0.4767640000000  0.5282050000000 1.0
C      1  0.4581420000000  0.5232360000000  0.5282050000000 1.0
C      1  0.4767640000000  0.5282050000000  0.5418580000000 1.0
C      1  0.5232360000000  0.5282050000000  0.4581420000000 1.0
C      1  0.4767640000000  0.4717950000000  0.4581420000000 1.0
C      1  0.4717950000000  0.5418580000000  0.4767640000000 1.0
C      1  0.5418580000000  0.5232360000000  0.5282050000000 1.0
C      1  0.5232360000000  0.4717950000000  0.4581420000000 1.0
C      1  0.5282050000000  0.4581420000000  0.4767640000000 1.0
C      1  0.4717950000000  0.4581420000000  0.5232360000000 1.0
C      1  0.5282050000000  0.5418580000000  0.5232360000000 1.0
C      1  0.4581420000000  0.4767640000000  0.5282050000000 1.0
C      1  0.5418580000000  0.4767640000000  0.4717950000000 1.0
C      1  0.4581420000000  0.5232360000000  0.4717950000000 1.0
C      1  0.4767640000000  0.5282050000000  0.4581420000000 1.0
C      1  0.5232360000000  0.5282050000000  0.5418580000000 1.0
C      1  0.4767640000000  0.4717950000000  0.5418580000000 1.0
C      1  0.4711930000000  0.5807350000000  0.4925320000000 1.0
C      1  0.5807350000000  0.4925320000000  0.4711930000000 1.0
C      1  0.4925320000000  0.4711930000000  0.5807350000000 1.0
C      1  0.5288070000000  0.4192650000000  0.4925320000000 1.0
C      1  0.4711930000000  0.4192650000000  0.5074680000000 1.0
C      1  0.5288070000000  0.5807350000000  0.5074680000000 1.0
C      1  0.4192650000000  0.5074680000000  0.4711930000000 1.0
C      1  0.5807350000000  0.5074680000000  0.5288070000000 1.0
C      1  0.4192650000000  0.4925320000000  0.5288070000000 1.0
C      1  0.5074680000000  0.5288070000000  0.5807350000000 1.0
C      1  0.4925320000000  0.5288070000000  0.4192650000000 1.0
C      1  0.5074680000000  0.4711930000000  0.4192650000000 1.0
C      1  0.4711930000000  0.5807350000000  0.5074680000000 1.0
C      1  0.5807350000000  0.4925320000000  0.5288070000000 1.0
C      1  0.4925320000000  0.4711930000000  0.4192650000000 1.0
C      1  0.5288070000000  0.4192650000000  0.5074680000000 1.0
C      1  0.4711930000000  0.4192650000000  0.4925320000000 1.0
C      1  0.5288070000000  0.5807350000000  0.4925320000000 1.0
C      1  0.4192650000000  0.5074680000000  0.5288070000000 1.0
C      1  0.5807350000000  0.5074680000000  0.4711930000000 1.0
C      1  0.4192650000000  0.4925320000000  0.4711930000000 1.0
C      1  0.5074680000000  0.5288070000000  0.4192650000000 1.0
C      1  0.4925320000000  0.5288070000000  0.5807350000000 1.0
C      1  0.5074680000000  0.4711930000000  0.5807350000000 1.0
C      1  0.4922950000000  0.4301500000000  0.4846870000000 1.0
C      1  0.4301500000000  0.4846870000000  0.4922950000000 1.0
C      1  0.4846870000000  0.4922950000000  0.4301500000000 1.0
C      1  0.5077050000000  0.5698500000000  0.4846870000000 1.0
C      1  0.4922950000000  0.5698500000000  0.5153130000000 1.0
C      1  0.5077050000000  0.4301500000000  0.5153130000000 1.0
C      1  0.5698500000000  0.5153130000000  0.4922950000000 1.0
C      1  0.4301500000000  0.5153130000000  0.5077050000000 1.0
C      1  0.5698500000000  0.4846870000000  0.5077050000000 1.0
C      1  0.5153130000000  0.5077050000000  0.4301500000000 1.0
C      1  0.4846870000000  0.5077050000000  0.5698500000000 1.0
C      1  0.5153130000000  0.4922950000000  0.5698500000000 1.0
C      1  0.4922950000000  0.4301500000000  0.5153130000000 1.0
C      1  0.4301500000000  0.4846870000000  0.5077050000000 1.0
C      1  0.4846870000000  0.4922950000000  0.5698500000000 1.0
C      1  0.5077050000000  0.5698500000000  0.5153130000000 1.0
C      1  0.4922950000000  0.5698500000000  0.4846870000000 1.0
C      1  0.5077050000000  0.4301500000000  0.4846870000000 1.0
C      1  0.5698500000000  0.5153130000000  0.5077050000000 1.0
C      1  0.4301500000000  0.5153130000000  0.4922950000000 1.0
C      1  0.5698500000000  0.4846870000000  0.4922950000000 1.0
C      1  0.5153130000000  0.5077050000000  0.5698500000000 1.0
C      1  0.4846870000000  0.5077050000000  0.4301500000000 1.0
C      1  0.5153130000000  0.4922950000000  0.4301500000000 1.0
C      1  0.5199080000000  0.4605530000000  0.5341400000000 1.0
C      1  0.4605530000000  0.5341400000000  0.5199080000000 1.0
C      1  0.5341400000000  0.5199080000000  0.4605530000000 1.0
C      1  0.4800920000000  0.5394470000000  0.5341400000000 1.0
C      1  0.5199080000000  0.5394470000000  0.4658600000000 1.0
C      1  0.4800920000000  0.4605530000000  0.4658600000000 1.0
C      1  0.5394470000000  0.4658600000000  0.5199080000000 1.0
C      1  0.4605530000000  0.4658600000000  0.4800920000000 1.0
C      1  0.5394470000000  0.5341400000000  0.4800920000000 1.0
C      1  0.4658600000000  0.4800920000000  0.4605530000000 1.0
C      1  0.5341400000000  0.4800920000000  0.5394470000000 1.0
C      1  0.4658600000000  0.5199080000000  0.5394470000000 1.0
C      1  0.5199080000000  0.4605530000000  0.4658600000000 1.0
C      1  0.4605530000000  0.5341400000000  0.4800920000000 1.0
C      1  0.5341400000000  0.5199080000000  0.5394470000000 1.0
C      1  0.4800920000000  0.5394470000000  0.4658600000000 1.0
C      1  0.5199080000000  0.5394470000000  0.5341400000000 1.0
C      1  0.4800920000000  0.4605530000000  0.5341400000000 1.0
C      1  0.5394470000000  0.4658600000000  0.4800920000000 1.0
C      1  0.4605530000000  0.4658600000000  0.5199080000000 1.0
C      1  0.5394470000000  0.5341400000000  0.5199080000000 1.0
C      1  0.4658600000000  0.4800920000000  0.5394470000000 1.0
C      1  0.5341400000000  0.4800920000000  0.4605530000000 1.0
C      1  0.4658600000000  0.5199080000000  0.4605530000000 1.0
C      1  0.4918020000000  0.5141760000000  0.5564290000000 1.0
C      1  0.5141760000000  0.5564290000000  0.4918020000000 1.0
C      1  0.5564290000000  0.4918020000000  0.5141760000000 1.0
C      1  0.5081980000000  0.4858240000000  0.5564290000000 1.0
C      1  0.4918020000000  0.4858240000000  0.4435710000000 1.0
C      1  0.5081980000000  0.5141760000000  0.4435710000000 1.0
C      1  0.4858240000000  0.4435710000000  0.4918020000000 1.0
C      1  0.5141760000000  0.4435710000000  0.5081980000000 1.0
C      1  0.4858240000000  0.5564290000000  0.5081980000000 1.0
C      1  0.4435710000000  0.5081980000000  0.5141760000000 1.0
C      1  0.5564290000000  0.5081980000000  0.4858240000000 1.0
C      1  0.4435710000000  0.4918020000000  0.4858240000000 1.0
C      1  0.4918020000000  0.5141760000000  0.4435710000000 1.0
C      1  0.5141760000000  0.5564290000000  0.5081980000000 1.0
C      1  0.5564290000000  0.4918020000000  0.4858240000000 1.0
C      1  0.5081980000000  0.4858240000000  0.4435710000000 1.0
C      1  0.4918020000000  0.4858240000000  0.5564290000000 1.0
C      1  0.5081980000000  0.5141760000000  0.5564290000000 1.0
C      1  0.4858240000000  0.4435710000000  0.5081980000000 1.0
C      1  0.5141760000000  0.4435710000000  0.4918020000000 1.0
C      1  0.4858240000000  0.5564290000000  0.4918020000000 1.0
C      1  0.4435710000000  0.5081980000000  0.4858240000000 1.0
C      1  0.5564290000000  0.5081980000000  0.5141760000000 1.0
C      1  0.4435710000000  0.4918020000000  0.5141760000000 1.0
C      1  0.4489680000000  0.4871420000000  0.4734700000000 1.0
C      1  0.4871420000000  0.4734700000000  0.4489680000000 1.0
C      1  0.4734700000000  0.4489680000000  0.4871420000000 1.0
C      1  0.5510320000000  0.5128580000000  0.4734700000000 1.0
C      1  0.4489680000000  0.5128580000000  0.5265300000000 1.0
C      1  0.5510320000000  0.4871420000000  0.5265300000000 1.0
C      1  0.5128580000000  0.5265300000000  0.4489680000000 1.0
C      1  0.4871420000000  0.5265300000000  0.5510320000000 1.0
C      1  0.5128580000000  0.4734700000000  0.5510320000000 1.0
C      1  0.5265300000000  0.5510320000000  0.4871420000000 1.0
C      1  0.4734700000000  0.5510320000000  0.5128580000000 1.0
C      1  0.5265300000000  0.4489680000000  0.5128580000000 1.0
C      1  0.4489680000000  0.4871420000000  0.5265300000000 1.0
C      1  0.4871420000000  0.4734700000000  0.5510320000000 1.0
C      1  0.4734700000000  0.4489680000000  0.5128580000000 1.0
C      1  0.5510320000000  0.5128580000000  0.5265300000000 1.0
C      1  0.4489680000000  0.5128580000000  0.4734700000000 1.0
C      1  0.5510320000000  0.4871420000000  0.4734700000000 1.0
C      1  0.5128580000000  0.5265300000000  0.5510320000000 1.0
C      1  0.4871420000000  0.5265300000000  0.4489680000000 1.0
C      1  0.5128580000000  0.4734700000000  0.4489680000000 1.0
C      1  0.5265300000000  0.5510320000000  0.5128580000000 1.0
C      1  0.4734700000000  0.5510320000000  0.4871420000000 1.0
C      1  0.5265300000000  0.4489680000000  0.4871420000000 1.0
C      1  0.5146070000000  0.5802760000000  0.4928190000000 1.0
C      1  0.5802760000000  0.4928190000000  0.5146070000000 1.0
C      1  0.4928190000000  0.5146070000000  0.5802760000000 1.0
C      1  0.4853930000000  0.4197240000000  0.4928190000000 1.0
C      1  0.5146070000000  0.4197240000000  0.5071810000000 1.0
C      1  0.4853930000000  0.5802760000000  0.5071810000000 1.0
C      1  0.4197240000000  0.5071810000000  0.5146070000000 1.0
C      1  0.5802760000000  0.5071810000000  0.4853930000000 1.0
C      1  0.4197240000000  0.4928190000000  0.4853930000000 1.0
C      1  0.5071810000000  0.4853930000000  0.5802760000000 1.0
C      1  0.4928190000000  0.4853930000000  0.4197240000000 1.0
C      1  0.5071810000000  0.5146070000000  0.4197240000000 1.0
C      1  0.5146070000000  0.5802760000000  0.5071810000000 1.0
C      1  0.5802760000000  0.4928190000000  0.4853930000000 1.0
C      1  0.4928190000000  0.5146070000000  0.4197240000000 1.0
C      1  0.4853930000000  0.4197240000000  0.5071810000000 1.0
C      1  0.5146070000000  0.4197240000000  0.4928190000000 1.0
C      1  0.4853930000000  0.5802760000000  0.4928190000000 1.0
C      1  0.4197240000000  0.5071810000000  0.4853930000000 1.0
C      1  0.5802760000000  0.5071810000000  0.5146070000000 1.0
C      1  0.4197240000000  0.4928190000000  0.5146070000000 1.0
C      1  0.5071810000000  0.4853930000000  0.4197240000000 1.0
C      1  0.4928190000000  0.4853930000000  0.5802760000000 1.0
C      1  0.5071810000000  0.5146070000000  0.5802760000000 1.0
C      1  0.4711680000000  0.5134480000000  0.5705870000000 1.0
C      1  0.5134480000000  0.5705870000000  0.4711680000000 1.0
C      1  0.5705870000000  0.4711680000000  0.5134480000000 1.0
C      1  0.5288320000000  0.4865520000000  0.5705870000000 1.0
C      1  0.4711680000000  0.4865520000000  0.4294130000000 1.0
C      1  0.5288320000000  0.5134480000000  0.4294130000000 1.0
C      1  0.4865520000000  0.4294130000000  0.4711680000000 1.0
C      1  0.5134480000000  0.4294130000000  0.5288320000000 1.0
C      1  0.4865520000000  0.5705870000000  0.5288320000000 1.0
C      1  0.4294130000000  0.5288320000000  0.5134480000000 1.0
C      1  0.5705870000000  0.5288320000000  0.4865520000000 1.0
C      1  0.4294130000000  0.4711680000000  0.4865520000000 1.0
C      1  0.4711680000000  0.5134480000000  0.4294130000000 1.0
C      1  0.5134480000000  0.5705870000000  0.5288320000000 1.0
C      1  0.5705870000000  0.4711680000000  0.4865520000000 1.0
C      1  0.5288320000000  0.4865520000000  0.4294130000000 1.0
C      1  0.4711680000000  0.4865520000000  0.5705870000000 1.0
C      1  0.5288320000000  0.5134480000000  0.5705870000000 1.0
C      1  0.4865520000000  0.4294130000000  0.5288320000000 1.0
C      1  0.5134480000000  0.4294130000000  0.4711680000000 1.0
C      1  0.4865520000000  0.5705870000000  0.4711680000000 1.0
C      1  0.4294130000000  0.5288320000000  0.4865520000000 1.0
C      1  0.5705870000000  0.5288320000000  0.5134480000000 1.0
C      1  0.4294130000000  0.4711680000000  0.5134480000000 1.0
C      1  0.4815560000000  0.5359010000000  0.5756800000000 1.0
C      1  0.5359010000000  0.5756800000000  0.4815560000000 1.0
C      1  0.5756800000000  0.4815560000000  0.5359010000000 1.0
C      1  0.5184440000000  0.4640990000000  0.5756800000000 1.0
C      1  0.4815560000000  0.4640990000000  0.4243200000000 1.0
C      1  0.5184440000000  0.5359010000000  0.4243200000000 1.0
C      1  0.4640990000000  0.4243200000000  0.4815560000000 1.0
C      1  0.5359010000000  0.4243200000000  0.5184440000000 1.0
C      1  0.4640990000000  0.5756800000000  0.5184440000000 1.0
C      1  0.4243200000000  0.5184440000000  0.5359010000000 1.0
C      1  0.5756800000000  0.5184440000000  0.4640990000000 1.0
C      1  0.4243200000000  0.4815560000000  0.4640990000000 1.0
C      1  0.4815560000000  0.5359010000000  0.4243200000000 1.0
C      1  0.5359010000000  0.5756800000000  0.5184440000000 1.0
C      1  0.5756800000000  0.4815560000000  0.4640990000000 1.0
C      1  0.5184440000000  0.4640990000000  0.4243200000000 1.0
C      1  0.4815560000000  0.4640990000000  0.5756800000000 1.0
C      1  0.5184440000000  0.5359010000000  0.5756800000000 1.0
C      1  0.4640990000000  0.4243200000000  0.5184440000000 1.0
C      1  0.5359010000000  0.4243200000000  0.4815560000000 1.0
C      1  0.4640990000000  0.5756800000000  0.4815560000000 1.0
C      1  0.4243200000000  0.5184440000000  0.4640990000000 1.0
C      1  0.5756800000000  0.5184440000000  0.5359010000000 1.0
C      1  0.4243200000000  0.4815560000000  0.5359010000000 1.0
C      1  0.5245760000000  0.5557000000000  0.5601180000000 1.0
C      1  0.5557000000000  0.5601180000000  0.5245760000000 1.0
C      1  0.5601180000000  0.5245760000000  0.5557000000000 1.0
C      1  0.4754240000000  0.4443000000000  0.5601180000000 1.0
C      1  0.5245760000000  0.4443000000000  0.4398820000000 1.0
C      1  0.4754240000000  0.5557000000000  0.4398820000000 1.0
C      1  0.4443000000000  0.4398820000000  0.5245760000000 1.0
C      1  0.5557000000000  0.4398820000000  0.4754240000000 1.0
C      1  0.4443000000000  0.5601180000000  0.4754240000000 1.0
C      1  0.4398820000000  0.4754240000000  0.5557000000000 1.0
C      1  0.5601180000000  0.4754240000000  0.4443000000000 1.0
C      1  0.4398820000000  0.5245760000000  0.4443000000000 1.0
C      1  0.5245760000000  0.5557000000000  0.4398820000000 1.0
C      1  0.5557000000000  0.5601180000000  0.4754240000000 1.0
C      1  0.5601180000000  0.5245760000000  0.4443000000000 1.0
C      1  0.4754240000000  0.4443000000000  0.4398820000000 1.0
C      1  0.5245760000000  0.4443000000000  0.5601180000000 1.0
C      1  0.4754240000000  0.5557000000000  0.5601180000000 1.0
C      1  0.4443000000000  0.4398820000000  0.4754240000000 1.0
C      1  0.5557000000000  0.4398820000000  0.5245760000000 1.0
C      1  0.4443000000000  0.5601180000000  0.5245760000000 1.0
C      1  0.4398820000000  0.4754240000000  0.4443000000000 1.0
C      1  0.5601180000000  0.4754240000000  0.5557000000000 1.0
C      1  0.4398820000000  0.5245760000000  0.5557000000000 1.0
C      1  0.5629770000000  0.4594660000000  0.5080830000000 1.0
C      1  0.4594660000000  0.5080830000000  0.5629770000000 1.0
C      1  0.5080830000000  0.5629770000000  0.4594660000000 1.0
C      1  0.4370230000000  0.5405340000000  0.5080830000000 1.0
C      1  0.5629770000000  0.5405340000000  0.4919170000000 1.0
C      1  0.4370230000000  0.4594660000000  0.4919170000000 1.0
C      1  0.5405340000000  0.4919170000000  0.5629770000000 1.0
C      1  0.4594660000000  0.4919170000000  0.4370230000000 1.0
C      1  0.5405340000000  0.5080830000000  0.4370230000000 1.0
C      1  0.4919170000000  0.4370230000000  0.4594660000000 1.0
C      1  0.5080830000000  0.4370230000000  0.5405340000000 1.0
C      1  0.4919170000000  0.5629770000000  0.5405340000000 1.0
C      1  0.5629770000000  0.4594660000000  0.4919170000000 1.0
C      1  0.4594660000000  0.5080830000000  0.4370230000000 1.0
C      1  0.5080830000000  0.5629770000000  0.5405340000000 1.0
C      1  0.4370230000000  0.5405340000000  0.4919170000000 1.0
C      1  0.5629770000000  0.5405340000000  0.5080830000000 1.0
C      1  0.4370230000000  0.4594660000000  0.5080830000000 1.0
C      1  0.5405340000000  0.4919170000000  0.4370230000000 1.0
C      1  0.4594660000000  0.4919170000000  0.5629770000000 1.0
C      1  0.5405340000000  0.5080830000000  0.5629770000000 1.0
C      1  0.4919170000000  0.4370230000000  0.5405340000000 1.0
C      1  0.5080830000000  0.4370230000000  0.4594660000000 1.0
C      1  0.4919170000000  0.5629770000000  0.4594660000000 1.0
C      1  0.5427210000000  0.4381930000000  0.5467710000000 1.0
C      1  0.4381930000000  0.5467710000000  0.5427210000000 1.0
C      1  0.5467710000000  0.5427210000000  0.4381930000000 1.0
C      1  0.4572790000000  0.5618070000000  0.5467710000000 1.0
C      1  0.5427210000000  0.5618070000000  0.4532290000000 1.0
C      1  0.4572790000000  0.4381930000000  0.4532290000000 1.0
C      1  0.5618070000000  0.4532290000000  0.5427210000000 1.0
C      1  0.4381930000000  0.4532290000000  0.4572790000000 1.0
C      1  0.5618070000000  0.5467710000000  0.4572790000000 1.0
C      1  0.4532290000000  0.4572790000000  0.4381930000000 1.0
C      1  0.5467710000000  0.4572790000000  0.5618070000000 1.0
C      1  0.4532290000000  0.5427210000000  0.5618070000000 1.0
C      1  0.5427210000000  0.4381930000000  0.4532290000000 1.0
C      1  0.4381930000000  0.5467710000000  0.4572790000000 1.0
C      1  0.5467710000000  0.5427210000000  0.5618070000000 1.0
C      1  0.4572790000000  0.5618070000000  0.4532290000000 1.0
C      1  0.5427210000000  0.5618070000000  0.5467710000000 1.0
C      1  0.4572790000000  0.4381930000000  0.5467710000000 1.0
C      1  0.5618070000000  0.4532290000000  0.4572790000000 1.0
C      1  0.4381930000000  0.4532290000000  0.5427210000000 1.0
C      1  0.5618070000000  0.5467710000000  0.5427210000000 1.0
C      1  0.4532290000000  0.4572790000000  0.5618070000000 1.0
C      1  0.5467710000000  0.4572790000000  0.4381930000000 1.0
C      1  0.4532290000000  0.5427210000000  0.4381930000000 1.0
C      1  0.5298560000000  0.5271060000000  0.5738610000000 1.0
C      1  0.5271060000000  0.5738610000000  0.5298560000000 1.0
C      1  0.5738610000000  0.5298560000000  0.5271060000000 1.0
C      1  0.4701440000000  0.4728940000000  0.5738610000000 1.0
C      1  0.5298560000000  0.4728940000000  0.4261390000000 1.0
C      1  0.4701440000000  0.5271060000000  0.4261390000000 1.0
C      1  0.4728940000000  0.4261390000000  0.5298560000000 1.0
C      1  0.5271060000000  0.4261390000000  0.4701440000000 1.0
C      1  0.4728940000000  0.5738610000000  0.4701440000000 1.0
C      1  0.4261390000000  0.4701440000000  0.5271060000000 1.0
C      1  0.5738610000000  0.4701440000000  0.4728940000000 1.0
C      1  0.4261390000000  0.5298560000000  0.4728940000000 1.0
C      1  0.5298560000000  0.5271060000000  0.4261390000000 1.0
C      1  0.5271060000000  0.5738610000000  0.4701440000000 1.0
C      1  0.5738610000000  0.5298560000000  0.4728940000000 1.0
C      1  0.4701440000000  0.4728940000000  0.4261390000000 1.0
C      1  0.5298560000000  0.4728940000000  0.5738610000000 1.0
C      1  0.4701440000000  0.5271060000000  0.5738610000000 1.0
C      1  0.4728940000000  0.4261390000000  0.4701440000000 1.0
C      1  0.5271060000000  0.4261390000000  0.5298560000000 1.0
C      1  0.4728940000000  0.5738610000000  0.5298560000000 1.0
C      1  0.4261390000000  0.4701440000000  0.4728940000000 1.0
C      1  0.5738610000000  0.4701440000000  0.5271060000000 1.0
C      1  0.4261390000000  0.5298560000000  0.5271060000000 1.0
C      1  0.5648700000000  0.5501440000000  0.4802760000000 1.0
C      1  0.5501440000000  0.4802760000000  0.5648700000000 1.0
C      1  0.4802760000000  0.5648700000000  0.5501440000000 1.0
C      1  0.4351300000000  0.4498560000000  0.4802760000000 1.0
C      1  0.5648700000000  0.4498560000000  0.5197240000000 1.0
C      1  0.4351300000000  0.5501440000000  0.5197240000000 1.0
C      1  0.4498560000000  0.5197240000000  0.5648700000000 1.0
C      1  0.5501440000000  0.5197240000000  0.4351300000000 1.0
C      1  0.4498560000000  0.4802760000000  0.4351300000000 1.0
C      1  0.5197240000000  0.4351300000000  0.5501440000000 1.0
C      1  0.4802760000000  0.4351300000000  0.4498560000000 1.0
C      1  0.5197240000000  0.5648700000000  0.4498560000000 1.0
C      1  0.5648700000000  0.5501440000000  0.5197240000000 1.0
C      1  0.5501440000000  0.4802760000000  0.4351300000000 1.0
C      1  0.4802760000000  0.5648700000000  0.4498560000000 1.0
C      1  0.4351300000000  0.4498560000000  0.5197240000000 1.0
C      1  0.5648700000000  0.4498560000000  0.4802760000000 1.0
C      1  0.4351300000000  0.5501440000000  0.4802760000000 1.0
C      1  0.4498560000000  0.5197240000000  0.4351300000000 1.0
C      1  0.5501440000000  0.5197240000000  0.5648700000000 1.0
C      1  0.4498560000000  0.4802760000000  0.5648700000000 1.0
C      1  0.5197240000000  0.4351300000000  0.4498560000000 1.0
C      1  0.4802760000000  0.4351300000000  0.5501440000000 1.0
C      1  0.5197240000000  0.5648700000000  0.5501440000000 1.0
C      1  0.5079540000000  0.5468920000000  0.4601140000000 1.0
C      1  0.5468920000000  0.4601140000000  0.5079540000000 1.0
C      1  0.4601140000000  0.5079540000000  0.5468920000000 1.0
C      1  0.4920460000000  0.4531080000000  0.4601140000000 1.0
C      1  0.5079540000000  0.4531080000000  0.5398860000000 1.0
C      1  0.4920460000000  0.5468920000000  0.5398860000000 1.0
C      1  0.4531080000000  0.5398860000000  0.5079540000000 1.0
C      1  0.5468920000000  0.5398860000000  0.4920460000000 1.0
C      1  0.4531080000000  0.4601140000000  0.4920460000000 1.0
C      1  0.5398860000000  0.4920460000000  0.5468920000000 1.0
C      1  0.4601140000000  0.4920460000000  0.4531080000000 1.0
C      1  0.5398860000000  0.5079540000000  0.4531080000000 1.0
C      1  0.5079540000000  0.5468920000000  0.5398860000000 1.0
C      1  0.5468920000000  0.4601140000000  0.4920460000000 1.0
C      1  0.4601140000000  0.5079540000000  0.4531080000000 1.0
C      1  0.4920460000000  0.4531080000000  0.5398860000000 1.0
C      1  0.5079540000000  0.4531080000000  0.4601140000000 1.0
C      1  0.4920460000000  0.5468920000000  0.4601140000000 1.0
C      1  0.4531080000000  0.5398860000000  0.4920460000000 1.0
C      1  0.5468920000000  0.5398860000000  0.5079540000000 1.0
C      1  0.4531080000000  0.4601140000000  0.5079540000000 1.0
C      1  0.5398860000000  0.4920460000000  0.4531080000000 1.0
C      1  0.4601140000000  0.4920460000000  0.5468920000000 1.0
C      1  0.5398860000000  0.5079540000000  0.5468920000000 1.0
END
