TITL C-1379265-1223-463 -8.42957084230659e-07 1000000 -4612.84166398118 0 0 660 (Th) n - 1
REM
REM in /nfs/bkarasulu/CARBON/AIRSS/Generating-Clusters/GAP-ML-2020/Higher-Symm/Selected-Sizes/TryA-Only_Ih-Symm/Larger-Clusters/Try2-MINAMP_6A
REM
REM
REM
REM
REM
REM ./C.cell (31579ac4e95a012ec27f3239692ae8a5)
REM
REM compiler GCC version 9.2.1 20190827 (Red Hat 9.2.1-1)
REM options -cpp -mtune=generic -march=x86-64 -g -O0 -fpre-include=/usr/include/finclude/math-vector-fortran.h
REM seed -489973334 -56189854 -1754428949 -802090575 2068108752 -1917997084 79006242 -1477783652 908305186 237347256 1683994089 627660865 966961949 435150896 -452891739 -1772858363 1013880136 -199851057 1539558302 1443660424 -1725991818 2075577201 1826014595 2065421453 1386874100 -172980737 -1762682947 -1017362291 -1832255394 -384238574 -1083996379 -1134933050 -226918294
REM
CELL 1.54180  100.00000  100.00000  100.00000   90.00000   90.00000   90.00000
LATT -1
SFAC C  
C      1  0.4929840000000  0.4929450000000  0.5855420000000 1.0
C      1  0.4929450000000  0.5855420000000  0.4929840000000 1.0
C      1  0.5855420000000  0.4929840000000  0.4929450000000 1.0
C      1  0.5070160000000  0.5070550000000  0.5855420000000 1.0
C      1  0.4929840000000  0.5070550000000  0.4144580000000 1.0
C      1  0.5070160000000  0.4929450000000  0.4144580000000 1.0
C      1  0.5070550000000  0.4144580000000  0.4929840000000 1.0
C      1  0.4929450000000  0.4144580000000  0.5070160000000 1.0
C      1  0.5070550000000  0.5855420000000  0.5070160000000 1.0
C      1  0.4144580000000  0.5070160000000  0.4929450000000 1.0
C      1  0.5855420000000  0.5070160000000  0.5070550000000 1.0
C      1  0.4144580000000  0.4929840000000  0.5070550000000 1.0
C      1  0.4929840000000  0.4929450000000  0.4144580000000 1.0
C      1  0.4929450000000  0.5855420000000  0.5070160000000 1.0
C      1  0.5855420000000  0.4929840000000  0.5070550000000 1.0
C      1  0.5070160000000  0.5070550000000  0.4144580000000 1.0
C      1  0.4929840000000  0.5070550000000  0.5855420000000 1.0
C      1  0.5070160000000  0.4929450000000  0.5855420000000 1.0
C      1  0.5070550000000  0.4144580000000  0.5070160000000 1.0
C      1  0.4929450000000  0.4144580000000  0.4929840000000 1.0
C      1  0.5070550000000  0.5855420000000  0.4929840000000 1.0
C      1  0.4144580000000  0.5070160000000  0.5070550000000 1.0
C      1  0.5855420000000  0.5070160000000  0.4929450000000 1.0
C      1  0.4144580000000  0.4929840000000  0.4929450000000 1.0
C      1  0.4920380000000  0.4929380000000  0.4420150000000 1.0
C      1  0.4929380000000  0.4420150000000  0.4920380000000 1.0
C      1  0.4420150000000  0.4920380000000  0.4929380000000 1.0
C      1  0.5079620000000  0.5070620000000  0.4420150000000 1.0
C      1  0.4920380000000  0.5070620000000  0.5579850000000 1.0
C      1  0.5079620000000  0.4929380000000  0.5579850000000 1.0
C      1  0.5070620000000  0.5579850000000  0.4920380000000 1.0
C      1  0.4929380000000  0.5579850000000  0.5079620000000 1.0
C      1  0.5070620000000  0.4420150000000  0.5079620000000 1.0
C      1  0.5579850000000  0.5079620000000  0.4929380000000 1.0
C      1  0.4420150000000  0.5079620000000  0.5070620000000 1.0
C      1  0.5579850000000  0.4920380000000  0.5070620000000 1.0
C      1  0.4920380000000  0.4929380000000  0.5579850000000 1.0
C      1  0.4929380000000  0.4420150000000  0.5079620000000 1.0
C      1  0.4420150000000  0.4920380000000  0.5070620000000 1.0
C      1  0.5079620000000  0.5070620000000  0.5579850000000 1.0
C      1  0.4920380000000  0.5070620000000  0.4420150000000 1.0
C      1  0.5079620000000  0.4929380000000  0.4420150000000 1.0
C      1  0.5070620000000  0.5579850000000  0.5079620000000 1.0
C      1  0.4929380000000  0.5579850000000  0.4920380000000 1.0
C      1  0.5070620000000  0.4420150000000  0.4920380000000 1.0
C      1  0.5579850000000  0.5079620000000  0.5070620000000 1.0
C      1  0.4420150000000  0.5079620000000  0.4929380000000 1.0
C      1  0.5579850000000  0.4920380000000  0.4929380000000 1.0
C      1  0.4230500000000  0.4655040000000  0.5364010000000 1.0
C      1  0.4655040000000  0.5364010000000  0.4230500000000 1.0
C      1  0.5364010000000  0.4230500000000  0.4655040000000 1.0
C      1  0.5769500000000  0.5344960000000  0.5364010000000 1.0
C      1  0.4230500000000  0.5344960000000  0.4635990000000 1.0
C      1  0.5769500000000  0.4655040000000  0.4635990000000 1.0
C      1  0.5344960000000  0.4635990000000  0.4230500000000 1.0
C      1  0.4655040000000  0.4635990000000  0.5769500000000 1.0
C      1  0.5344960000000  0.5364010000000  0.5769500000000 1.0
C      1  0.4635990000000  0.5769500000000  0.4655040000000 1.0
C      1  0.5364010000000  0.5769500000000  0.5344960000000 1.0
C      1  0.4635990000000  0.4230500000000  0.5344960000000 1.0
C      1  0.4230500000000  0.4655040000000  0.4635990000000 1.0
C      1  0.4655040000000  0.5364010000000  0.5769500000000 1.0
C      1  0.5364010000000  0.4230500000000  0.5344960000000 1.0
C      1  0.5769500000000  0.5344960000000  0.4635990000000 1.0
C      1  0.4230500000000  0.5344960000000  0.5364010000000 1.0
C      1  0.5769500000000  0.4655040000000  0.5364010000000 1.0
C      1  0.5344960000000  0.4635990000000  0.5769500000000 1.0
C      1  0.4655040000000  0.4635990000000  0.4230500000000 1.0
C      1  0.5344960000000  0.5364010000000  0.4230500000000 1.0
C      1  0.4635990000000  0.5769500000000  0.5344960000000 1.0
C      1  0.5364010000000  0.5769500000000  0.4655040000000 1.0
C      1  0.4635990000000  0.4230500000000  0.4655040000000 1.0
C      1  0.5856110000000  0.5270070000000  0.5284030000000 1.0
C      1  0.5270070000000  0.5284030000000  0.5856110000000 1.0
C      1  0.5284030000000  0.5856110000000  0.5270070000000 1.0
C      1  0.4143890000000  0.4729930000000  0.5284030000000 1.0
C      1  0.5856110000000  0.4729930000000  0.4715970000000 1.0
C      1  0.4143890000000  0.5270070000000  0.4715970000000 1.0
C      1  0.4729930000000  0.4715970000000  0.5856110000000 1.0
C      1  0.5270070000000  0.4715970000000  0.4143890000000 1.0
C      1  0.4729930000000  0.5284030000000  0.4143890000000 1.0
C      1  0.4715970000000  0.4143890000000  0.5270070000000 1.0
C      1  0.5284030000000  0.4143890000000  0.4729930000000 1.0
C      1  0.4715970000000  0.5856110000000  0.4729930000000 1.0
C      1  0.5856110000000  0.5270070000000  0.4715970000000 1.0
C      1  0.5270070000000  0.5284030000000  0.4143890000000 1.0
C      1  0.5284030000000  0.5856110000000  0.4729930000000 1.0
C      1  0.4143890000000  0.4729930000000  0.4715970000000 1.0
C      1  0.5856110000000  0.4729930000000  0.5284030000000 1.0
C      1  0.4143890000000  0.5270070000000  0.5284030000000 1.0
C      1  0.4729930000000  0.4715970000000  0.4143890000000 1.0
C      1  0.5270070000000  0.4715970000000  0.5856110000000 1.0
C      1  0.4729930000000  0.5284030000000  0.5856110000000 1.0
C      1  0.4715970000000  0.4143890000000  0.4729930000000 1.0
C      1  0.5284030000000  0.4143890000000  0.5270070000000 1.0
C      1  0.4715970000000  0.5856110000000  0.5270070000000 1.0
C      1  0.5288080000000  0.4521160000000  0.5694360000000 1.0
C      1  0.4521160000000  0.5694360000000  0.5288080000000 1.0
C      1  0.5694360000000  0.5288080000000  0.4521160000000 1.0
C      1  0.4711920000000  0.5478840000000  0.5694360000000 1.0
C      1  0.5288080000000  0.5478840000000  0.4305640000000 1.0
C      1  0.4711920000000  0.4521160000000  0.4305640000000 1.0
C      1  0.5478840000000  0.4305640000000  0.5288080000000 1.0
C      1  0.4521160000000  0.4305640000000  0.4711920000000 1.0
C      1  0.5478840000000  0.5694360000000  0.4711920000000 1.0
C      1  0.4305640000000  0.4711920000000  0.4521160000000 1.0
C      1  0.5694360000000  0.4711920000000  0.5478840000000 1.0
C      1  0.4305640000000  0.5288080000000  0.5478840000000 1.0
C      1  0.5288080000000  0.4521160000000  0.4305640000000 1.0
C      1  0.4521160000000  0.5694360000000  0.4711920000000 1.0
C      1  0.5694360000000  0.5288080000000  0.5478840000000 1.0
C      1  0.4711920000000  0.5478840000000  0.4305640000000 1.0
C      1  0.5288080000000  0.5478840000000  0.5694360000000 1.0
C      1  0.4711920000000  0.4521160000000  0.5694360000000 1.0
C      1  0.5478840000000  0.4305640000000  0.4711920000000 1.0
C      1  0.4521160000000  0.4305640000000  0.5288080000000 1.0
C      1  0.5478840000000  0.5694360000000  0.5288080000000 1.0
C      1  0.4305640000000  0.4711920000000  0.5478840000000 1.0
C      1  0.5694360000000  0.4711920000000  0.4521160000000 1.0
C      1  0.4305640000000  0.5288080000000  0.4521160000000 1.0
C      1  0.5568900000000  0.5368410000000  0.4522910000000 1.0
C      1  0.5368410000000  0.4522910000000  0.5568900000000 1.0
C      1  0.4522910000000  0.5568900000000  0.5368410000000 1.0
C      1  0.4431100000000  0.4631590000000  0.4522910000000 1.0
C      1  0.5568900000000  0.4631590000000  0.5477090000000 1.0
C      1  0.4431100000000  0.5368410000000  0.5477090000000 1.0
C      1  0.4631590000000  0.5477090000000  0.5568900000000 1.0
C      1  0.5368410000000  0.5477090000000  0.4431100000000 1.0
C      1  0.4631590000000  0.4522910000000  0.4431100000000 1.0
C      1  0.5477090000000  0.4431100000000  0.5368410000000 1.0
C      1  0.4522910000000  0.4431100000000  0.4631590000000 1.0
C      1  0.5477090000000  0.5568900000000  0.4631590000000 1.0
C      1  0.5568900000000  0.5368410000000  0.5477090000000 1.0
C      1  0.5368410000000  0.4522910000000  0.4431100000000 1.0
C      1  0.4522910000000  0.5568900000000  0.4631590000000 1.0
C      1  0.4431100000000  0.4631590000000  0.5477090000000 1.0
C      1  0.5568900000000  0.4631590000000  0.4522910000000 1.0
C      1  0.4431100000000  0.5368410000000  0.4522910000000 1.0
C      1  0.4631590000000  0.5477090000000  0.4431100000000 1.0
C      1  0.5368410000000  0.5477090000000  0.5568900000000 1.0
C      1  0.4631590000000  0.4522910000000  0.5568900000000 1.0
C      1  0.5477090000000  0.4431100000000  0.4631590000000 1.0
C      1  0.4522910000000  0.4431100000000  0.5368410000000 1.0
C      1  0.5477090000000  0.5568900000000  0.5368410000000 1.0
C      1  0.4788780000000  0.5361080000000  0.5159760000000 1.0
C      1  0.5361080000000  0.5159760000000  0.4788780000000 1.0
C      1  0.5159760000000  0.4788780000000  0.5361080000000 1.0
C      1  0.5211220000000  0.4638920000000  0.5159760000000 1.0
C      1  0.4788780000000  0.4638920000000  0.4840240000000 1.0
C      1  0.5211220000000  0.5361080000000  0.4840240000000 1.0
C      1  0.4638920000000  0.4840240000000  0.4788780000000 1.0
C      1  0.5361080000000  0.4840240000000  0.5211220000000 1.0
C      1  0.4638920000000  0.5159760000000  0.5211220000000 1.0
C      1  0.4840240000000  0.5211220000000  0.5361080000000 1.0
C      1  0.5159760000000  0.5211220000000  0.4638920000000 1.0
C      1  0.4840240000000  0.4788780000000  0.4638920000000 1.0
C      1  0.4788780000000  0.5361080000000  0.4840240000000 1.0
C      1  0.5361080000000  0.5159760000000  0.5211220000000 1.0
C      1  0.5159760000000  0.4788780000000  0.4638920000000 1.0
C      1  0.5211220000000  0.4638920000000  0.4840240000000 1.0
C      1  0.4788780000000  0.4638920000000  0.5159760000000 1.0
C      1  0.5211220000000  0.5361080000000  0.5159760000000 1.0
C      1  0.4638920000000  0.4840240000000  0.5211220000000 1.0
C      1  0.5361080000000  0.4840240000000  0.4788780000000 1.0
C      1  0.4638920000000  0.5159760000000  0.4788780000000 1.0
C      1  0.4840240000000  0.5211220000000  0.4638920000000 1.0
C      1  0.5159760000000  0.5211220000000  0.5361080000000 1.0
C      1  0.4840240000000  0.4788780000000  0.5361080000000 1.0
C      1  0.5259200000000  0.4919120000000  0.4260310000000 1.0
C      1  0.4919120000000  0.4260310000000  0.5259200000000 1.0
C      1  0.4260310000000  0.5259200000000  0.4919120000000 1.0
C      1  0.4740800000000  0.5080880000000  0.4260310000000 1.0
C      1  0.5259200000000  0.5080880000000  0.5739690000000 1.0
C      1  0.4740800000000  0.4919120000000  0.5739690000000 1.0
C      1  0.5080880000000  0.5739690000000  0.5259200000000 1.0
C      1  0.4919120000000  0.5739690000000  0.4740800000000 1.0
C      1  0.5080880000000  0.4260310000000  0.4740800000000 1.0
C      1  0.5739690000000  0.4740800000000  0.4919120000000 1.0
C      1  0.4260310000000  0.4740800000000  0.5080880000000 1.0
C      1  0.5739690000000  0.5259200000000  0.5080880000000 1.0
C      1  0.5259200000000  0.4919120000000  0.5739690000000 1.0
C      1  0.4919120000000  0.4260310000000  0.4740800000000 1.0
C      1  0.4260310000000  0.5259200000000  0.5080880000000 1.0
C      1  0.4740800000000  0.5080880000000  0.5739690000000 1.0
C      1  0.5259200000000  0.5080880000000  0.4260310000000 1.0
C      1  0.4740800000000  0.4919120000000  0.4260310000000 1.0
C      1  0.5080880000000  0.5739690000000  0.4740800000000 1.0
C      1  0.4919120000000  0.5739690000000  0.5259200000000 1.0
C      1  0.5080880000000  0.4260310000000  0.5259200000000 1.0
C      1  0.5739690000000  0.4740800000000  0.5080880000000 1.0
C      1  0.4260310000000  0.4740800000000  0.4919120000000 1.0
C      1  0.5739690000000  0.5259200000000  0.4919120000000 1.0
C      1  0.4270320000000  0.5530510000000  0.4852110000000 1.0
C      1  0.5530510000000  0.4852110000000  0.4270320000000 1.0
C      1  0.4852110000000  0.4270320000000  0.5530510000000 1.0
C      1  0.5729680000000  0.4469490000000  0.4852110000000 1.0
C      1  0.4270320000000  0.4469490000000  0.5147890000000 1.0
C      1  0.5729680000000  0.5530510000000  0.5147890000000 1.0
C      1  0.4469490000000  0.5147890000000  0.4270320000000 1.0
C      1  0.5530510000000  0.5147890000000  0.5729680000000 1.0
C      1  0.4469490000000  0.4852110000000  0.5729680000000 1.0
C      1  0.5147890000000  0.5729680000000  0.5530510000000 1.0
C      1  0.4852110000000  0.5729680000000  0.4469490000000 1.0
C      1  0.5147890000000  0.4270320000000  0.4469490000000 1.0
C      1  0.4270320000000  0.5530510000000  0.5147890000000 1.0
C      1  0.5530510000000  0.4852110000000  0.5729680000000 1.0
C      1  0.4852110000000  0.4270320000000  0.4469490000000 1.0
C      1  0.5729680000000  0.4469490000000  0.5147890000000 1.0
C      1  0.4270320000000  0.4469490000000  0.4852110000000 1.0
C      1  0.5729680000000  0.5530510000000  0.4852110000000 1.0
C      1  0.4469490000000  0.5147890000000  0.5729680000000 1.0
C      1  0.5530510000000  0.5147890000000  0.4270320000000 1.0
C      1  0.4469490000000  0.4852110000000  0.4270320000000 1.0
C      1  0.5147890000000  0.5729680000000  0.4469490000000 1.0
C      1  0.4852110000000  0.5729680000000  0.5530510000000 1.0
C      1  0.5147890000000  0.4270320000000  0.5530510000000 1.0
C      1  0.5196350000000  0.5268850000000  0.5594650000000 1.0
C      1  0.5268850000000  0.5594650000000  0.5196350000000 1.0
C      1  0.5594650000000  0.5196350000000  0.5268850000000 1.0
C      1  0.4803650000000  0.4731150000000  0.5594650000000 1.0
C      1  0.5196350000000  0.4731150000000  0.4405350000000 1.0
C      1  0.4803650000000  0.5268850000000  0.4405350000000 1.0
C      1  0.4731150000000  0.4405350000000  0.5196350000000 1.0
C      1  0.5268850000000  0.4405350000000  0.4803650000000 1.0
C      1  0.4731150000000  0.5594650000000  0.4803650000000 1.0
C      1  0.4405350000000  0.4803650000000  0.5268850000000 1.0
C      1  0.5594650000000  0.4803650000000  0.4731150000000 1.0
C      1  0.4405350000000  0.5196350000000  0.4731150000000 1.0
C      1  0.5196350000000  0.5268850000000  0.4405350000000 1.0
C      1  0.5268850000000  0.5594650000000  0.4803650000000 1.0
C      1  0.5594650000000  0.5196350000000  0.4731150000000 1.0
C      1  0.4803650000000  0.4731150000000  0.4405350000000 1.0
C      1  0.5196350000000  0.4731150000000  0.5594650000000 1.0
C      1  0.4803650000000  0.5268850000000  0.5594650000000 1.0
C      1  0.4731150000000  0.4405350000000  0.4803650000000 1.0
C      1  0.5268850000000  0.4405350000000  0.5196350000000 1.0
C      1  0.4731150000000  0.5594650000000  0.5196350000000 1.0
C      1  0.4405350000000  0.4803650000000  0.4731150000000 1.0
C      1  0.5594650000000  0.4803650000000  0.5268850000000 1.0
C      1  0.4405350000000  0.5196350000000  0.5268850000000 1.0
C      1  0.5457650000000  0.4925780000000  0.5416470000000 1.0
C      1  0.4925780000000  0.5416470000000  0.5457650000000 1.0
C      1  0.5416470000000  0.5457650000000  0.4925780000000 1.0
C      1  0.4542350000000  0.5074220000000  0.5416470000000 1.0
C      1  0.5457650000000  0.5074220000000  0.4583530000000 1.0
C      1  0.4542350000000  0.4925780000000  0.4583530000000 1.0
C      1  0.5074220000000  0.4583530000000  0.5457650000000 1.0
C      1  0.4925780000000  0.4583530000000  0.4542350000000 1.0
C      1  0.5074220000000  0.5416470000000  0.4542350000000 1.0
C      1  0.4583530000000  0.4542350000000  0.4925780000000 1.0
C      1  0.5416470000000  0.4542350000000  0.5074220000000 1.0
C      1  0.4583530000000  0.5457650000000  0.5074220000000 1.0
C      1  0.5457650000000  0.4925780000000  0.4583530000000 1.0
C      1  0.4925780000000  0.5416470000000  0.4542350000000 1.0
C      1  0.5416470000000  0.5457650000000  0.5074220000000 1.0
C      1  0.4542350000000  0.5074220000000  0.4583530000000 1.0
C      1  0.5457650000000  0.5074220000000  0.5416470000000 1.0
C      1  0.4542350000000  0.4925780000000  0.5416470000000 1.0
C      1  0.5074220000000  0.4583530000000  0.4542350000000 1.0
C      1  0.4925780000000  0.4583530000000  0.5457650000000 1.0
C      1  0.5074220000000  0.5416470000000  0.5457650000000 1.0
C      1  0.4583530000000  0.4542350000000  0.5074220000000 1.0
C      1  0.5416470000000  0.4542350000000  0.4925780000000 1.0
C      1  0.4583530000000  0.5457650000000  0.4925780000000 1.0
C      1  0.5680780000000  0.4558430000000  0.4727290000000 1.0
C      1  0.4558430000000  0.4727290000000  0.5680780000000 1.0
C      1  0.4727290000000  0.5680780000000  0.4558430000000 1.0
C      1  0.4319220000000  0.5441570000000  0.4727290000000 1.0
C      1  0.5680780000000  0.5441570000000  0.5272710000000 1.0
C      1  0.4319220000000  0.4558430000000  0.5272710000000 1.0
C      1  0.5441570000000  0.5272710000000  0.5680780000000 1.0
C      1  0.4558430000000  0.5272710000000  0.4319220000000 1.0
C      1  0.5441570000000  0.4727290000000  0.4319220000000 1.0
C      1  0.5272710000000  0.4319220000000  0.4558430000000 1.0
C      1  0.4727290000000  0.4319220000000  0.5441570000000 1.0
C      1  0.5272710000000  0.5680780000000  0.5441570000000 1.0
C      1  0.5680780000000  0.4558430000000  0.5272710000000 1.0
C      1  0.4558430000000  0.4727290000000  0.4319220000000 1.0
C      1  0.4727290000000  0.5680780000000  0.5441570000000 1.0
C      1  0.4319220000000  0.5441570000000  0.5272710000000 1.0
C      1  0.5680780000000  0.5441570000000  0.4727290000000 1.0
C      1  0.4319220000000  0.4558430000000  0.4727290000000 1.0
C      1  0.5441570000000  0.5272710000000  0.4319220000000 1.0
C      1  0.4558430000000  0.5272710000000  0.5680780000000 1.0
C      1  0.5441570000000  0.4727290000000  0.5680780000000 1.0
C      1  0.5272710000000  0.4319220000000  0.5441570000000 1.0
C      1  0.4727290000000  0.4319220000000  0.4558430000000 1.0
C      1  0.5272710000000  0.5680780000000  0.4558430000000 1.0
C      1  0.4810490000000  0.5322980000000  0.5461590000000 1.0
C      1  0.5322980000000  0.5461590000000  0.4810490000000 1.0
C      1  0.5461590000000  0.4810490000000  0.5322980000000 1.0
C      1  0.5189510000000  0.4677020000000  0.5461590000000 1.0
C      1  0.4810490000000  0.4677020000000  0.4538410000000 1.0
C      1  0.5189510000000  0.5322980000000  0.4538410000000 1.0
C      1  0.4677020000000  0.4538410000000  0.4810490000000 1.0
C      1  0.5322980000000  0.4538410000000  0.5189510000000 1.0
C      1  0.4677020000000  0.5461590000000  0.5189510000000 1.0
C      1  0.4538410000000  0.5189510000000  0.5322980000000 1.0
C      1  0.5461590000000  0.5189510000000  0.4677020000000 1.0
C      1  0.4538410000000  0.4810490000000  0.4677020000000 1.0
C      1  0.4810490000000  0.5322980000000  0.4538410000000 1.0
C      1  0.5322980000000  0.5461590000000  0.5189510000000 1.0
C      1  0.5461590000000  0.4810490000000  0.4677020000000 1.0
C      1  0.5189510000000  0.4677020000000  0.4538410000000 1.0
C      1  0.4810490000000  0.4677020000000  0.5461590000000 1.0
C      1  0.5189510000000  0.5322980000000  0.5461590000000 1.0
C      1  0.4677020000000  0.4538410000000  0.5189510000000 1.0
C      1  0.5322980000000  0.4538410000000  0.4810490000000 1.0
C      1  0.4677020000000  0.5461590000000  0.4810490000000 1.0
C      1  0.4538410000000  0.5189510000000  0.4677020000000 1.0
C      1  0.5461590000000  0.5189510000000  0.5322980000000 1.0
C      1  0.4538410000000  0.4810490000000  0.5322980000000 1.0
C      1  0.4926340000000  0.4175260000000  0.5450530000000 1.0
C      1  0.4175260000000  0.5450530000000  0.4926340000000 1.0
C      1  0.5450530000000  0.4926340000000  0.4175260000000 1.0
C      1  0.5073660000000  0.5824740000000  0.5450530000000 1.0
C      1  0.4926340000000  0.5824740000000  0.4549470000000 1.0
C      1  0.5073660000000  0.4175260000000  0.4549470000000 1.0
C      1  0.5824740000000  0.4549470000000  0.4926340000000 1.0
C      1  0.4175260000000  0.4549470000000  0.5073660000000 1.0
C      1  0.5824740000000  0.5450530000000  0.5073660000000 1.0
C      1  0.4549470000000  0.5073660000000  0.4175260000000 1.0
C      1  0.5450530000000  0.5073660000000  0.5824740000000 1.0
C      1  0.4549470000000  0.4926340000000  0.5824740000000 1.0
C      1  0.4926340000000  0.4175260000000  0.4549470000000 1.0
C      1  0.4175260000000  0.5450530000000  0.5073660000000 1.0
C      1  0.5450530000000  0.4926340000000  0.5824740000000 1.0
C      1  0.5073660000000  0.5824740000000  0.4549470000000 1.0
C      1  0.4926340000000  0.5824740000000  0.5450530000000 1.0
C      1  0.5073660000000  0.4175260000000  0.5450530000000 1.0
C      1  0.5824740000000  0.4549470000000  0.5073660000000 1.0
C      1  0.4175260000000  0.4549470000000  0.4926340000000 1.0
C      1  0.5824740000000  0.5450530000000  0.4926340000000 1.0
C      1  0.4549470000000  0.5073660000000  0.5824740000000 1.0
C      1  0.5450530000000  0.5073660000000  0.4175260000000 1.0
C      1  0.4549470000000  0.4926340000000  0.4175260000000 1.0
C      1  0.4917890000000  0.5259600000000  0.4292950000000 1.0
C      1  0.5259600000000  0.4292950000000  0.4917890000000 1.0
C      1  0.4292950000000  0.4917890000000  0.5259600000000 1.0
C      1  0.5082110000000  0.4740400000000  0.4292950000000 1.0
C      1  0.4917890000000  0.4740400000000  0.5707050000000 1.0
C      1  0.5082110000000  0.5259600000000  0.5707050000000 1.0
C      1  0.4740400000000  0.5707050000000  0.4917890000000 1.0
C      1  0.5259600000000  0.5707050000000  0.5082110000000 1.0
C      1  0.4740400000000  0.4292950000000  0.5082110000000 1.0
C      1  0.5707050000000  0.5082110000000  0.5259600000000 1.0
C      1  0.4292950000000  0.5082110000000  0.4740400000000 1.0
C      1  0.5707050000000  0.4917890000000  0.4740400000000 1.0
C      1  0.4917890000000  0.5259600000000  0.5707050000000 1.0
C      1  0.5259600000000  0.4292950000000  0.5082110000000 1.0
C      1  0.4292950000000  0.4917890000000  0.4740400000000 1.0
C      1  0.5082110000000  0.4740400000000  0.5707050000000 1.0
C      1  0.4917890000000  0.4740400000000  0.4292950000000 1.0
C      1  0.5082110000000  0.5259600000000  0.4292950000000 1.0
C      1  0.4740400000000  0.5707050000000  0.5082110000000 1.0
C      1  0.5259600000000  0.5707050000000  0.4917890000000 1.0
C      1  0.4740400000000  0.4292950000000  0.4917890000000 1.0
C      1  0.5707050000000  0.5082110000000  0.4740400000000 1.0
C      1  0.4292950000000  0.5082110000000  0.5259600000000 1.0
C      1  0.5707050000000  0.4917890000000  0.5259600000000 1.0
C      1  0.4680200000000  0.5143920000000  0.4144860000000 1.0
C      1  0.5143920000000  0.4144860000000  0.4680200000000 1.0
C      1  0.4144860000000  0.4680200000000  0.5143920000000 1.0
C      1  0.5319800000000  0.4856080000000  0.4144860000000 1.0
C      1  0.4680200000000  0.4856080000000  0.5855140000000 1.0
C      1  0.5319800000000  0.5143920000000  0.5855140000000 1.0
C      1  0.4856080000000  0.5855140000000  0.4680200000000 1.0
C      1  0.5143920000000  0.5855140000000  0.5319800000000 1.0
C      1  0.4856080000000  0.4144860000000  0.5319800000000 1.0
C      1  0.5855140000000  0.5319800000000  0.5143920000000 1.0
C      1  0.4144860000000  0.5319800000000  0.4856080000000 1.0
C      1  0.5855140000000  0.4680200000000  0.4856080000000 1.0
C      1  0.4680200000000  0.5143920000000  0.5855140000000 1.0
C      1  0.5143920000000  0.4144860000000  0.5319800000000 1.0
C      1  0.4144860000000  0.4680200000000  0.4856080000000 1.0
C      1  0.5319800000000  0.4856080000000  0.5855140000000 1.0
C      1  0.4680200000000  0.4856080000000  0.4144860000000 1.0
C      1  0.5319800000000  0.5143920000000  0.4144860000000 1.0
C      1  0.4856080000000  0.5855140000000  0.5319800000000 1.0
C      1  0.5143920000000  0.5855140000000  0.4680200000000 1.0
C      1  0.4856080000000  0.4144860000000  0.4680200000000 1.0
C      1  0.5855140000000  0.5319800000000  0.4856080000000 1.0
C      1  0.4144860000000  0.5319800000000  0.5143920000000 1.0
C      1  0.5855140000000  0.4680200000000  0.5143920000000 1.0
C      1  0.5129290000000  0.5438950000000  0.4931710000000 1.0
C      1  0.5438950000000  0.4931710000000  0.5129290000000 1.0
C      1  0.4931710000000  0.5129290000000  0.5438950000000 1.0
C      1  0.4870710000000  0.4561050000000  0.4931710000000 1.0
C      1  0.5129290000000  0.4561050000000  0.5068290000000 1.0
C      1  0.4870710000000  0.5438950000000  0.5068290000000 1.0
C      1  0.4561050000000  0.5068290000000  0.5129290000000 1.0
C      1  0.5438950000000  0.5068290000000  0.4870710000000 1.0
C      1  0.4561050000000  0.4931710000000  0.4870710000000 1.0
C      1  0.5068290000000  0.4870710000000  0.5438950000000 1.0
C      1  0.4931710000000  0.4870710000000  0.4561050000000 1.0
C      1  0.5068290000000  0.5129290000000  0.4561050000000 1.0
C      1  0.5129290000000  0.5438950000000  0.5068290000000 1.0
C      1  0.5438950000000  0.4931710000000  0.4870710000000 1.0
C      1  0.4931710000000  0.5129290000000  0.4561050000000 1.0
C      1  0.4870710000000  0.4561050000000  0.5068290000000 1.0
C      1  0.5129290000000  0.4561050000000  0.4931710000000 1.0
C      1  0.4870710000000  0.5438950000000  0.4931710000000 1.0
C      1  0.4561050000000  0.5068290000000  0.4870710000000 1.0
C      1  0.5438950000000  0.5068290000000  0.5129290000000 1.0
C      1  0.4561050000000  0.4931710000000  0.5129290000000 1.0
C      1  0.5068290000000  0.4870710000000  0.4561050000000 1.0
C      1  0.4931710000000  0.4870710000000  0.5438950000000 1.0
C      1  0.5068290000000  0.5129290000000  0.5438950000000 1.0
C      1  0.4726310000000  0.4764440000000  0.5120550000000 1.0
C      1  0.4764440000000  0.5120550000000  0.4726310000000 1.0
C      1  0.5120550000000  0.4726310000000  0.4764440000000 1.0
C      1  0.5273690000000  0.5235560000000  0.5120550000000 1.0
C      1  0.4726310000000  0.5235560000000  0.4879450000000 1.0
C      1  0.5273690000000  0.4764440000000  0.4879450000000 1.0
C      1  0.5235560000000  0.4879450000000  0.4726310000000 1.0
C      1  0.4764440000000  0.4879450000000  0.5273690000000 1.0
C      1  0.5235560000000  0.5120550000000  0.5273690000000 1.0
C      1  0.4879450000000  0.5273690000000  0.4764440000000 1.0
C      1  0.5120550000000  0.5273690000000  0.5235560000000 1.0
C      1  0.4879450000000  0.4726310000000  0.5235560000000 1.0
C      1  0.4726310000000  0.4764440000000  0.4879450000000 1.0
C      1  0.4764440000000  0.5120550000000  0.5273690000000 1.0
C      1  0.5120550000000  0.4726310000000  0.5235560000000 1.0
C      1  0.5273690000000  0.5235560000000  0.4879450000000 1.0
C      1  0.4726310000000  0.5235560000000  0.5120550000000 1.0
C      1  0.5273690000000  0.4764440000000  0.5120550000000 1.0
C      1  0.5235560000000  0.4879450000000  0.5273690000000 1.0
C      1  0.4764440000000  0.4879450000000  0.4726310000000 1.0
C      1  0.5235560000000  0.5120550000000  0.4726310000000 1.0
C      1  0.4879450000000  0.5273690000000  0.5235560000000 1.0
C      1  0.5120550000000  0.5273690000000  0.4764440000000 1.0
C      1  0.4879450000000  0.4726310000000  0.4764440000000 1.0
C      1  0.4677690000000  0.5392590000000  0.4554050000000 1.0
C      1  0.5392590000000  0.4554050000000  0.4677690000000 1.0
C      1  0.4554050000000  0.4677690000000  0.5392590000000 1.0
C      1  0.5322310000000  0.4607410000000  0.4554050000000 1.0
C      1  0.4677690000000  0.4607410000000  0.5445950000000 1.0
C      1  0.5322310000000  0.5392590000000  0.5445950000000 1.0
C      1  0.4607410000000  0.5445950000000  0.4677690000000 1.0
C      1  0.5392590000000  0.5445950000000  0.5322310000000 1.0
C      1  0.4607410000000  0.4554050000000  0.5322310000000 1.0
C      1  0.5445950000000  0.5322310000000  0.5392590000000 1.0
C      1  0.4554050000000  0.5322310000000  0.4607410000000 1.0
C      1  0.5445950000000  0.4677690000000  0.4607410000000 1.0
C      1  0.4677690000000  0.5392590000000  0.5445950000000 1.0
C      1  0.5392590000000  0.4554050000000  0.5322310000000 1.0
C      1  0.4554050000000  0.4677690000000  0.4607410000000 1.0
C      1  0.5322310000000  0.4607410000000  0.5445950000000 1.0
C      1  0.4677690000000  0.4607410000000  0.4554050000000 1.0
C      1  0.5322310000000  0.5392590000000  0.4554050000000 1.0
C      1  0.4607410000000  0.5445950000000  0.5322310000000 1.0
C      1  0.5392590000000  0.5445950000000  0.4677690000000 1.0
C      1  0.4607410000000  0.4554050000000  0.4677690000000 1.0
C      1  0.5445950000000  0.5322310000000  0.4607410000000 1.0
C      1  0.4554050000000  0.5322310000000  0.5392590000000 1.0
C      1  0.5445950000000  0.4677690000000  0.5392590000000 1.0
C      1  0.5715240000000  0.4845970000000  0.5544680000000 1.0
C      1  0.4845970000000  0.5544680000000  0.5715240000000 1.0
C      1  0.5544680000000  0.5715240000000  0.4845970000000 1.0
C      1  0.4284760000000  0.5154030000000  0.5544680000000 1.0
C      1  0.5715240000000  0.5154030000000  0.4455320000000 1.0
C      1  0.4284760000000  0.4845970000000  0.4455320000000 1.0
C      1  0.5154030000000  0.4455320000000  0.5715240000000 1.0
C      1  0.4845970000000  0.4455320000000  0.4284760000000 1.0
C      1  0.5154030000000  0.5544680000000  0.4284760000000 1.0
C      1  0.4455320000000  0.4284760000000  0.4845970000000 1.0
C      1  0.5544680000000  0.4284760000000  0.5154030000000 1.0
C      1  0.4455320000000  0.5715240000000  0.5154030000000 1.0
C      1  0.5715240000000  0.4845970000000  0.4455320000000 1.0
C      1  0.4845970000000  0.5544680000000  0.4284760000000 1.0
C      1  0.5544680000000  0.5715240000000  0.5154030000000 1.0
C      1  0.4284760000000  0.5154030000000  0.4455320000000 1.0
C      1  0.5715240000000  0.5154030000000  0.5544680000000 1.0
C      1  0.4284760000000  0.4845970000000  0.5544680000000 1.0
C      1  0.5154030000000  0.4455320000000  0.4284760000000 1.0
C      1  0.4845970000000  0.4455320000000  0.5715240000000 1.0
C      1  0.5154030000000  0.5544680000000  0.5715240000000 1.0
C      1  0.4455320000000  0.4284760000000  0.5154030000000 1.0
C      1  0.5544680000000  0.4284760000000  0.4845970000000 1.0
C      1  0.4455320000000  0.5715240000000  0.4845970000000 1.0
C      1  0.5725680000000  0.4881210000000  0.5119160000000 1.0
C      1  0.4881210000000  0.5119160000000  0.5725680000000 1.0
C      1  0.5119160000000  0.5725680000000  0.4881210000000 1.0
C      1  0.4274320000000  0.5118790000000  0.5119160000000 1.0
C      1  0.5725680000000  0.5118790000000  0.4880840000000 1.0
C      1  0.4274320000000  0.4881210000000  0.4880840000000 1.0
C      1  0.5118790000000  0.4880840000000  0.5725680000000 1.0
C      1  0.4881210000000  0.4880840000000  0.4274320000000 1.0
C      1  0.5118790000000  0.5119160000000  0.4274320000000 1.0
C      1  0.4880840000000  0.4274320000000  0.4881210000000 1.0
C      1  0.5119160000000  0.4274320000000  0.5118790000000 1.0
C      1  0.4880840000000  0.5725680000000  0.5118790000000 1.0
C      1  0.5725680000000  0.4881210000000  0.4880840000000 1.0
C      1  0.4881210000000  0.5119160000000  0.4274320000000 1.0
C      1  0.5119160000000  0.5725680000000  0.5118790000000 1.0
C      1  0.4274320000000  0.5118790000000  0.4880840000000 1.0
C      1  0.5725680000000  0.5118790000000  0.5119160000000 1.0
C      1  0.4274320000000  0.4881210000000  0.5119160000000 1.0
C      1  0.5118790000000  0.4880840000000  0.4274320000000 1.0
C      1  0.4881210000000  0.4880840000000  0.5725680000000 1.0
C      1  0.5118790000000  0.5119160000000  0.5725680000000 1.0
C      1  0.4880840000000  0.4274320000000  0.5118790000000 1.0
C      1  0.5119160000000  0.4274320000000  0.4881210000000 1.0
C      1  0.4880840000000  0.5725680000000  0.4881210000000 1.0
C      1  0.4827130000000  0.4379420000000  0.4683390000000 1.0
C      1  0.4379420000000  0.4683390000000  0.4827130000000 1.0
C      1  0.4683390000000  0.4827130000000  0.4379420000000 1.0
C      1  0.5172870000000  0.5620580000000  0.4683390000000 1.0
C      1  0.4827130000000  0.5620580000000  0.5316610000000 1.0
C      1  0.5172870000000  0.4379420000000  0.5316610000000 1.0
C      1  0.5620580000000  0.5316610000000  0.4827130000000 1.0
C      1  0.4379420000000  0.5316610000000  0.5172870000000 1.0
C      1  0.5620580000000  0.4683390000000  0.5172870000000 1.0
C      1  0.5316610000000  0.5172870000000  0.4379420000000 1.0
C      1  0.4683390000000  0.5172870000000  0.5620580000000 1.0
C      1  0.5316610000000  0.4827130000000  0.5620580000000 1.0
C      1  0.4827130000000  0.4379420000000  0.5316610000000 1.0
C      1  0.4379420000000  0.4683390000000  0.5172870000000 1.0
C      1  0.4683390000000  0.4827130000000  0.5620580000000 1.0
C      1  0.5172870000000  0.5620580000000  0.5316610000000 1.0
C      1  0.4827130000000  0.5620580000000  0.4683390000000 1.0
C      1  0.5172870000000  0.4379420000000  0.4683390000000 1.0
C      1  0.5620580000000  0.5316610000000  0.5172870000000 1.0
C      1  0.4379420000000  0.5316610000000  0.4827130000000 1.0
C      1  0.5620580000000  0.4683390000000  0.4827130000000 1.0
C      1  0.5316610000000  0.5172870000000  0.5620580000000 1.0
C      1  0.4683390000000  0.5172870000000  0.4379420000000 1.0
C      1  0.5316610000000  0.4827130000000  0.4379420000000 1.0
C      1  0.5131020000000  0.4670610000000  0.5827020000000 1.0
C      1  0.4670610000000  0.5827020000000  0.5131020000000 1.0
C      1  0.5827020000000  0.5131020000000  0.4670610000000 1.0
C      1  0.4868980000000  0.5329390000000  0.5827020000000 1.0
C      1  0.5131020000000  0.5329390000000  0.4172980000000 1.0
C      1  0.4868980000000  0.4670610000000  0.4172980000000 1.0
C      1  0.5329390000000  0.4172980000000  0.5131020000000 1.0
C      1  0.4670610000000  0.4172980000000  0.4868980000000 1.0
C      1  0.5329390000000  0.5827020000000  0.4868980000000 1.0
C      1  0.4172980000000  0.4868980000000  0.4670610000000 1.0
C      1  0.5827020000000  0.4868980000000  0.5329390000000 1.0
C      1  0.4172980000000  0.5131020000000  0.5329390000000 1.0
C      1  0.5131020000000  0.4670610000000  0.4172980000000 1.0
C      1  0.4670610000000  0.5827020000000  0.4868980000000 1.0
C      1  0.5827020000000  0.5131020000000  0.5329390000000 1.0
C      1  0.4868980000000  0.5329390000000  0.4172980000000 1.0
C      1  0.5131020000000  0.5329390000000  0.5827020000000 1.0
C      1  0.4868980000000  0.4670610000000  0.5827020000000 1.0
C      1  0.5329390000000  0.4172980000000  0.4868980000000 1.0
C      1  0.4670610000000  0.4172980000000  0.5131020000000 1.0
C      1  0.5329390000000  0.5827020000000  0.5131020000000 1.0
C      1  0.4172980000000  0.4868980000000  0.5329390000000 1.0
C      1  0.5827020000000  0.4868980000000  0.4670610000000 1.0
C      1  0.4172980000000  0.5131020000000  0.4670610000000 1.0
C      1  0.4477880000000  0.5356510000000  0.4927210000000 1.0
C      1  0.5356510000000  0.4927210000000  0.4477880000000 1.0
C      1  0.4927210000000  0.4477880000000  0.5356510000000 1.0
C      1  0.5522120000000  0.4643490000000  0.4927210000000 1.0
C      1  0.4477880000000  0.4643490000000  0.5072790000000 1.0
C      1  0.5522120000000  0.5356510000000  0.5072790000000 1.0
C      1  0.4643490000000  0.5072790000000  0.4477880000000 1.0
C      1  0.5356510000000  0.5072790000000  0.5522120000000 1.0
C      1  0.4643490000000  0.4927210000000  0.5522120000000 1.0
C      1  0.5072790000000  0.5522120000000  0.5356510000000 1.0
C      1  0.4927210000000  0.5522120000000  0.4643490000000 1.0
C      1  0.5072790000000  0.4477880000000  0.4643490000000 1.0
C      1  0.4477880000000  0.5356510000000  0.5072790000000 1.0
C      1  0.5356510000000  0.4927210000000  0.5522120000000 1.0
C      1  0.4927210000000  0.4477880000000  0.4643490000000 1.0
C      1  0.5522120000000  0.4643490000000  0.5072790000000 1.0
C      1  0.4477880000000  0.4643490000000  0.4927210000000 1.0
C      1  0.5522120000000  0.5356510000000  0.4927210000000 1.0
C      1  0.4643490000000  0.5072790000000  0.5522120000000 1.0
C      1  0.5356510000000  0.5072790000000  0.4477880000000 1.0
C      1  0.4643490000000  0.4927210000000  0.4477880000000 1.0
C      1  0.5072790000000  0.5522120000000  0.4643490000000 1.0
C      1  0.4927210000000  0.5522120000000  0.5356510000000 1.0
C      1  0.5072790000000  0.4477880000000  0.5356510000000 1.0
C      1  0.4617340000000  0.4405750000000  0.5484690000000 1.0
C      1  0.4405750000000  0.5484690000000  0.4617340000000 1.0
C      1  0.5484690000000  0.4617340000000  0.4405750000000 1.0
C      1  0.5382660000000  0.5594250000000  0.5484690000000 1.0
C      1  0.4617340000000  0.5594250000000  0.4515310000000 1.0
C      1  0.5382660000000  0.4405750000000  0.4515310000000 1.0
C      1  0.5594250000000  0.4515310000000  0.4617340000000 1.0
C      1  0.4405750000000  0.4515310000000  0.5382660000000 1.0
C      1  0.5594250000000  0.5484690000000  0.5382660000000 1.0
C      1  0.4515310000000  0.5382660000000  0.4405750000000 1.0
C      1  0.5484690000000  0.5382660000000  0.5594250000000 1.0
C      1  0.4515310000000  0.4617340000000  0.5594250000000 1.0
C      1  0.4617340000000  0.4405750000000  0.4515310000000 1.0
C      1  0.4405750000000  0.5484690000000  0.5382660000000 1.0
C      1  0.5484690000000  0.4617340000000  0.5594250000000 1.0
C      1  0.5382660000000  0.5594250000000  0.4515310000000 1.0
C      1  0.4617340000000  0.5594250000000  0.5484690000000 1.0
C      1  0.5382660000000  0.4405750000000  0.5484690000000 1.0
C      1  0.5594250000000  0.4515310000000  0.5382660000000 1.0
C      1  0.4405750000000  0.4515310000000  0.4617340000000 1.0
C      1  0.5594250000000  0.5484690000000  0.4617340000000 1.0
C      1  0.4515310000000  0.5382660000000  0.5594250000000 1.0
C      1  0.5484690000000  0.5382660000000  0.4405750000000 1.0
C      1  0.4515310000000  0.4617340000000  0.4405750000000 1.0
C      1  0.5650990000000  0.5635370000000  0.4919930000000 1.0
C      1  0.5635370000000  0.4919930000000  0.5650990000000 1.0
C      1  0.4919930000000  0.5650990000000  0.5635370000000 1.0
C      1  0.4349010000000  0.4364630000000  0.4919930000000 1.0
C      1  0.5650990000000  0.4364630000000  0.5080070000000 1.0
C      1  0.4349010000000  0.5635370000000  0.5080070000000 1.0
C      1  0.4364630000000  0.5080070000000  0.5650990000000 1.0
C      1  0.5635370000000  0.5080070000000  0.4349010000000 1.0
C      1  0.4364630000000  0.4919930000000  0.4349010000000 1.0
C      1  0.5080070000000  0.4349010000000  0.5635370000000 1.0
