TITL C-1379267-1329-118 -2.46464681380417e-06 1000000 -2925.3668703024 0 0 420 (Th) n - 1
REM
REM in /nfs/bkarasulu/CARBON/AIRSS/Generating-Clusters/GAP-ML-2020/Higher-Symm/Selected-Sizes/TryA-Only_Ih-Symm/Larger-Clusters/Try2-MINAMP_6A
REM
REM
REM
REM
REM
REM ./C.cell (31579ac4e95a012ec27f3239692ae8a5)
REM
REM compiler GCC version 9.2.1 20190827 (Red Hat 9.2.1-1)
REM options -cpp -mtune=generic -march=x86-64 -g -O0 -fpre-include=/usr/include/finclude/math-vector-fortran.h
REM seed -899340888 -469458708 174408971 -1047578159 -666630253 786389742 -1015558063 -1237859042 877439950 -527259092 -1316181302 1033532064 -2039141692 -1338621082 -1031419232 42147983 -226458230 167557474 1829233517 -428371021 1626767999 854131198 -1792691367 1241092457 1920831785 328610386 823075572 -970680483 1540923274 1778618424 -1330953314 -1154252454 1852903416
REM
CELL 1.54180  100.00000  100.00000  100.00000   90.00000   90.00000   90.00000
LATT -1
SFAC C  
C      1  0.4659820000000  0.4924240000000  0.4732160000000 1.0
C      1  0.4924240000000  0.4732160000000  0.4659820000000 1.0
C      1  0.4732160000000  0.4659820000000  0.4924240000000 1.0
C      1  0.5340180000000  0.5075760000000  0.4732160000000 1.0
C      1  0.4659820000000  0.5075760000000  0.5267840000000 1.0
C      1  0.5340180000000  0.4924240000000  0.5267840000000 1.0
C      1  0.5075760000000  0.5267840000000  0.4659820000000 1.0
C      1  0.4924240000000  0.5267840000000  0.5340180000000 1.0
C      1  0.5075760000000  0.4732160000000  0.5340180000000 1.0
C      1  0.5267840000000  0.5340180000000  0.4924240000000 1.0
C      1  0.4732160000000  0.5340180000000  0.5075760000000 1.0
C      1  0.5267840000000  0.4659820000000  0.5075760000000 1.0
C      1  0.4659820000000  0.4924240000000  0.5267840000000 1.0
C      1  0.4924240000000  0.4732160000000  0.5340180000000 1.0
C      1  0.4732160000000  0.4659820000000  0.5075760000000 1.0
C      1  0.5340180000000  0.5075760000000  0.5267840000000 1.0
C      1  0.4659820000000  0.5075760000000  0.4732160000000 1.0
C      1  0.5340180000000  0.4924240000000  0.4732160000000 1.0
C      1  0.5075760000000  0.5267840000000  0.5340180000000 1.0
C      1  0.4924240000000  0.5267840000000  0.4659820000000 1.0
C      1  0.5075760000000  0.4732160000000  0.4659820000000 1.0
C      1  0.5267840000000  0.5340180000000  0.5075760000000 1.0
C      1  0.4732160000000  0.5340180000000  0.4924240000000 1.0
C      1  0.5267840000000  0.4659820000000  0.4924240000000 1.0
C      1  0.5167550000000  0.4527570000000  0.4372910000000 1.0
C      1  0.4527570000000  0.4372910000000  0.5167550000000 1.0
C      1  0.4372910000000  0.5167550000000  0.4527570000000 1.0
C      1  0.4832450000000  0.5472430000000  0.4372910000000 1.0
C      1  0.5167550000000  0.5472430000000  0.5627090000000 1.0
C      1  0.4832450000000  0.4527570000000  0.5627090000000 1.0
C      1  0.5472430000000  0.5627090000000  0.5167550000000 1.0
C      1  0.4527570000000  0.5627090000000  0.4832450000000 1.0
C      1  0.5472430000000  0.4372910000000  0.4832450000000 1.0
C      1  0.5627090000000  0.4832450000000  0.4527570000000 1.0
C      1  0.4372910000000  0.4832450000000  0.5472430000000 1.0
C      1  0.5627090000000  0.5167550000000  0.5472430000000 1.0
C      1  0.5167550000000  0.4527570000000  0.5627090000000 1.0
C      1  0.4527570000000  0.4372910000000  0.4832450000000 1.0
C      1  0.4372910000000  0.5167550000000  0.5472430000000 1.0
C      1  0.4832450000000  0.5472430000000  0.5627090000000 1.0
C      1  0.5167550000000  0.5472430000000  0.4372910000000 1.0
C      1  0.4832450000000  0.4527570000000  0.4372910000000 1.0
C      1  0.5472430000000  0.5627090000000  0.4832450000000 1.0
C      1  0.4527570000000  0.5627090000000  0.5167550000000 1.0
C      1  0.5472430000000  0.4372910000000  0.5167550000000 1.0
C      1  0.5627090000000  0.4832450000000  0.5472430000000 1.0
C      1  0.4372910000000  0.4832450000000  0.4527570000000 1.0
C      1  0.5627090000000  0.5167550000000  0.4527570000000 1.0
C      1  0.4717610000000  0.5423090000000  0.4321420000000 1.0
C      1  0.5423090000000  0.4321420000000  0.4717610000000 1.0
C      1  0.4321420000000  0.4717610000000  0.5423090000000 1.0
C      1  0.5282390000000  0.4576910000000  0.4321420000000 1.0
C      1  0.4717610000000  0.4576910000000  0.5678580000000 1.0
C      1  0.5282390000000  0.5423090000000  0.5678580000000 1.0
C      1  0.4576910000000  0.5678580000000  0.4717610000000 1.0
C      1  0.5423090000000  0.5678580000000  0.5282390000000 1.0
C      1  0.4576910000000  0.4321420000000  0.5282390000000 1.0
C      1  0.5678580000000  0.5282390000000  0.5423090000000 1.0
C      1  0.4321420000000  0.5282390000000  0.4576910000000 1.0
C      1  0.5678580000000  0.4717610000000  0.4576910000000 1.0
C      1  0.4717610000000  0.5423090000000  0.5678580000000 1.0
C      1  0.5423090000000  0.4321420000000  0.5282390000000 1.0
C      1  0.4321420000000  0.4717610000000  0.4576910000000 1.0
C      1  0.5282390000000  0.4576910000000  0.5678580000000 1.0
C      1  0.4717610000000  0.4576910000000  0.4321420000000 1.0
C      1  0.5282390000000  0.5423090000000  0.4321420000000 1.0
C      1  0.4576910000000  0.5678580000000  0.5282390000000 1.0
C      1  0.5423090000000  0.5678580000000  0.4717610000000 1.0
C      1  0.4576910000000  0.4321420000000  0.4717610000000 1.0
C      1  0.5678580000000  0.5282390000000  0.4576910000000 1.0
C      1  0.4321420000000  0.5282390000000  0.5423090000000 1.0
C      1  0.5678580000000  0.4717610000000  0.5423090000000 1.0
C      1  0.5160020000000  0.4454760000000  0.4501090000000 1.0
C      1  0.4454760000000  0.4501090000000  0.5160020000000 1.0
C      1  0.4501090000000  0.5160020000000  0.4454760000000 1.0
C      1  0.4839980000000  0.5545240000000  0.4501090000000 1.0
C      1  0.5160020000000  0.5545240000000  0.5498910000000 1.0
C      1  0.4839980000000  0.4454760000000  0.5498910000000 1.0
C      1  0.5545240000000  0.5498910000000  0.5160020000000 1.0
C      1  0.4454760000000  0.5498910000000  0.4839980000000 1.0
C      1  0.5545240000000  0.4501090000000  0.4839980000000 1.0
C      1  0.5498910000000  0.4839980000000  0.4454760000000 1.0
C      1  0.4501090000000  0.4839980000000  0.5545240000000 1.0
C      1  0.5498910000000  0.5160020000000  0.5545240000000 1.0
C      1  0.5160020000000  0.4454760000000  0.5498910000000 1.0
C      1  0.4454760000000  0.4501090000000  0.4839980000000 1.0
C      1  0.4501090000000  0.5160020000000  0.5545240000000 1.0
C      1  0.4839980000000  0.5545240000000  0.5498910000000 1.0
C      1  0.5160020000000  0.5545240000000  0.4501090000000 1.0
C      1  0.4839980000000  0.4454760000000  0.4501090000000 1.0
C      1  0.5545240000000  0.5498910000000  0.4839980000000 1.0
C      1  0.4454760000000  0.5498910000000  0.5160020000000 1.0
C      1  0.5545240000000  0.4501090000000  0.5160020000000 1.0
C      1  0.5498910000000  0.4839980000000  0.5545240000000 1.0
C      1  0.4501090000000  0.4839980000000  0.4454760000000 1.0
C      1  0.5498910000000  0.5160020000000  0.4454760000000 1.0
C      1  0.4754220000000  0.5701850000000  0.4886830000000 1.0
C      1  0.5701850000000  0.4886830000000  0.4754220000000 1.0
C      1  0.4886830000000  0.4754220000000  0.5701850000000 1.0
C      1  0.5245780000000  0.4298150000000  0.4886830000000 1.0
C      1  0.4754220000000  0.4298150000000  0.5113170000000 1.0
C      1  0.5245780000000  0.5701850000000  0.5113170000000 1.0
C      1  0.4298150000000  0.5113170000000  0.4754220000000 1.0
C      1  0.5701850000000  0.5113170000000  0.5245780000000 1.0
C      1  0.4298150000000  0.4886830000000  0.5245780000000 1.0
C      1  0.5113170000000  0.5245780000000  0.5701850000000 1.0
C      1  0.4886830000000  0.5245780000000  0.4298150000000 1.0
C      1  0.5113170000000  0.4754220000000  0.4298150000000 1.0
C      1  0.4754220000000  0.5701850000000  0.5113170000000 1.0
C      1  0.5701850000000  0.4886830000000  0.5245780000000 1.0
C      1  0.4886830000000  0.4754220000000  0.4298150000000 1.0
C      1  0.5245780000000  0.4298150000000  0.5113170000000 1.0
C      1  0.4754220000000  0.4298150000000  0.4886830000000 1.0
C      1  0.5245780000000  0.5701850000000  0.4886830000000 1.0
C      1  0.4298150000000  0.5113170000000  0.5245780000000 1.0
C      1  0.5701850000000  0.5113170000000  0.4754220000000 1.0
C      1  0.4298150000000  0.4886830000000  0.4754220000000 1.0
C      1  0.5113170000000  0.5245780000000  0.4298150000000 1.0
C      1  0.4886830000000  0.5245780000000  0.5701850000000 1.0
C      1  0.5113170000000  0.4754220000000  0.5701850000000 1.0
C      1  0.4480670000000  0.4926630000000  0.4927210000000 1.0
C      1  0.4926630000000  0.4927210000000  0.4480670000000 1.0
C      1  0.4927210000000  0.4480670000000  0.4926630000000 1.0
C      1  0.5519330000000  0.5073370000000  0.4927210000000 1.0
C      1  0.4480670000000  0.5073370000000  0.5072790000000 1.0
C      1  0.5519330000000  0.4926630000000  0.5072790000000 1.0
C      1  0.5073370000000  0.5072790000000  0.4480670000000 1.0
C      1  0.4926630000000  0.5072790000000  0.5519330000000 1.0
C      1  0.5073370000000  0.4927210000000  0.5519330000000 1.0
C      1  0.5072790000000  0.5519330000000  0.4926630000000 1.0
C      1  0.4927210000000  0.5519330000000  0.5073370000000 1.0
C      1  0.5072790000000  0.4480670000000  0.5073370000000 1.0
C      1  0.4480670000000  0.4926630000000  0.5072790000000 1.0
C      1  0.4926630000000  0.4927210000000  0.5519330000000 1.0
C      1  0.4927210000000  0.4480670000000  0.5073370000000 1.0
C      1  0.5519330000000  0.5073370000000  0.5072790000000 1.0
C      1  0.4480670000000  0.5073370000000  0.4927210000000 1.0
C      1  0.5519330000000  0.4926630000000  0.4927210000000 1.0
C      1  0.5073370000000  0.5072790000000  0.5519330000000 1.0
C      1  0.4926630000000  0.5072790000000  0.4480670000000 1.0
C      1  0.5073370000000  0.4927210000000  0.4480670000000 1.0
C      1  0.5072790000000  0.5519330000000  0.5073370000000 1.0
C      1  0.4927210000000  0.5519330000000  0.4926630000000 1.0
C      1  0.5072790000000  0.4480670000000  0.4926630000000 1.0
C      1  0.4929080000000  0.5837100000000  0.5099440000000 1.0
C      1  0.5837100000000  0.5099440000000  0.4929080000000 1.0
C      1  0.5099440000000  0.4929080000000  0.5837100000000 1.0
C      1  0.5070920000000  0.4162900000000  0.5099440000000 1.0
C      1  0.4929080000000  0.4162900000000  0.4900560000000 1.0
C      1  0.5070920000000  0.5837100000000  0.4900560000000 1.0
C      1  0.4162900000000  0.4900560000000  0.4929080000000 1.0
C      1  0.5837100000000  0.4900560000000  0.5070920000000 1.0
C      1  0.4162900000000  0.5099440000000  0.5070920000000 1.0
C      1  0.4900560000000  0.5070920000000  0.5837100000000 1.0
C      1  0.5099440000000  0.5070920000000  0.4162900000000 1.0
C      1  0.4900560000000  0.4929080000000  0.4162900000000 1.0
C      1  0.4929080000000  0.5837100000000  0.4900560000000 1.0
C      1  0.5837100000000  0.5099440000000  0.5070920000000 1.0
C      1  0.5099440000000  0.4929080000000  0.4162900000000 1.0
C      1  0.5070920000000  0.4162900000000  0.4900560000000 1.0
C      1  0.4929080000000  0.4162900000000  0.5099440000000 1.0
C      1  0.5070920000000  0.5837100000000  0.5099440000000 1.0
C      1  0.4162900000000  0.4900560000000  0.5070920000000 1.0
C      1  0.5837100000000  0.4900560000000  0.4929080000000 1.0
C      1  0.4162900000000  0.5099440000000  0.4929080000000 1.0
C      1  0.4900560000000  0.5070920000000  0.4162900000000 1.0
C      1  0.5099440000000  0.5070920000000  0.5837100000000 1.0
C      1  0.4900560000000  0.4929080000000  0.5837100000000 1.0
C      1  0.4543670000000  0.4606100000000  0.4493720000000 1.0
C      1  0.4606100000000  0.4493720000000  0.4543670000000 1.0
C      1  0.4493720000000  0.4543670000000  0.4606100000000 1.0
C      1  0.5456330000000  0.5393900000000  0.4493720000000 1.0
C      1  0.4543670000000  0.5393900000000  0.5506280000000 1.0
C      1  0.5456330000000  0.4606100000000  0.5506280000000 1.0
C      1  0.5393900000000  0.5506280000000  0.4543670000000 1.0
C      1  0.4606100000000  0.5506280000000  0.5456330000000 1.0
C      1  0.5393900000000  0.4493720000000  0.5456330000000 1.0
C      1  0.5506280000000  0.5456330000000  0.4606100000000 1.0
C      1  0.4493720000000  0.5456330000000  0.5393900000000 1.0
C      1  0.5506280000000  0.4543670000000  0.5393900000000 1.0
C      1  0.4543670000000  0.4606100000000  0.5506280000000 1.0
C      1  0.4606100000000  0.4493720000000  0.5456330000000 1.0
C      1  0.4493720000000  0.4543670000000  0.5393900000000 1.0
C      1  0.5456330000000  0.5393900000000  0.5506280000000 1.0
C      1  0.4543670000000  0.5393900000000  0.4493720000000 1.0
C      1  0.5456330000000  0.4606100000000  0.4493720000000 1.0
C      1  0.5393900000000  0.5506280000000  0.5456330000000 1.0
C      1  0.4606100000000  0.5506280000000  0.4543670000000 1.0
C      1  0.5393900000000  0.4493720000000  0.4543670000000 1.0
C      1  0.5506280000000  0.5456330000000  0.5393900000000 1.0
C      1  0.4493720000000  0.5456330000000  0.4606100000000 1.0
C      1  0.5506280000000  0.4543670000000  0.4606100000000 1.0
C      1  0.4822260000000  0.4430460000000  0.4854430000000 1.0
C      1  0.4430460000000  0.4854430000000  0.4822260000000 1.0
C      1  0.4854430000000  0.4822260000000  0.4430460000000 1.0
C      1  0.5177740000000  0.5569540000000  0.4854430000000 1.0
C      1  0.4822260000000  0.5569540000000  0.5145570000000 1.0
C      1  0.5177740000000  0.4430460000000  0.5145570000000 1.0
C      1  0.5569540000000  0.5145570000000  0.4822260000000 1.0
C      1  0.4430460000000  0.5145570000000  0.5177740000000 1.0
C      1  0.5569540000000  0.4854430000000  0.5177740000000 1.0
C      1  0.5145570000000  0.5177740000000  0.4430460000000 1.0
C      1  0.4854430000000  0.5177740000000  0.5569540000000 1.0
C      1  0.5145570000000  0.4822260000000  0.5569540000000 1.0
C      1  0.4822260000000  0.4430460000000  0.5145570000000 1.0
C      1  0.4430460000000  0.4854430000000  0.5177740000000 1.0
C      1  0.4854430000000  0.4822260000000  0.5569540000000 1.0
C      1  0.5177740000000  0.5569540000000  0.5145570000000 1.0
C      1  0.4822260000000  0.5569540000000  0.4854430000000 1.0
C      1  0.5177740000000  0.4430460000000  0.4854430000000 1.0
C      1  0.5569540000000  0.5145570000000  0.5177740000000 1.0
C      1  0.4430460000000  0.5145570000000  0.4822260000000 1.0
C      1  0.5569540000000  0.4854430000000  0.4822260000000 1.0
C      1  0.5145570000000  0.5177740000000  0.5569540000000 1.0
C      1  0.4854430000000  0.5177740000000  0.4430460000000 1.0
C      1  0.5145570000000  0.4822260000000  0.4430460000000 1.0
C      1  0.4608230000000  0.5070610000000  0.4505550000000 1.0
C      1  0.5070610000000  0.4505550000000  0.4608230000000 1.0
C      1  0.4505550000000  0.4608230000000  0.5070610000000 1.0
C      1  0.5391770000000  0.4929390000000  0.4505550000000 1.0
C      1  0.4608230000000  0.4929390000000  0.5494450000000 1.0
C      1  0.5391770000000  0.5070610000000  0.5494450000000 1.0
C      1  0.4929390000000  0.5494450000000  0.4608230000000 1.0
C      1  0.5070610000000  0.5494450000000  0.5391770000000 1.0
C      1  0.4929390000000  0.4505550000000  0.5391770000000 1.0
C      1  0.5494450000000  0.5391770000000  0.5070610000000 1.0
C      1  0.4505550000000  0.5391770000000  0.4929390000000 1.0
C      1  0.5494450000000  0.4608230000000  0.4929390000000 1.0
C      1  0.4608230000000  0.5070610000000  0.5494450000000 1.0
C      1  0.5070610000000  0.4505550000000  0.5391770000000 1.0
C      1  0.4505550000000  0.4608230000000  0.4929390000000 1.0
C      1  0.5391770000000  0.4929390000000  0.5494450000000 1.0
C      1  0.4608230000000  0.4929390000000  0.4505550000000 1.0
C      1  0.5391770000000  0.5070610000000  0.4505550000000 1.0
C      1  0.4929390000000  0.5494450000000  0.5391770000000 1.0
C      1  0.5070610000000  0.5494450000000  0.4608230000000 1.0
C      1  0.4929390000000  0.4505550000000  0.4608230000000 1.0
C      1  0.5494450000000  0.5391770000000  0.4929390000000 1.0
C      1  0.4505550000000  0.5391770000000  0.5070610000000 1.0
C      1  0.5494450000000  0.4608230000000  0.5070610000000 1.0
C      1  0.5291830000000  0.5130170000000  0.4607430000000 1.0
C      1  0.5130170000000  0.4607430000000  0.5291830000000 1.0
C      1  0.4607430000000  0.5291830000000  0.5130170000000 1.0
C      1  0.4708170000000  0.4869830000000  0.4607430000000 1.0
C      1  0.5291830000000  0.4869830000000  0.5392570000000 1.0
C      1  0.4708170000000  0.5130170000000  0.5392570000000 1.0
C      1  0.4869830000000  0.5392570000000  0.5291830000000 1.0
C      1  0.5130170000000  0.5392570000000  0.4708170000000 1.0
C      1  0.4869830000000  0.4607430000000  0.4708170000000 1.0
C      1  0.5392570000000  0.4708170000000  0.5130170000000 1.0
C      1  0.4607430000000  0.4708170000000  0.4869830000000 1.0
C      1  0.5392570000000  0.5291830000000  0.4869830000000 1.0
C      1  0.5291830000000  0.5130170000000  0.5392570000000 1.0
C      1  0.5130170000000  0.4607430000000  0.4708170000000 1.0
C      1  0.4607430000000  0.5291830000000  0.4869830000000 1.0
C      1  0.4708170000000  0.4869830000000  0.5392570000000 1.0
C      1  0.5291830000000  0.4869830000000  0.4607430000000 1.0
C      1  0.4708170000000  0.5130170000000  0.4607430000000 1.0
C      1  0.4869830000000  0.5392570000000  0.4708170000000 1.0
C      1  0.5130170000000  0.5392570000000  0.5291830000000 1.0
C      1  0.4869830000000  0.4607430000000  0.5291830000000 1.0
C      1  0.5392570000000  0.4708170000000  0.4869830000000 1.0
C      1  0.4607430000000  0.4708170000000  0.5130170000000 1.0
C      1  0.5392570000000  0.5291830000000  0.5130170000000 1.0
C      1  0.4744280000000  0.4793850000000  0.4254120000000 1.0
C      1  0.4793850000000  0.4254120000000  0.4744280000000 1.0
C      1  0.4254120000000  0.4744280000000  0.4793850000000 1.0
C      1  0.5255720000000  0.5206150000000  0.4254120000000 1.0
C      1  0.4744280000000  0.5206150000000  0.5745880000000 1.0
C      1  0.5255720000000  0.4793850000000  0.5745880000000 1.0
C      1  0.5206150000000  0.5745880000000  0.4744280000000 1.0
C      1  0.4793850000000  0.5745880000000  0.5255720000000 1.0
C      1  0.5206150000000  0.4254120000000  0.5255720000000 1.0
C      1  0.5745880000000  0.5255720000000  0.4793850000000 1.0
C      1  0.4254120000000  0.5255720000000  0.5206150000000 1.0
C      1  0.5745880000000  0.4744280000000  0.5206150000000 1.0
C      1  0.4744280000000  0.4793850000000  0.5745880000000 1.0
C      1  0.4793850000000  0.4254120000000  0.5255720000000 1.0
C      1  0.4254120000000  0.4744280000000  0.5206150000000 1.0
C      1  0.5255720000000  0.5206150000000  0.5745880000000 1.0
C      1  0.4744280000000  0.5206150000000  0.4254120000000 1.0
C      1  0.5255720000000  0.4793850000000  0.4254120000000 1.0
C      1  0.5206150000000  0.5745880000000  0.5255720000000 1.0
C      1  0.4793850000000  0.5745880000000  0.4744280000000 1.0
C      1  0.5206150000000  0.4254120000000  0.4744280000000 1.0
C      1  0.5745880000000  0.5255720000000  0.5206150000000 1.0
C      1  0.4254120000000  0.5255720000000  0.4793850000000 1.0
C      1  0.5745880000000  0.4744280000000  0.4793850000000 1.0
C      1  0.5385270000000  0.4315140000000  0.4930120000000 1.0
C      1  0.4315140000000  0.4930120000000  0.5385270000000 1.0
C      1  0.4930120000000  0.5385270000000  0.4315140000000 1.0
C      1  0.4614730000000  0.5684860000000  0.4930120000000 1.0
C      1  0.5385270000000  0.5684860000000  0.5069880000000 1.0
C      1  0.4614730000000  0.4315140000000  0.5069880000000 1.0
C      1  0.5684860000000  0.5069880000000  0.5385270000000 1.0
C      1  0.4315140000000  0.5069880000000  0.4614730000000 1.0
C      1  0.5684860000000  0.4930120000000  0.4614730000000 1.0
C      1  0.5069880000000  0.4614730000000  0.4315140000000 1.0
C      1  0.4930120000000  0.4614730000000  0.5684860000000 1.0
C      1  0.5069880000000  0.5385270000000  0.5684860000000 1.0
C      1  0.5385270000000  0.4315140000000  0.5069880000000 1.0
C      1  0.4315140000000  0.4930120000000  0.4614730000000 1.0
C      1  0.4930120000000  0.5385270000000  0.5684860000000 1.0
C      1  0.4614730000000  0.5684860000000  0.5069880000000 1.0
C      1  0.5385270000000  0.5684860000000  0.4930120000000 1.0
C      1  0.4614730000000  0.4315140000000  0.4930120000000 1.0
C      1  0.5684860000000  0.5069880000000  0.4614730000000 1.0
C      1  0.4315140000000  0.5069880000000  0.5385270000000 1.0
C      1  0.5684860000000  0.4930120000000  0.5385270000000 1.0
C      1  0.5069880000000  0.4614730000000  0.5684860000000 1.0
C      1  0.4930120000000  0.4614730000000  0.4315140000000 1.0
C      1  0.5069880000000  0.5385270000000  0.4315140000000 1.0
C      1  0.5189930000000  0.4570170000000  0.4835450000000 1.0
C      1  0.4570170000000  0.4835450000000  0.5189930000000 1.0
C      1  0.4835450000000  0.5189930000000  0.4570170000000 1.0
C      1  0.4810070000000  0.5429830000000  0.4835450000000 1.0
C      1  0.5189930000000  0.5429830000000  0.5164550000000 1.0
C      1  0.4810070000000  0.4570170000000  0.5164550000000 1.0
C      1  0.5429830000000  0.5164550000000  0.5189930000000 1.0
C      1  0.4570170000000  0.5164550000000  0.4810070000000 1.0
C      1  0.5429830000000  0.4835450000000  0.4810070000000 1.0
C      1  0.5164550000000  0.4810070000000  0.4570170000000 1.0
C      1  0.4835450000000  0.4810070000000  0.5429830000000 1.0
C      1  0.5164550000000  0.5189930000000  0.5429830000000 1.0
C      1  0.5189930000000  0.4570170000000  0.5164550000000 1.0
C      1  0.4570170000000  0.4835450000000  0.4810070000000 1.0
C      1  0.4835450000000  0.5189930000000  0.5429830000000 1.0
C      1  0.4810070000000  0.5429830000000  0.5164550000000 1.0
C      1  0.5189930000000  0.5429830000000  0.4835450000000 1.0
C      1  0.4810070000000  0.4570170000000  0.4835450000000 1.0
C      1  0.5429830000000  0.5164550000000  0.4810070000000 1.0
C      1  0.4570170000000  0.5164550000000  0.5189930000000 1.0
C      1  0.5429830000000  0.4835450000000  0.5189930000000 1.0
C      1  0.5164550000000  0.4810070000000  0.5429830000000 1.0
C      1  0.4835450000000  0.4810070000000  0.4570170000000 1.0
C      1  0.5164550000000  0.5189930000000  0.4570170000000 1.0
C      1  0.4754310000000  0.4925430000000  0.4200820000000 1.0
C      1  0.4925430000000  0.4200820000000  0.4754310000000 1.0
C      1  0.4200820000000  0.4754310000000  0.4925430000000 1.0
C      1  0.5245690000000  0.5074570000000  0.4200820000000 1.0
C      1  0.4754310000000  0.5074570000000  0.5799180000000 1.0
C      1  0.5245690000000  0.4925430000000  0.5799180000000 1.0
C      1  0.5074570000000  0.5799180000000  0.4754310000000 1.0
C      1  0.4925430000000  0.5799180000000  0.5245690000000 1.0
C      1  0.5074570000000  0.4200820000000  0.5245690000000 1.0
C      1  0.5799180000000  0.5245690000000  0.4925430000000 1.0
C      1  0.4200820000000  0.5245690000000  0.5074570000000 1.0
C      1  0.5799180000000  0.4754310000000  0.5074570000000 1.0
C      1  0.4754310000000  0.4925430000000  0.5799180000000 1.0
C      1  0.4925430000000  0.4200820000000  0.5245690000000 1.0
C      1  0.4200820000000  0.4754310000000  0.5074570000000 1.0
C      1  0.5245690000000  0.5074570000000  0.5799180000000 1.0
C      1  0.4754310000000  0.5074570000000  0.4200820000000 1.0
C      1  0.5245690000000  0.4925430000000  0.4200820000000 1.0
C      1  0.5074570000000  0.5799180000000  0.5245690000000 1.0
C      1  0.4925430000000  0.5799180000000  0.4754310000000 1.0
C      1  0.5074570000000  0.4200820000000  0.4754310000000 1.0
C      1  0.5799180000000  0.5245690000000  0.5074570000000 1.0
C      1  0.4200820000000  0.5245690000000  0.4925430000000 1.0
C      1  0.5799180000000  0.4754310000000  0.4925430000000 1.0
C      1  0.4698720000000  0.4310430000000  0.5346160000000 1.0
C      1  0.4310430000000  0.5346160000000  0.4698720000000 1.0
C      1  0.5346160000000  0.4698720000000  0.4310430000000 1.0
C      1  0.5301280000000  0.5689570000000  0.5346160000000 1.0
C      1  0.4698720000000  0.5689570000000  0.4653840000000 1.0
C      1  0.5301280000000  0.4310430000000  0.4653840000000 1.0
C      1  0.5689570000000  0.4653840000000  0.4698720000000 1.0
C      1  0.4310430000000  0.4653840000000  0.5301280000000 1.0
C      1  0.5689570000000  0.5346160000000  0.5301280000000 1.0
C      1  0.4653840000000  0.5301280000000  0.4310430000000 1.0
C      1  0.5346160000000  0.5301280000000  0.5689570000000 1.0
C      1  0.4653840000000  0.4698720000000  0.5689570000000 1.0
C      1  0.4698720000000  0.4310430000000  0.4653840000000 1.0
C      1  0.4310430000000  0.5346160000000  0.5301280000000 1.0
C      1  0.5346160000000  0.4698720000000  0.5689570000000 1.0
C      1  0.5301280000000  0.5689570000000  0.4653840000000 1.0
C      1  0.4698720000000  0.5689570000000  0.5346160000000 1.0
C      1  0.5301280000000  0.4310430000000  0.5346160000000 1.0
C      1  0.5689570000000  0.4653840000000  0.5301280000000 1.0
C      1  0.4310430000000  0.4653840000000  0.4698720000000 1.0
C      1  0.5689570000000  0.5346160000000  0.4698720000000 1.0
C      1  0.4653840000000  0.5301280000000  0.5689570000000 1.0
C      1  0.5346160000000  0.5301280000000  0.4310430000000 1.0
C      1  0.4653840000000  0.4698720000000  0.4310430000000 1.0
C      1  0.5284220000000  0.5593890000000  0.4549580000000 1.0
C      1  0.5593890000000  0.4549580000000  0.5284220000000 1.0
C      1  0.4549580000000  0.5284220000000  0.5593890000000 1.0
C      1  0.4715780000000  0.4406110000000  0.4549580000000 1.0
C      1  0.5284220000000  0.4406110000000  0.5450420000000 1.0
C      1  0.4715780000000  0.5593890000000  0.5450420000000 1.0
C      1  0.4406110000000  0.5450420000000  0.5284220000000 1.0
C      1  0.5593890000000  0.5450420000000  0.4715780000000 1.0
C      1  0.4406110000000  0.4549580000000  0.4715780000000 1.0
C      1  0.5450420000000  0.4715780000000  0.5593890000000 1.0
C      1  0.4549580000000  0.4715780000000  0.4406110000000 1.0
C      1  0.5450420000000  0.5284220000000  0.4406110000000 1.0
C      1  0.5284220000000  0.5593890000000  0.5450420000000 1.0
C      1  0.5593890000000  0.4549580000000  0.4715780000000 1.0
C      1  0.4549580000000  0.5284220000000  0.4406110000000 1.0
C      1  0.4715780000000  0.4406110000000  0.5450420000000 1.0
C      1  0.5284220000000  0.4406110000000  0.4549580000000 1.0
C      1  0.4715780000000  0.5593890000000  0.4549580000000 1.0
C      1  0.4406110000000  0.5450420000000  0.4715780000000 1.0
C      1  0.5593890000000  0.5450420000000  0.5284220000000 1.0
C      1  0.4406110000000  0.4549580000000  0.5284220000000 1.0
C      1  0.5450420000000  0.4715780000000  0.4406110000000 1.0
C      1  0.4549580000000  0.4715780000000  0.5593890000000 1.0
C      1  0.5450420000000  0.5284220000000  0.5593890000000 1.0
C      1  0.5169940000000  0.4213390000000  0.5000000000000 1.0
C      1  0.4213390000000  0.5000000000000  0.5169940000000 1.0
C      1  0.5000000000000  0.5169940000000  0.4213390000000 1.0
C      1  0.4830060000000  0.5786610000000  0.5000000000000 1.0
C      1  0.5169940000000  0.5786610000000  0.5000000000000 1.0
C      1  0.4830060000000  0.4213390000000  0.5000000000000 1.0
C      1  0.5786610000000  0.5000000000000  0.5169940000000 1.0
C      1  0.4213390000000  0.5000000000000  0.4830060000000 1.0
C      1  0.5786610000000  0.5000000000000  0.4830060000000 1.0
C      1  0.5000000000000  0.4830060000000  0.5786610000000 1.0
C      1  0.5000000000000  0.4830060000000  0.4213390000000 1.0
C      1  0.5000000000000  0.5169940000000  0.5786610000000 1.0
END
