TITL C-1379266-1300-402 2.30589005973654e-06 1000000 -3856.67371831184 0 0 540 (Th) n - 1
REM
REM in /nfs/bkarasulu/CARBON/AIRSS/Generating-Clusters/GAP-ML-2020/Higher-Symm/Selected-Sizes/TryA-Only_Ih-Symm/Larger-Clusters/Try2-MINAMP_6A
REM
REM
REM
REM
REM
REM ./C.cell (31579ac4e95a012ec27f3239692ae8a5)
REM
REM compiler GCC version 9.2.1 20190827 (Red Hat 9.2.1-1)
REM options -cpp -mtune=generic -march=x86-64 -g -O0 -fpre-include=/usr/include/finclude/math-vector-fortran.h
REM seed -655826371 931187344 -1752348667 1523710176 -2127933315 273470396 -2063696195 -659080940 1176618397 -268851990 2144211942 -1078946065 -25655115 768751789 347684677 -100189547 1349780944 -1916162674 1543957195 357448577 2100144575 1895368278 319903935 285411589 -1330113680 -1706823261 1607936169 775332982 171539212 -614596349 397035406 684174457 -1596521380
REM
CELL 1.54180  100.00000  100.00000  100.00000   90.00000   90.00000   90.00000
LATT -1
SFAC C  
C      1  0.5074380000000  0.5180950000000  0.5899950000000 1.0
C      1  0.5180950000000  0.5899950000000  0.5074380000000 1.0
C      1  0.5899950000000  0.5074380000000  0.5180950000000 1.0
C      1  0.4925620000000  0.4819050000000  0.5899950000000 1.0
C      1  0.5074380000000  0.4819050000000  0.4100050000000 1.0
C      1  0.4925620000000  0.5180950000000  0.4100050000000 1.0
C      1  0.4819050000000  0.4100050000000  0.5074380000000 1.0
C      1  0.5180950000000  0.4100050000000  0.4925620000000 1.0
C      1  0.4819050000000  0.5899950000000  0.4925620000000 1.0
C      1  0.4100050000000  0.4925620000000  0.5180950000000 1.0
C      1  0.5899950000000  0.4925620000000  0.4819050000000 1.0
C      1  0.4100050000000  0.5074380000000  0.4819050000000 1.0
C      1  0.5074380000000  0.5180950000000  0.4100050000000 1.0
C      1  0.5180950000000  0.5899950000000  0.4925620000000 1.0
C      1  0.5899950000000  0.5074380000000  0.4819050000000 1.0
C      1  0.4925620000000  0.4819050000000  0.4100050000000 1.0
C      1  0.5074380000000  0.4819050000000  0.5899950000000 1.0
C      1  0.4925620000000  0.5180950000000  0.5899950000000 1.0
C      1  0.4819050000000  0.4100050000000  0.4925620000000 1.0
C      1  0.5180950000000  0.4100050000000  0.5074380000000 1.0
C      1  0.4819050000000  0.5899950000000  0.5074380000000 1.0
C      1  0.4100050000000  0.4925620000000  0.4819050000000 1.0
C      1  0.5899950000000  0.4925620000000  0.5180950000000 1.0
C      1  0.4100050000000  0.5074380000000  0.5180950000000 1.0
C      1  0.4823700000000  0.4419970000000  0.5630770000000 1.0
C      1  0.4419970000000  0.5630770000000  0.4823700000000 1.0
C      1  0.5630770000000  0.4823700000000  0.4419970000000 1.0
C      1  0.5176300000000  0.5580030000000  0.5630770000000 1.0
C      1  0.4823700000000  0.5580030000000  0.4369230000000 1.0
C      1  0.5176300000000  0.4419970000000  0.4369230000000 1.0
C      1  0.5580030000000  0.4369230000000  0.4823700000000 1.0
C      1  0.4419970000000  0.4369230000000  0.5176300000000 1.0
C      1  0.5580030000000  0.5630770000000  0.5176300000000 1.0
C      1  0.4369230000000  0.5176300000000  0.4419970000000 1.0
C      1  0.5630770000000  0.5176300000000  0.5580030000000 1.0
C      1  0.4369230000000  0.4823700000000  0.5580030000000 1.0
C      1  0.4823700000000  0.4419970000000  0.4369230000000 1.0
C      1  0.4419970000000  0.5630770000000  0.5176300000000 1.0
C      1  0.5630770000000  0.4823700000000  0.5580030000000 1.0
C      1  0.5176300000000  0.5580030000000  0.4369230000000 1.0
C      1  0.4823700000000  0.5580030000000  0.5630770000000 1.0
C      1  0.5176300000000  0.4419970000000  0.5630770000000 1.0
C      1  0.5580030000000  0.4369230000000  0.5176300000000 1.0
C      1  0.4419970000000  0.4369230000000  0.4823700000000 1.0
C      1  0.5580030000000  0.5630770000000  0.4823700000000 1.0
C      1  0.4369230000000  0.5176300000000  0.5580030000000 1.0
C      1  0.5630770000000  0.5176300000000  0.4419970000000 1.0
C      1  0.4369230000000  0.4823700000000  0.4419970000000 1.0
C      1  0.5376770000000  0.5136750000000  0.4580540000000 1.0
C      1  0.5136750000000  0.4580540000000  0.5376770000000 1.0
C      1  0.4580540000000  0.5376770000000  0.5136750000000 1.0
C      1  0.4623230000000  0.4863250000000  0.4580540000000 1.0
C      1  0.5376770000000  0.4863250000000  0.5419460000000 1.0
C      1  0.4623230000000  0.5136750000000  0.5419460000000 1.0
C      1  0.4863250000000  0.5419460000000  0.5376770000000 1.0
C      1  0.5136750000000  0.5419460000000  0.4623230000000 1.0
C      1  0.4863250000000  0.4580540000000  0.4623230000000 1.0
C      1  0.5419460000000  0.4623230000000  0.5136750000000 1.0
C      1  0.4580540000000  0.4623230000000  0.4863250000000 1.0
C      1  0.5419460000000  0.5376770000000  0.4863250000000 1.0
C      1  0.5376770000000  0.5136750000000  0.5419460000000 1.0
C      1  0.5136750000000  0.4580540000000  0.4623230000000 1.0
C      1  0.4580540000000  0.5376770000000  0.4863250000000 1.0
C      1  0.4623230000000  0.4863250000000  0.5419460000000 1.0
C      1  0.5376770000000  0.4863250000000  0.4580540000000 1.0
C      1  0.4623230000000  0.5136750000000  0.4580540000000 1.0
C      1  0.4863250000000  0.5419460000000  0.4623230000000 1.0
C      1  0.5136750000000  0.5419460000000  0.5376770000000 1.0
C      1  0.4863250000000  0.4580540000000  0.5376770000000 1.0
C      1  0.5419460000000  0.4623230000000  0.4863250000000 1.0
C      1  0.4580540000000  0.4623230000000  0.5136750000000 1.0
C      1  0.5419460000000  0.5376770000000  0.5136750000000 1.0
C      1  0.5657350000000  0.4530790000000  0.5365910000000 1.0
C      1  0.4530790000000  0.5365910000000  0.5657350000000 1.0
C      1  0.5365910000000  0.5657350000000  0.4530790000000 1.0
C      1  0.4342650000000  0.5469210000000  0.5365910000000 1.0
C      1  0.5657350000000  0.5469210000000  0.4634090000000 1.0
C      1  0.4342650000000  0.4530790000000  0.4634090000000 1.0
C      1  0.5469210000000  0.4634090000000  0.5657350000000 1.0
C      1  0.4530790000000  0.4634090000000  0.4342650000000 1.0
C      1  0.5469210000000  0.5365910000000  0.4342650000000 1.0
C      1  0.4634090000000  0.4342650000000  0.4530790000000 1.0
C      1  0.5365910000000  0.4342650000000  0.5469210000000 1.0
C      1  0.4634090000000  0.5657350000000  0.5469210000000 1.0
C      1  0.5657350000000  0.4530790000000  0.4634090000000 1.0
C      1  0.4530790000000  0.5365910000000  0.4342650000000 1.0
C      1  0.5365910000000  0.5657350000000  0.5469210000000 1.0
C      1  0.4342650000000  0.5469210000000  0.4634090000000 1.0
C      1  0.5657350000000  0.5469210000000  0.5365910000000 1.0
C      1  0.4342650000000  0.4530790000000  0.5365910000000 1.0
C      1  0.5469210000000  0.4634090000000  0.4342650000000 1.0
C      1  0.4530790000000  0.4634090000000  0.5657350000000 1.0
C      1  0.5469210000000  0.5365910000000  0.5657350000000 1.0
C      1  0.4634090000000  0.4342650000000  0.5469210000000 1.0
C      1  0.5365910000000  0.4342650000000  0.4530790000000 1.0
C      1  0.4634090000000  0.5657350000000  0.4530790000000 1.0
C      1  0.5720400000000  0.4821250000000  0.5464260000000 1.0
C      1  0.4821250000000  0.5464260000000  0.5720400000000 1.0
C      1  0.5464260000000  0.5720400000000  0.4821250000000 1.0
C      1  0.4279600000000  0.5178750000000  0.5464260000000 1.0
C      1  0.5720400000000  0.5178750000000  0.4535740000000 1.0
C      1  0.4279600000000  0.4821250000000  0.4535740000000 1.0
C      1  0.5178750000000  0.4535740000000  0.5720400000000 1.0
C      1  0.4821250000000  0.4535740000000  0.4279600000000 1.0
C      1  0.5178750000000  0.5464260000000  0.4279600000000 1.0
C      1  0.4535740000000  0.4279600000000  0.4821250000000 1.0
C      1  0.5464260000000  0.4279600000000  0.5178750000000 1.0
C      1  0.4535740000000  0.5720400000000  0.5178750000000 1.0
C      1  0.5720400000000  0.4821250000000  0.4535740000000 1.0
C      1  0.4821250000000  0.5464260000000  0.4279600000000 1.0
C      1  0.5464260000000  0.5720400000000  0.5178750000000 1.0
C      1  0.4279600000000  0.5178750000000  0.4535740000000 1.0
C      1  0.5720400000000  0.5178750000000  0.5464260000000 1.0
C      1  0.4279600000000  0.4821250000000  0.5464260000000 1.0
C      1  0.5178750000000  0.4535740000000  0.4279600000000 1.0
C      1  0.4821250000000  0.4535740000000  0.5720400000000 1.0
C      1  0.5178750000000  0.5464260000000  0.5720400000000 1.0
C      1  0.4535740000000  0.4279600000000  0.5178750000000 1.0
C      1  0.5464260000000  0.4279600000000  0.4821250000000 1.0
C      1  0.4535740000000  0.5720400000000  0.4821250000000 1.0
C      1  0.4170510000000  0.5300810000000  0.4793790000000 1.0
C      1  0.5300810000000  0.4793790000000  0.4170510000000 1.0
C      1  0.4793790000000  0.4170510000000  0.5300810000000 1.0
C      1  0.5829490000000  0.4699190000000  0.4793790000000 1.0
C      1  0.4170510000000  0.4699190000000  0.5206210000000 1.0
C      1  0.5829490000000  0.5300810000000  0.5206210000000 1.0
C      1  0.4699190000000  0.5206210000000  0.4170510000000 1.0
C      1  0.5300810000000  0.5206210000000  0.5829490000000 1.0
C      1  0.4699190000000  0.4793790000000  0.5829490000000 1.0
C      1  0.5206210000000  0.5829490000000  0.5300810000000 1.0
C      1  0.4793790000000  0.5829490000000  0.4699190000000 1.0
C      1  0.5206210000000  0.4170510000000  0.4699190000000 1.0
C      1  0.4170510000000  0.5300810000000  0.5206210000000 1.0
C      1  0.5300810000000  0.4793790000000  0.5829490000000 1.0
C      1  0.4793790000000  0.4170510000000  0.4699190000000 1.0
C      1  0.5829490000000  0.4699190000000  0.5206210000000 1.0
C      1  0.4170510000000  0.4699190000000  0.4793790000000 1.0
C      1  0.5829490000000  0.5300810000000  0.4793790000000 1.0
C      1  0.4699190000000  0.5206210000000  0.5829490000000 1.0
C      1  0.5300810000000  0.5206210000000  0.4170510000000 1.0
C      1  0.4699190000000  0.4793790000000  0.4170510000000 1.0
C      1  0.5206210000000  0.5829490000000  0.4699190000000 1.0
C      1  0.4793790000000  0.5829490000000  0.5300810000000 1.0
C      1  0.5206210000000  0.4170510000000  0.5300810000000 1.0
C      1  0.4876230000000  0.4592820000000  0.4162610000000 1.0
C      1  0.4592820000000  0.4162610000000  0.4876230000000 1.0
C      1  0.4162610000000  0.4876230000000  0.4592820000000 1.0
C      1  0.5123770000000  0.5407180000000  0.4162610000000 1.0
C      1  0.4876230000000  0.5407180000000  0.5837390000000 1.0
C      1  0.5123770000000  0.4592820000000  0.5837390000000 1.0
C      1  0.5407180000000  0.5837390000000  0.4876230000000 1.0
C      1  0.4592820000000  0.5837390000000  0.5123770000000 1.0
C      1  0.5407180000000  0.4162610000000  0.5123770000000 1.0
C      1  0.5837390000000  0.5123770000000  0.4592820000000 1.0
C      1  0.4162610000000  0.5123770000000  0.5407180000000 1.0
C      1  0.5837390000000  0.4876230000000  0.5407180000000 1.0
C      1  0.4876230000000  0.4592820000000  0.5837390000000 1.0
C      1  0.4592820000000  0.4162610000000  0.5123770000000 1.0
C      1  0.4162610000000  0.4876230000000  0.5407180000000 1.0
C      1  0.5123770000000  0.5407180000000  0.5837390000000 1.0
C      1  0.4876230000000  0.5407180000000  0.4162610000000 1.0
C      1  0.5123770000000  0.4592820000000  0.4162610000000 1.0
C      1  0.5407180000000  0.5837390000000  0.5123770000000 1.0
C      1  0.4592820000000  0.5837390000000  0.4876230000000 1.0
C      1  0.5407180000000  0.4162610000000  0.4876230000000 1.0
C      1  0.5837390000000  0.5123770000000  0.5407180000000 1.0
C      1  0.4162610000000  0.5123770000000  0.4592820000000 1.0
C      1  0.5837390000000  0.4876230000000  0.4592820000000 1.0
C      1  0.4686170000000  0.4922020000000  0.5543440000000 1.0
C      1  0.4922020000000  0.5543440000000  0.4686170000000 1.0
C      1  0.5543440000000  0.4686170000000  0.4922020000000 1.0
C      1  0.5313830000000  0.5077980000000  0.5543440000000 1.0
C      1  0.4686170000000  0.5077980000000  0.4456560000000 1.0
C      1  0.5313830000000  0.4922020000000  0.4456560000000 1.0
C      1  0.5077980000000  0.4456560000000  0.4686170000000 1.0
C      1  0.4922020000000  0.4456560000000  0.5313830000000 1.0
C      1  0.5077980000000  0.5543440000000  0.5313830000000 1.0
C      1  0.4456560000000  0.5313830000000  0.4922020000000 1.0
C      1  0.5543440000000  0.5313830000000  0.5077980000000 1.0
C      1  0.4456560000000  0.4686170000000  0.5077980000000 1.0
C      1  0.4686170000000  0.4922020000000  0.4456560000000 1.0
C      1  0.4922020000000  0.5543440000000  0.5313830000000 1.0
C      1  0.5543440000000  0.4686170000000  0.5077980000000 1.0
C      1  0.5313830000000  0.5077980000000  0.4456560000000 1.0
C      1  0.4686170000000  0.5077980000000  0.5543440000000 1.0
C      1  0.5313830000000  0.4922020000000  0.5543440000000 1.0
C      1  0.5077980000000  0.4456560000000  0.5313830000000 1.0
C      1  0.4922020000000  0.4456560000000  0.4686170000000 1.0
C      1  0.5077980000000  0.5543440000000  0.4686170000000 1.0
C      1  0.4456560000000  0.5313830000000  0.5077980000000 1.0
C      1  0.5543440000000  0.5313830000000  0.4922020000000 1.0
C      1  0.4456560000000  0.4686170000000  0.4922020000000 1.0
C      1  0.4631480000000  0.5341340000000  0.5259770000000 1.0
C      1  0.5341340000000  0.5259770000000  0.4631480000000 1.0
C      1  0.5259770000000  0.4631480000000  0.5341340000000 1.0
C      1  0.5368520000000  0.4658660000000  0.5259770000000 1.0
C      1  0.4631480000000  0.4658660000000  0.4740230000000 1.0
C      1  0.5368520000000  0.5341340000000  0.4740230000000 1.0
C      1  0.4658660000000  0.4740230000000  0.4631480000000 1.0
C      1  0.5341340000000  0.4740230000000  0.5368520000000 1.0
C      1  0.4658660000000  0.5259770000000  0.5368520000000 1.0
C      1  0.4740230000000  0.5368520000000  0.5341340000000 1.0
C      1  0.5259770000000  0.5368520000000  0.4658660000000 1.0
C      1  0.4740230000000  0.4631480000000  0.4658660000000 1.0
C      1  0.4631480000000  0.5341340000000  0.4740230000000 1.0
C      1  0.5341340000000  0.5259770000000  0.5368520000000 1.0
C      1  0.5259770000000  0.4631480000000  0.4658660000000 1.0
C      1  0.5368520000000  0.4658660000000  0.4740230000000 1.0
C      1  0.4631480000000  0.4658660000000  0.5259770000000 1.0
C      1  0.5368520000000  0.5341340000000  0.5259770000000 1.0
C      1  0.4658660000000  0.4740230000000  0.5368520000000 1.0
C      1  0.5341340000000  0.4740230000000  0.4631480000000 1.0
C      1  0.4658660000000  0.5259770000000  0.4631480000000 1.0
C      1  0.4740230000000  0.5368520000000  0.4658660000000 1.0
C      1  0.5259770000000  0.5368520000000  0.5341340000000 1.0
C      1  0.4740230000000  0.4631480000000  0.5341340000000 1.0
C      1  0.4428590000000  0.4843180000000  0.4719110000000 1.0
C      1  0.4843180000000  0.4719110000000  0.4428590000000 1.0
C      1  0.4719110000000  0.4428590000000  0.4843180000000 1.0
C      1  0.5571410000000  0.5156820000000  0.4719110000000 1.0
C      1  0.4428590000000  0.5156820000000  0.5280890000000 1.0
C      1  0.5571410000000  0.4843180000000  0.5280890000000 1.0
C      1  0.5156820000000  0.5280890000000  0.4428590000000 1.0
C      1  0.4843180000000  0.5280890000000  0.5571410000000 1.0
C      1  0.5156820000000  0.4719110000000  0.5571410000000 1.0
C      1  0.5280890000000  0.5571410000000  0.4843180000000 1.0
C      1  0.4719110000000  0.5571410000000  0.5156820000000 1.0
C      1  0.5280890000000  0.4428590000000  0.5156820000000 1.0
C      1  0.4428590000000  0.4843180000000  0.5280890000000 1.0
C      1  0.4843180000000  0.4719110000000  0.5571410000000 1.0
C      1  0.4719110000000  0.4428590000000  0.5156820000000 1.0
C      1  0.5571410000000  0.5156820000000  0.5280890000000 1.0
C      1  0.4428590000000  0.5156820000000  0.4719110000000 1.0
C      1  0.5571410000000  0.4843180000000  0.4719110000000 1.0
C      1  0.5156820000000  0.5280890000000  0.5571410000000 1.0
C      1  0.4843180000000  0.5280890000000  0.4428590000000 1.0
C      1  0.5156820000000  0.4719110000000  0.4428590000000 1.0
C      1  0.5280890000000  0.5571410000000  0.5156820000000 1.0
C      1  0.4719110000000  0.5571410000000  0.4843180000000 1.0
C      1  0.5280890000000  0.4428590000000  0.4843180000000 1.0
C      1  0.4741710000000  0.5362410000000  0.4353860000000 1.0
C      1  0.5362410000000  0.4353860000000  0.4741710000000 1.0
C      1  0.4353860000000  0.4741710000000  0.5362410000000 1.0
C      1  0.5258290000000  0.4637590000000  0.4353860000000 1.0
C      1  0.4741710000000  0.4637590000000  0.5646140000000 1.0
C      1  0.5258290000000  0.5362410000000  0.5646140000000 1.0
C      1  0.4637590000000  0.5646140000000  0.4741710000000 1.0
C      1  0.5362410000000  0.5646140000000  0.5258290000000 1.0
C      1  0.4637590000000  0.4353860000000  0.5258290000000 1.0
C      1  0.5646140000000  0.5258290000000  0.5362410000000 1.0
C      1  0.4353860000000  0.5258290000000  0.4637590000000 1.0
C      1  0.5646140000000  0.4741710000000  0.4637590000000 1.0
C      1  0.4741710000000  0.5362410000000  0.5646140000000 1.0
C      1  0.5362410000000  0.4353860000000  0.5258290000000 1.0
C      1  0.4353860000000  0.4741710000000  0.4637590000000 1.0
C      1  0.5258290000000  0.4637590000000  0.5646140000000 1.0
C      1  0.4741710000000  0.4637590000000  0.4353860000000 1.0
C      1  0.5258290000000  0.5362410000000  0.4353860000000 1.0
C      1  0.4637590000000  0.5646140000000  0.5258290000000 1.0
C      1  0.5362410000000  0.5646140000000  0.4741710000000 1.0
C      1  0.4637590000000  0.4353860000000  0.4741710000000 1.0
C      1  0.5646140000000  0.5258290000000  0.4637590000000 1.0
C      1  0.4353860000000  0.5258290000000  0.5362410000000 1.0
C      1  0.5646140000000  0.4741710000000  0.5362410000000 1.0
C      1  0.4824510000000  0.4729890000000  0.5871340000000 1.0
C      1  0.4729890000000  0.5871340000000  0.4824510000000 1.0
C      1  0.5871340000000  0.4824510000000  0.4729890000000 1.0
C      1  0.5175490000000  0.5270110000000  0.5871340000000 1.0
C      1  0.4824510000000  0.5270110000000  0.4128660000000 1.0
C      1  0.5175490000000  0.4729890000000  0.4128660000000 1.0
C      1  0.5270110000000  0.4128660000000  0.4824510000000 1.0
C      1  0.4729890000000  0.4128660000000  0.5175490000000 1.0
C      1  0.5270110000000  0.5871340000000  0.5175490000000 1.0
C      1  0.4128660000000  0.5175490000000  0.4729890000000 1.0
C      1  0.5871340000000  0.5175490000000  0.5270110000000 1.0
C      1  0.4128660000000  0.4824510000000  0.5270110000000 1.0
C      1  0.4824510000000  0.4729890000000  0.4128660000000 1.0
C      1  0.4729890000000  0.5871340000000  0.5175490000000 1.0
C      1  0.5871340000000  0.4824510000000  0.5270110000000 1.0
C      1  0.5175490000000  0.5270110000000  0.4128660000000 1.0
C      1  0.4824510000000  0.5270110000000  0.5871340000000 1.0
C      1  0.5175490000000  0.4729890000000  0.5871340000000 1.0
C      1  0.5270110000000  0.4128660000000  0.5175490000000 1.0
C      1  0.4729890000000  0.4128660000000  0.4824510000000 1.0
C      1  0.5270110000000  0.5871340000000  0.4824510000000 1.0
C      1  0.4128660000000  0.5175490000000  0.5270110000000 1.0
C      1  0.5871340000000  0.5175490000000  0.4729890000000 1.0
C      1  0.4128660000000  0.4824510000000  0.4729890000000 1.0
C      1  0.4930920000000  0.5351820000000  0.5481230000000 1.0
C      1  0.5351820000000  0.5481230000000  0.4930920000000 1.0
C      1  0.5481230000000  0.4930920000000  0.5351820000000 1.0
C      1  0.5069080000000  0.4648180000000  0.5481230000000 1.0
C      1  0.4930920000000  0.4648180000000  0.4518770000000 1.0
C      1  0.5069080000000  0.5351820000000  0.4518770000000 1.0
C      1  0.4648180000000  0.4518770000000  0.4930920000000 1.0
C      1  0.5351820000000  0.4518770000000  0.5069080000000 1.0
C      1  0.4648180000000  0.5481230000000  0.5069080000000 1.0
C      1  0.4518770000000  0.5069080000000  0.5351820000000 1.0
C      1  0.5481230000000  0.5069080000000  0.4648180000000 1.0
C      1  0.4518770000000  0.4930920000000  0.4648180000000 1.0
C      1  0.4930920000000  0.5351820000000  0.4518770000000 1.0
C      1  0.5351820000000  0.5481230000000  0.5069080000000 1.0
C      1  0.5481230000000  0.4930920000000  0.4648180000000 1.0
C      1  0.5069080000000  0.4648180000000  0.4518770000000 1.0
C      1  0.4930920000000  0.4648180000000  0.5481230000000 1.0
C      1  0.5069080000000  0.5351820000000  0.5481230000000 1.0
C      1  0.4648180000000  0.4518770000000  0.5069080000000 1.0
C      1  0.5351820000000  0.4518770000000  0.4930920000000 1.0
C      1  0.4648180000000  0.5481230000000  0.4930920000000 1.0
C      1  0.4518770000000  0.5069080000000  0.4648180000000 1.0
C      1  0.5481230000000  0.5069080000000  0.5351820000000 1.0
C      1  0.4518770000000  0.4930920000000  0.5351820000000 1.0
C      1  0.5370590000000  0.4544150000000  0.5609900000000 1.0
C      1  0.4544150000000  0.5609900000000  0.5370590000000 1.0
C      1  0.5609900000000  0.5370590000000  0.4544150000000 1.0
C      1  0.4629410000000  0.5455850000000  0.5609900000000 1.0
C      1  0.5370590000000  0.5455850000000  0.4390100000000 1.0
C      1  0.4629410000000  0.4544150000000  0.4390100000000 1.0
C      1  0.5455850000000  0.4390100000000  0.5370590000000 1.0
C      1  0.4544150000000  0.4390100000000  0.4629410000000 1.0
C      1  0.5455850000000  0.5609900000000  0.4629410000000 1.0
C      1  0.4390100000000  0.4629410000000  0.4544150000000 1.0
C      1  0.5609900000000  0.4629410000000  0.5455850000000 1.0
C      1  0.4390100000000  0.5370590000000  0.5455850000000 1.0
C      1  0.5370590000000  0.4544150000000  0.4390100000000 1.0
C      1  0.4544150000000  0.5609900000000  0.4629410000000 1.0
C      1  0.5609900000000  0.5370590000000  0.5455850000000 1.0
C      1  0.4629410000000  0.5455850000000  0.4390100000000 1.0
C      1  0.5370590000000  0.5455850000000  0.5609900000000 1.0
C      1  0.4629410000000  0.4544150000000  0.5609900000000 1.0
C      1  0.5455850000000  0.4390100000000  0.4629410000000 1.0
C      1  0.4544150000000  0.4390100000000  0.5370590000000 1.0
C      1  0.5455850000000  0.5609900000000  0.5370590000000 1.0
C      1  0.4390100000000  0.4629410000000  0.5455850000000 1.0
C      1  0.5609900000000  0.4629410000000  0.4544150000000 1.0
C      1  0.4390100000000  0.5370590000000  0.4544150000000 1.0
C      1  0.5145590000000  0.5555870000000  0.5178150000000 1.0
C      1  0.5555870000000  0.5178150000000  0.5145590000000 1.0
C      1  0.5178150000000  0.5145590000000  0.5555870000000 1.0
C      1  0.4854410000000  0.4444130000000  0.5178150000000 1.0
C      1  0.5145590000000  0.4444130000000  0.4821850000000 1.0
C      1  0.4854410000000  0.5555870000000  0.4821850000000 1.0
C      1  0.4444130000000  0.4821850000000  0.5145590000000 1.0
C      1  0.5555870000000  0.4821850000000  0.4854410000000 1.0
C      1  0.4444130000000  0.5178150000000  0.4854410000000 1.0
C      1  0.4821850000000  0.4854410000000  0.5555870000000 1.0
C      1  0.5178150000000  0.4854410000000  0.4444130000000 1.0
C      1  0.4821850000000  0.5145590000000  0.4444130000000 1.0
C      1  0.5145590000000  0.5555870000000  0.4821850000000 1.0
C      1  0.5555870000000  0.5178150000000  0.4854410000000 1.0
C      1  0.5178150000000  0.5145590000000  0.4444130000000 1.0
C      1  0.4854410000000  0.4444130000000  0.4821850000000 1.0
C      1  0.5145590000000  0.4444130000000  0.5178150000000 1.0
C      1  0.4854410000000  0.5555870000000  0.5178150000000 1.0
C      1  0.4444130000000  0.4821850000000  0.4854410000000 1.0
C      1  0.5555870000000  0.4821850000000  0.5145590000000 1.0
C      1  0.4444130000000  0.5178150000000  0.5145590000000 1.0
C      1  0.4821850000000  0.4854410000000  0.4444130000000 1.0
C      1  0.5178150000000  0.4854410000000  0.5555870000000 1.0
C      1  0.4821850000000  0.5145590000000  0.5555870000000 1.0
C      1  0.5582100000000  0.4421260000000  0.4682850000000 1.0
C      1  0.4421260000000  0.4682850000000  0.5582100000000 1.0
C      1  0.4682850000000  0.5582100000000  0.4421260000000 1.0
C      1  0.4417900000000  0.5578740000000  0.4682850000000 1.0
C      1  0.5582100000000  0.5578740000000  0.5317150000000 1.0
C      1  0.4417900000000  0.4421260000000  0.5317150000000 1.0
C      1  0.5578740000000  0.5317150000000  0.5582100000000 1.0
C      1  0.4421260000000  0.5317150000000  0.4417900000000 1.0
C      1  0.5578740000000  0.4682850000000  0.4417900000000 1.0
C      1  0.5317150000000  0.4417900000000  0.4421260000000 1.0
C      1  0.4682850000000  0.4417900000000  0.5578740000000 1.0
C      1  0.5317150000000  0.5582100000000  0.5578740000000 1.0
C      1  0.5582100000000  0.4421260000000  0.5317150000000 1.0
C      1  0.4421260000000  0.4682850000000  0.4417900000000 1.0
C      1  0.4682850000000  0.5582100000000  0.5578740000000 1.0
C      1  0.4417900000000  0.5578740000000  0.5317150000000 1.0
C      1  0.5582100000000  0.5578740000000  0.4682850000000 1.0
C      1  0.4417900000000  0.4421260000000  0.4682850000000 1.0
C      1  0.5578740000000  0.5317150000000  0.4417900000000 1.0
C      1  0.4421260000000  0.5317150000000  0.5582100000000 1.0
C      1  0.5578740000000  0.4682850000000  0.5582100000000 1.0
C      1  0.5317150000000  0.4417900000000  0.5578740000000 1.0
C      1  0.4682850000000  0.4417900000000  0.4421260000000 1.0
C      1  0.5317150000000  0.5582100000000  0.4421260000000 1.0
C      1  0.4881200000000  0.4332610000000  0.4594870000000 1.0
C      1  0.4332610000000  0.4594870000000  0.4881200000000 1.0
C      1  0.4594870000000  0.4881200000000  0.4332610000000 1.0
C      1  0.5118800000000  0.5667390000000  0.4594870000000 1.0
C      1  0.4881200000000  0.5667390000000  0.5405130000000 1.0
C      1  0.5118800000000  0.4332610000000  0.5405130000000 1.0
C      1  0.5667390000000  0.5405130000000  0.4881200000000 1.0
C      1  0.4332610000000  0.5405130000000  0.5118800000000 1.0
C      1  0.5667390000000  0.4594870000000  0.5118800000000 1.0
C      1  0.5405130000000  0.5118800000000  0.4332610000000 1.0
C      1  0.4594870000000  0.5118800000000  0.5667390000000 1.0
C      1  0.5405130000000  0.4881200000000  0.5667390000000 1.0
C      1  0.4881200000000  0.4332610000000  0.5405130000000 1.0
C      1  0.4332610000000  0.4594870000000  0.5118800000000 1.0
C      1  0.4594870000000  0.4881200000000  0.5667390000000 1.0
C      1  0.5118800000000  0.5667390000000  0.5405130000000 1.0
C      1  0.4881200000000  0.5667390000000  0.4594870000000 1.0
C      1  0.5118800000000  0.4332610000000  0.4594870000000 1.0
C      1  0.5667390000000  0.5405130000000  0.5118800000000 1.0
C      1  0.4332610000000  0.5405130000000  0.4881200000000 1.0
C      1  0.5667390000000  0.4594870000000  0.4881200000000 1.0
C      1  0.5405130000000  0.5118800000000  0.5667390000000 1.0
C      1  0.4594870000000  0.5118800000000  0.4332610000000 1.0
C      1  0.5405130000000  0.4881200000000  0.4332610000000 1.0
C      1  0.4930060000000  0.5797950000000  0.5341060000000 1.0
C      1  0.5797950000000  0.5341060000000  0.4930060000000 1.0
C      1  0.5341060000000  0.4930060000000  0.5797950000000 1.0
C      1  0.5069940000000  0.4202050000000  0.5341060000000 1.0
C      1  0.4930060000000  0.4202050000000  0.4658940000000 1.0
C      1  0.5069940000000  0.5797950000000  0.4658940000000 1.0
C      1  0.4202050000000  0.4658940000000  0.4930060000000 1.0
C      1  0.5797950000000  0.4658940000000  0.5069940000000 1.0
C      1  0.4202050000000  0.5341060000000  0.5069940000000 1.0
C      1  0.4658940000000  0.5069940000000  0.5797950000000 1.0
C      1  0.5341060000000  0.5069940000000  0.4202050000000 1.0
C      1  0.4658940000000  0.4930060000000  0.4202050000000 1.0
C      1  0.4930060000000  0.5797950000000  0.4658940000000 1.0
C      1  0.5797950000000  0.5341060000000  0.5069940000000 1.0
C      1  0.5341060000000  0.4930060000000  0.4202050000000 1.0
C      1  0.5069940000000  0.4202050000000  0.4658940000000 1.0
C      1  0.4930060000000  0.4202050000000  0.5341060000000 1.0
C      1  0.5069940000000  0.5797950000000  0.5341060000000 1.0
C      1  0.4202050000000  0.4658940000000  0.5069940000000 1.0
C      1  0.5797950000000  0.4658940000000  0.4930060000000 1.0
C      1  0.4202050000000  0.5341060000000  0.4930060000000 1.0
C      1  0.4658940000000  0.5069940000000  0.4202050000000 1.0
C      1  0.5341060000000  0.5069940000000  0.5797950000000 1.0
C      1  0.4658940000000  0.4930060000000  0.5797950000000 1.0
C      1  0.5071500000000  0.5510660000000  0.5072690000000 1.0
C      1  0.5510660000000  0.5072690000000  0.5071500000000 1.0
C      1  0.5072690000000  0.5071500000000  0.5510660000000 1.0
C      1  0.4928500000000  0.4489340000000  0.5072690000000 1.0
C      1  0.5071500000000  0.4489340000000  0.4927310000000 1.0
C      1  0.4928500000000  0.5510660000000  0.4927310000000 1.0
C      1  0.4489340000000  0.4927310000000  0.5071500000000 1.0
C      1  0.5510660000000  0.4927310000000  0.4928500000000 1.0
C      1  0.4489340000000  0.5072690000000  0.4928500000000 1.0
C      1  0.4927310000000  0.4928500000000  0.5510660000000 1.0
C      1  0.5072690000000  0.4928500000000  0.4489340000000 1.0
C      1  0.4927310000000  0.5071500000000  0.4489340000000 1.0
C      1  0.5071500000000  0.5510660000000  0.4927310000000 1.0
C      1  0.5510660000000  0.5072690000000  0.4928500000000 1.0
C      1  0.5072690000000  0.5071500000000  0.4489340000000 1.0
C      1  0.4928500000000  0.4489340000000  0.4927310000000 1.0
C      1  0.5071500000000  0.4489340000000  0.5072690000000 1.0
C      1  0.4928500000000  0.5510660000000  0.5072690000000 1.0
C      1  0.4489340000000  0.4927310000000  0.4928500000000 1.0
C      1  0.5510660000000  0.4927310000000  0.5071500000000 1.0
C      1  0.4489340000000  0.5072690000000  0.5071500000000 1.0
C      1  0.4927310000000  0.4928500000000  0.4489340000000 1.0
C      1  0.5072690000000  0.4928500000000  0.5510660000000 1.0
C      1  0.4927310000000  0.5071500000000  0.5510660000000 1.0
C      1  0.5549870000000  0.4928930000000  0.4360790000000 1.0
C      1  0.4928930000000  0.4360790000000  0.5549870000000 1.0
C      1  0.4360790000000  0.5549870000000  0.4928930000000 1.0
C      1  0.4450130000000  0.5071070000000  0.4360790000000 1.0
C      1  0.5549870000000  0.5071070000000  0.5639210000000 1.0
C      1  0.4450130000000  0.4928930000000  0.5639210000000 1.0
C      1  0.5071070000000  0.5639210000000  0.5549870000000 1.0
C      1  0.4928930000000  0.5639210000000  0.4450130000000 1.0
C      1  0.5071070000000  0.4360790000000  0.4450130000000 1.0
C      1  0.5639210000000  0.4450130000000  0.4928930000000 1.0
C      1  0.4360790000000  0.4450130000000  0.5071070000000 1.0
C      1  0.5639210000000  0.5549870000000  0.5071070000000 1.0
C      1  0.5549870000000  0.4928930000000  0.5639210000000 1.0
C      1  0.4928930000000  0.4360790000000  0.4450130000000 1.0
C      1  0.4360790000000  0.5549870000000  0.5071070000000 1.0
C      1  0.4450130000000  0.5071070000000  0.5639210000000 1.0
C      1  0.5549870000000  0.5071070000000  0.4360790000000 1.0
C      1  0.4450130000000  0.4928930000000  0.4360790000000 1.0
C      1  0.5071070000000  0.5639210000000  0.4450130000000 1.0
C      1  0.4928930000000  0.5639210000000  0.5549870000000 1.0
C      1  0.5071070000000  0.4360790000000  0.5549870000000 1.0
C      1  0.5639210000000  0.4450130000000  0.5071070000000 1.0
C      1  0.4360790000000  0.4450130000000  0.4928930000000 1.0
C      1  0.5639210000000  0.5549870000000  0.4928930000000 1.0
C      1  0.4925020000000  0.5069420000000  0.5809210000000 1.0
C      1  0.5069420000000  0.5809210000000  0.4925020000000 1.0
C      1  0.5809210000000  0.4925020000000  0.5069420000000 1.0
C      1  0.5074980000000  0.4930580000000  0.5809210000000 1.0
C      1  0.4925020000000  0.4930580000000  0.4190790000000 1.0
C      1  0.5074980000000  0.5069420000000  0.4190790000000 1.0
C      1  0.4930580000000  0.4190790000000  0.4925020000000 1.0
C      1  0.5069420000000  0.4190790000000  0.5074980000000 1.0
C      1  0.4930580000000  0.5809210000000  0.5074980000000 1.0
C      1  0.4190790000000  0.5074980000000  0.5069420000000 1.0
C      1  0.5809210000000  0.5074980000000  0.4930580000000 1.0
C      1  0.4190790000000  0.4925020000000  0.4930580000000 1.0
C      1  0.4925020000000  0.5069420000000  0.4190790000000 1.0
C      1  0.5069420000000  0.5809210000000  0.5074980000000 1.0
C      1  0.5809210000000  0.4925020000000  0.4930580000000 1.0
C      1  0.5074980000000  0.4930580000000  0.4190790000000 1.0
C      1  0.4925020000000  0.4930580000000  0.5809210000000 1.0
C      1  0.5074980000000  0.5069420000000  0.5809210000000 1.0
C      1  0.4930580000000  0.4190790000000  0.5074980000000 1.0
C      1  0.5069420000000  0.4190790000000  0.4925020000000 1.0
C      1  0.4930580000000  0.5809210000000  0.4925020000000 1.0
C      1  0.4190790000000  0.5074980000000  0.4930580000000 1.0
C      1  0.5809210000000  0.5074980000000  0.5069420000000 1.0
C      1  0.4190790000000  0.4925020000000  0.5069420000000 1.0
C      1  0.4734660000000  0.4289010000000  0.5370660000000 1.0
C      1  0.4289010000000  0.5370660000000  0.4734660000000 1.0
C      1  0.5370660000000  0.4734660000000  0.4289010000000 1.0
C      1  0.5265340000000  0.5710990000000  0.5370660000000 1.0
C      1  0.4734660000000  0.5710990000000  0.4629340000000 1.0
C      1  0.5265340000000  0.4289010000000  0.4629340000000 1.0
C      1  0.5710990000000  0.4629340000000  0.4734660000000 1.0
C      1  0.4289010000000  0.4629340000000  0.5265340000000 1.0
C      1  0.5710990000000  0.5370660000000  0.5265340000000 1.0
C      1  0.4629340000000  0.5265340000000  0.4289010000000 1.0
C      1  0.5370660000000  0.5265340000000  0.5710990000000 1.0
C      1  0.4629340000000  0.4734660000000  0.5710990000000 1.0
C      1  0.4734660000000  0.4289010000000  0.4629340000000 1.0
C      1  0.4289010000000  0.5370660000000  0.5265340000000 1.0
C      1  0.5370660000000  0.4734660000000  0.5710990000000 1.0
C      1  0.5265340000000  0.5710990000000  0.4629340000000 1.0
C      1  0.4734660000000  0.5710990000000  0.5370660000000 1.0
C      1  0.5265340000000  0.4289010000000  0.5370660000000 1.0
C      1  0.5710990000000  0.4629340000000  0.5265340000000 1.0
C      1  0.4289010000000  0.4629340000000  0.4734660000000 1.0
C      1  0.5710990000000  0.5370660000000  0.4734660000000 1.0
C      1  0.4629340000000  0.5265340000000  0.5710990000000 1.0
C      1  0.5370660000000  0.5265340000000  0.4289010000000 1.0
C      1  0.4629340000000  0.4734660000000  0.4289010000000 1.0
C      1  0.5439700000000  0.4112570000000  0.5000000000000 1.0
C      1  0.4112570000000  0.5000000000000  0.5439700000000 1.0
C      1  0.5000000000000  0.5439700000000  0.4112570000000 1.0
C      1  0.4560300000000  0.5887430000000  0.5000000000000 1.0
C      1  0.5439700000000  0.5887430000000  0.5000000000000 1.0
C      1  0.4560300000000  0.4112570000000  0.5000000000000 1.0
C      1  0.5887430000000  0.5000000000000  0.5439700000000 1.0
C      1  0.4112570000000  0.5000000000000  0.4560300000000 1.0
C      1  0.5887430000000  0.5000000000000  0.4560300000000 1.0
C      1  0.5000000000000  0.4560300000000  0.4112570000000 1.0
C      1  0.5000000000000  0.4560300000000  0.5887430000000 1.0
C      1  0.5000000000000  0.5439700000000  0.5887430000000 1.0
END
