TITL C-1379265-1223-292 7.72832996112804e-06 1000000 -4161.8210053565 0 0 600 (Th) n - 1
REM
REM in /nfs/bkarasulu/CARBON/AIRSS/Generating-Clusters/GAP-ML-2020/Higher-Symm/Selected-Sizes/TryA-Only_Ih-Symm/Larger-Clusters/Try2-MINAMP_6A
REM
REM
REM
REM
REM
REM ./C.cell (31579ac4e95a012ec27f3239692ae8a5)
REM
REM compiler GCC version 9.2.1 20190827 (Red Hat 9.2.1-1)
REM options -cpp -mtune=generic -march=x86-64 -g -O0 -fpre-include=/usr/include/finclude/math-vector-fortran.h
REM seed 1581085379 1317299865 -1682640686 114103900 850523499 -1141306758 1739741179 -201943688 2128554517 -539477223 -194352873 -419285374 1189674509 13550294 -848872637 1320699106 463111676 429388338 -508952103 96955837 -1884165594 1685515731 747426125 2005086389 -100801769 -725971734 1061201256 1383900206 829909230 -985168993 481737755 -1736586884 -216296955
REM
CELL 1.54180  100.00000  100.00000  100.00000   90.00000   90.00000   90.00000
LATT -1
SFAC C  
C      1  0.4675750000000  0.4627200000000  0.5685930000000 1.0
C      1  0.4627200000000  0.5685930000000  0.4675750000000 1.0
C      1  0.5685930000000  0.4675750000000  0.4627200000000 1.0
C      1  0.5324250000000  0.5372800000000  0.5685930000000 1.0
C      1  0.4675750000000  0.5372800000000  0.4314070000000 1.0
C      1  0.5324250000000  0.4627200000000  0.4314070000000 1.0
C      1  0.5372800000000  0.4314070000000  0.4675750000000 1.0
C      1  0.4627200000000  0.4314070000000  0.5324250000000 1.0
C      1  0.5372800000000  0.5685930000000  0.5324250000000 1.0
C      1  0.4314070000000  0.5324250000000  0.4627200000000 1.0
C      1  0.5685930000000  0.5324250000000  0.5372800000000 1.0
C      1  0.4314070000000  0.4675750000000  0.5372800000000 1.0
C      1  0.4675750000000  0.4627200000000  0.4314070000000 1.0
C      1  0.4627200000000  0.5685930000000  0.5324250000000 1.0
C      1  0.5685930000000  0.4675750000000  0.5372800000000 1.0
C      1  0.5324250000000  0.5372800000000  0.4314070000000 1.0
C      1  0.4675750000000  0.5372800000000  0.5685930000000 1.0
C      1  0.5324250000000  0.4627200000000  0.5685930000000 1.0
C      1  0.5372800000000  0.4314070000000  0.5324250000000 1.0
C      1  0.4627200000000  0.4314070000000  0.4675750000000 1.0
C      1  0.5372800000000  0.5685930000000  0.4675750000000 1.0
C      1  0.4314070000000  0.5324250000000  0.5372800000000 1.0
C      1  0.5685930000000  0.5324250000000  0.4627200000000 1.0
C      1  0.4314070000000  0.4675750000000  0.4627200000000 1.0
C      1  0.5428110000000  0.5455400000000  0.4379140000000 1.0
C      1  0.5455400000000  0.4379140000000  0.5428110000000 1.0
C      1  0.4379140000000  0.5428110000000  0.5455400000000 1.0
C      1  0.4571890000000  0.4544600000000  0.4379140000000 1.0
C      1  0.5428110000000  0.4544600000000  0.5620860000000 1.0
C      1  0.4571890000000  0.5455400000000  0.5620860000000 1.0
C      1  0.4544600000000  0.5620860000000  0.5428110000000 1.0
C      1  0.5455400000000  0.5620860000000  0.4571890000000 1.0
C      1  0.4544600000000  0.4379140000000  0.4571890000000 1.0
C      1  0.5620860000000  0.4571890000000  0.5455400000000 1.0
C      1  0.4379140000000  0.4571890000000  0.4544600000000 1.0
C      1  0.5620860000000  0.5428110000000  0.4544600000000 1.0
C      1  0.5428110000000  0.5455400000000  0.5620860000000 1.0
C      1  0.5455400000000  0.4379140000000  0.4571890000000 1.0
C      1  0.4379140000000  0.5428110000000  0.4544600000000 1.0
C      1  0.4571890000000  0.4544600000000  0.5620860000000 1.0
C      1  0.5428110000000  0.4544600000000  0.4379140000000 1.0
C      1  0.4571890000000  0.5455400000000  0.4379140000000 1.0
C      1  0.4544600000000  0.5620860000000  0.4571890000000 1.0
C      1  0.5455400000000  0.5620860000000  0.5428110000000 1.0
C      1  0.4544600000000  0.4379140000000  0.5428110000000 1.0
C      1  0.5620860000000  0.4571890000000  0.4544600000000 1.0
C      1  0.4379140000000  0.4571890000000  0.5455400000000 1.0
C      1  0.5620860000000  0.5428110000000  0.5455400000000 1.0
C      1  0.4925530000000  0.4134440000000  0.4647450000000 1.0
C      1  0.4134440000000  0.4647450000000  0.4925530000000 1.0
C      1  0.4647450000000  0.4925530000000  0.4134440000000 1.0
C      1  0.5074470000000  0.5865560000000  0.4647450000000 1.0
C      1  0.4925530000000  0.5865560000000  0.5352550000000 1.0
C      1  0.5074470000000  0.4134440000000  0.5352550000000 1.0
C      1  0.5865560000000  0.5352550000000  0.4925530000000 1.0
C      1  0.4134440000000  0.5352550000000  0.5074470000000 1.0
C      1  0.5865560000000  0.4647450000000  0.5074470000000 1.0
C      1  0.5352550000000  0.5074470000000  0.4134440000000 1.0
C      1  0.4647450000000  0.5074470000000  0.5865560000000 1.0
C      1  0.5352550000000  0.4925530000000  0.5865560000000 1.0
C      1  0.4925530000000  0.4134440000000  0.5352550000000 1.0
C      1  0.4134440000000  0.4647450000000  0.5074470000000 1.0
C      1  0.4647450000000  0.4925530000000  0.5865560000000 1.0
C      1  0.5074470000000  0.5865560000000  0.5352550000000 1.0
C      1  0.4925530000000  0.5865560000000  0.4647450000000 1.0
C      1  0.5074470000000  0.4134440000000  0.4647450000000 1.0
C      1  0.5865560000000  0.5352550000000  0.5074470000000 1.0
C      1  0.4134440000000  0.5352550000000  0.4925530000000 1.0
C      1  0.5865560000000  0.4647450000000  0.4925530000000 1.0
C      1  0.5352550000000  0.5074470000000  0.5865560000000 1.0
C      1  0.4647450000000  0.5074470000000  0.4134440000000 1.0
C      1  0.5352550000000  0.4925530000000  0.4134440000000 1.0
C      1  0.4389830000000  0.4931050000000  0.4378310000000 1.0
C      1  0.4931050000000  0.4378310000000  0.4389830000000 1.0
C      1  0.4378310000000  0.4389830000000  0.4931050000000 1.0
C      1  0.5610170000000  0.5068950000000  0.4378310000000 1.0
C      1  0.4389830000000  0.5068950000000  0.5621690000000 1.0
C      1  0.5610170000000  0.4931050000000  0.5621690000000 1.0
C      1  0.5068950000000  0.5621690000000  0.4389830000000 1.0
C      1  0.4931050000000  0.5621690000000  0.5610170000000 1.0
C      1  0.5068950000000  0.4378310000000  0.5610170000000 1.0
C      1  0.5621690000000  0.5610170000000  0.4931050000000 1.0
C      1  0.4378310000000  0.5610170000000  0.5068950000000 1.0
C      1  0.5621690000000  0.4389830000000  0.5068950000000 1.0
C      1  0.4389830000000  0.4931050000000  0.5621690000000 1.0
C      1  0.4931050000000  0.4378310000000  0.5610170000000 1.0
C      1  0.4378310000000  0.4389830000000  0.5068950000000 1.0
C      1  0.5610170000000  0.5068950000000  0.5621690000000 1.0
C      1  0.4389830000000  0.5068950000000  0.4378310000000 1.0
C      1  0.5610170000000  0.4931050000000  0.4378310000000 1.0
C      1  0.5068950000000  0.5621690000000  0.5610170000000 1.0
C      1  0.4931050000000  0.5621690000000  0.4389830000000 1.0
C      1  0.5068950000000  0.4378310000000  0.4389830000000 1.0
C      1  0.5621690000000  0.5610170000000  0.5068950000000 1.0
C      1  0.4378310000000  0.5610170000000  0.4931050000000 1.0
C      1  0.5621690000000  0.4389830000000  0.4931050000000 1.0
C      1  0.4922890000000  0.5326230000000  0.5328660000000 1.0
C      1  0.5326230000000  0.5328660000000  0.4922890000000 1.0
C      1  0.5328660000000  0.4922890000000  0.5326230000000 1.0
C      1  0.5077110000000  0.4673770000000  0.5328660000000 1.0
C      1  0.4922890000000  0.4673770000000  0.4671340000000 1.0
C      1  0.5077110000000  0.5326230000000  0.4671340000000 1.0
C      1  0.4673770000000  0.4671340000000  0.4922890000000 1.0
C      1  0.5326230000000  0.4671340000000  0.5077110000000 1.0
C      1  0.4673770000000  0.5328660000000  0.5077110000000 1.0
C      1  0.4671340000000  0.5077110000000  0.5326230000000 1.0
C      1  0.5328660000000  0.5077110000000  0.4673770000000 1.0
C      1  0.4671340000000  0.4922890000000  0.4673770000000 1.0
C      1  0.4922890000000  0.5326230000000  0.4671340000000 1.0
C      1  0.5326230000000  0.5328660000000  0.5077110000000 1.0
C      1  0.5328660000000  0.4922890000000  0.4673770000000 1.0
C      1  0.5077110000000  0.4673770000000  0.4671340000000 1.0
C      1  0.4922890000000  0.4673770000000  0.5328660000000 1.0
C      1  0.5077110000000  0.5326230000000  0.5328660000000 1.0
C      1  0.4673770000000  0.4671340000000  0.5077110000000 1.0
C      1  0.5326230000000  0.4671340000000  0.4922890000000 1.0
C      1  0.4673770000000  0.5328660000000  0.4922890000000 1.0
C      1  0.4671340000000  0.5077110000000  0.4673770000000 1.0
C      1  0.5328660000000  0.5077110000000  0.5326230000000 1.0
C      1  0.4671340000000  0.4922890000000  0.5326230000000 1.0
C      1  0.4492540000000  0.4838300000000  0.5694250000000 1.0
C      1  0.4838300000000  0.5694250000000  0.4492540000000 1.0
C      1  0.5694250000000  0.4492540000000  0.4838300000000 1.0
C      1  0.5507460000000  0.5161700000000  0.5694250000000 1.0
C      1  0.4492540000000  0.5161700000000  0.4305750000000 1.0
C      1  0.5507460000000  0.4838300000000  0.4305750000000 1.0
C      1  0.5161700000000  0.4305750000000  0.4492540000000 1.0
C      1  0.4838300000000  0.4305750000000  0.5507460000000 1.0
C      1  0.5161700000000  0.5694250000000  0.5507460000000 1.0
C      1  0.4305750000000  0.5507460000000  0.4838300000000 1.0
C      1  0.5694250000000  0.5507460000000  0.5161700000000 1.0
C      1  0.4305750000000  0.4492540000000  0.5161700000000 1.0
C      1  0.4492540000000  0.4838300000000  0.4305750000000 1.0
C      1  0.4838300000000  0.5694250000000  0.5507460000000 1.0
C      1  0.5694250000000  0.4492540000000  0.5161700000000 1.0
C      1  0.5507460000000  0.5161700000000  0.4305750000000 1.0
C      1  0.4492540000000  0.5161700000000  0.5694250000000 1.0
C      1  0.5507460000000  0.4838300000000  0.5694250000000 1.0
C      1  0.5161700000000  0.4305750000000  0.5507460000000 1.0
C      1  0.4838300000000  0.4305750000000  0.4492540000000 1.0
C      1  0.5161700000000  0.5694250000000  0.4492540000000 1.0
C      1  0.4305750000000  0.5507460000000  0.5161700000000 1.0
C      1  0.5694250000000  0.5507460000000  0.4838300000000 1.0
C      1  0.4305750000000  0.4492540000000  0.4838300000000 1.0
C      1  0.4781420000000  0.4322280000000  0.4650410000000 1.0
C      1  0.4322280000000  0.4650410000000  0.4781420000000 1.0
C      1  0.4650410000000  0.4781420000000  0.4322280000000 1.0
C      1  0.5218580000000  0.5677720000000  0.4650410000000 1.0
C      1  0.4781420000000  0.5677720000000  0.5349590000000 1.0
C      1  0.5218580000000  0.4322280000000  0.5349590000000 1.0
C      1  0.5677720000000  0.5349590000000  0.4781420000000 1.0
C      1  0.4322280000000  0.5349590000000  0.5218580000000 1.0
C      1  0.5677720000000  0.4650410000000  0.5218580000000 1.0
C      1  0.5349590000000  0.5218580000000  0.4322280000000 1.0
C      1  0.4650410000000  0.5218580000000  0.5677720000000 1.0
C      1  0.5349590000000  0.4781420000000  0.5677720000000 1.0
C      1  0.4781420000000  0.4322280000000  0.5349590000000 1.0
C      1  0.4322280000000  0.4650410000000  0.5218580000000 1.0
C      1  0.4650410000000  0.4781420000000  0.5677720000000 1.0
C      1  0.5218580000000  0.5677720000000  0.5349590000000 1.0
C      1  0.4781420000000  0.5677720000000  0.4650410000000 1.0
C      1  0.5218580000000  0.4322280000000  0.4650410000000 1.0
C      1  0.5677720000000  0.5349590000000  0.5218580000000 1.0
C      1  0.4322280000000  0.5349590000000  0.4781420000000 1.0
C      1  0.5677720000000  0.4650410000000  0.4781420000000 1.0
C      1  0.5349590000000  0.5218580000000  0.5677720000000 1.0
C      1  0.4650410000000  0.5218580000000  0.4322280000000 1.0
C      1  0.5349590000000  0.4781420000000  0.4322280000000 1.0
C      1  0.4925680000000  0.5075120000000  0.4564420000000 1.0
C      1  0.5075120000000  0.4564420000000  0.4925680000000 1.0
C      1  0.4564420000000  0.4925680000000  0.5075120000000 1.0
C      1  0.5074320000000  0.4924880000000  0.4564420000000 1.0
C      1  0.4925680000000  0.4924880000000  0.5435580000000 1.0
C      1  0.5074320000000  0.5075120000000  0.5435580000000 1.0
C      1  0.4924880000000  0.5435580000000  0.4925680000000 1.0
C      1  0.5075120000000  0.5435580000000  0.5074320000000 1.0
C      1  0.4924880000000  0.4564420000000  0.5074320000000 1.0
C      1  0.5435580000000  0.5074320000000  0.5075120000000 1.0
C      1  0.4564420000000  0.5074320000000  0.4924880000000 1.0
C      1  0.5435580000000  0.4925680000000  0.4924880000000 1.0
C      1  0.4925680000000  0.5075120000000  0.5435580000000 1.0
C      1  0.5075120000000  0.4564420000000  0.5074320000000 1.0
C      1  0.4564420000000  0.4925680000000  0.4924880000000 1.0
C      1  0.5074320000000  0.4924880000000  0.5435580000000 1.0
C      1  0.4925680000000  0.4924880000000  0.4564420000000 1.0
C      1  0.5074320000000  0.5075120000000  0.4564420000000 1.0
C      1  0.4924880000000  0.5435580000000  0.5074320000000 1.0
C      1  0.5075120000000  0.5435580000000  0.4925680000000 1.0
C      1  0.4924880000000  0.4564420000000  0.4925680000000 1.0
C      1  0.5435580000000  0.5074320000000  0.4924880000000 1.0
C      1  0.4564420000000  0.5074320000000  0.5075120000000 1.0
C      1  0.5435580000000  0.4925680000000  0.5075120000000 1.0
C      1  0.4924460000000  0.4829190000000  0.4343960000000 1.0
C      1  0.4829190000000  0.4343960000000  0.4924460000000 1.0
C      1  0.4343960000000  0.4924460000000  0.4829190000000 1.0
C      1  0.5075540000000  0.5170810000000  0.4343960000000 1.0
C      1  0.4924460000000  0.5170810000000  0.5656040000000 1.0
C      1  0.5075540000000  0.4829190000000  0.5656040000000 1.0
C      1  0.5170810000000  0.5656040000000  0.4924460000000 1.0
C      1  0.4829190000000  0.5656040000000  0.5075540000000 1.0
C      1  0.5170810000000  0.4343960000000  0.5075540000000 1.0
C      1  0.5656040000000  0.5075540000000  0.4829190000000 1.0
C      1  0.4343960000000  0.5075540000000  0.5170810000000 1.0
C      1  0.5656040000000  0.4924460000000  0.5170810000000 1.0
C      1  0.4924460000000  0.4829190000000  0.5656040000000 1.0
C      1  0.4829190000000  0.4343960000000  0.5075540000000 1.0
C      1  0.4343960000000  0.4924460000000  0.5170810000000 1.0
C      1  0.5075540000000  0.5170810000000  0.5656040000000 1.0
C      1  0.4924460000000  0.5170810000000  0.4343960000000 1.0
C      1  0.5075540000000  0.4829190000000  0.4343960000000 1.0
C      1  0.5170810000000  0.5656040000000  0.5075540000000 1.0
C      1  0.4829190000000  0.5656040000000  0.4924460000000 1.0
C      1  0.5170810000000  0.4343960000000  0.4924460000000 1.0
C      1  0.5656040000000  0.5075540000000  0.5170810000000 1.0
C      1  0.4343960000000  0.5075540000000  0.4829190000000 1.0
C      1  0.5656040000000  0.4924460000000  0.4829190000000 1.0
C      1  0.4189900000000  0.4511610000000  0.4928180000000 1.0
C      1  0.4511610000000  0.4928180000000  0.4189900000000 1.0
C      1  0.4928180000000  0.4189900000000  0.4511610000000 1.0
C      1  0.5810100000000  0.5488390000000  0.4928180000000 1.0
C      1  0.4189900000000  0.5488390000000  0.5071820000000 1.0
C      1  0.5810100000000  0.4511610000000  0.5071820000000 1.0
C      1  0.5488390000000  0.5071820000000  0.4189900000000 1.0
C      1  0.4511610000000  0.5071820000000  0.5810100000000 1.0
C      1  0.5488390000000  0.4928180000000  0.5810100000000 1.0
C      1  0.5071820000000  0.5810100000000  0.4511610000000 1.0
C      1  0.4928180000000  0.5810100000000  0.5488390000000 1.0
C      1  0.5071820000000  0.4189900000000  0.5488390000000 1.0
C      1  0.4189900000000  0.4511610000000  0.5071820000000 1.0
C      1  0.4511610000000  0.4928180000000  0.5810100000000 1.0
C      1  0.4928180000000  0.4189900000000  0.5488390000000 1.0
C      1  0.5810100000000  0.5488390000000  0.5071820000000 1.0
C      1  0.4189900000000  0.5488390000000  0.4928180000000 1.0
C      1  0.5810100000000  0.4511610000000  0.4928180000000 1.0
C      1  0.5488390000000  0.5071820000000  0.5810100000000 1.0
C      1  0.4511610000000  0.5071820000000  0.4189900000000 1.0
C      1  0.5488390000000  0.4928180000000  0.4189900000000 1.0
C      1  0.5071820000000  0.5810100000000  0.5488390000000 1.0
C      1  0.4928180000000  0.5810100000000  0.4511610000000 1.0
C      1  0.5071820000000  0.4189900000000  0.4511610000000 1.0
C      1  0.4405890000000  0.5268290000000  0.4375200000000 1.0
C      1  0.5268290000000  0.4375200000000  0.4405890000000 1.0
C      1  0.4375200000000  0.4405890000000  0.5268290000000 1.0
C      1  0.5594110000000  0.4731710000000  0.4375200000000 1.0
C      1  0.4405890000000  0.4731710000000  0.5624800000000 1.0
C      1  0.5594110000000  0.5268290000000  0.5624800000000 1.0
C      1  0.4731710000000  0.5624800000000  0.4405890000000 1.0
C      1  0.5268290000000  0.5624800000000  0.5594110000000 1.0
C      1  0.4731710000000  0.4375200000000  0.5594110000000 1.0
C      1  0.5624800000000  0.5594110000000  0.5268290000000 1.0
C      1  0.4375200000000  0.5594110000000  0.4731710000000 1.0
C      1  0.5624800000000  0.4405890000000  0.4731710000000 1.0
C      1  0.4405890000000  0.5268290000000  0.5624800000000 1.0
C      1  0.5268290000000  0.4375200000000  0.5594110000000 1.0
C      1  0.4375200000000  0.4405890000000  0.4731710000000 1.0
C      1  0.5594110000000  0.4731710000000  0.5624800000000 1.0
C      1  0.4405890000000  0.4731710000000  0.4375200000000 1.0
C      1  0.5594110000000  0.5268290000000  0.4375200000000 1.0
C      1  0.4731710000000  0.5624800000000  0.5594110000000 1.0
C      1  0.5268290000000  0.5624800000000  0.4405890000000 1.0
C      1  0.4731710000000  0.4375200000000  0.4405890000000 1.0
C      1  0.5624800000000  0.5594110000000  0.4731710000000 1.0
C      1  0.4375200000000  0.5594110000000  0.5268290000000 1.0
C      1  0.5624800000000  0.4405890000000  0.5268290000000 1.0
C      1  0.4793710000000  0.4598890000000  0.5130880000000 1.0
C      1  0.4598890000000  0.5130880000000  0.4793710000000 1.0
C      1  0.5130880000000  0.4793710000000  0.4598890000000 1.0
C      1  0.5206290000000  0.5401110000000  0.5130880000000 1.0
C      1  0.4793710000000  0.5401110000000  0.4869120000000 1.0
C      1  0.5206290000000  0.4598890000000  0.4869120000000 1.0
C      1  0.5401110000000  0.4869120000000  0.4793710000000 1.0
C      1  0.4598890000000  0.4869120000000  0.5206290000000 1.0
C      1  0.5401110000000  0.5130880000000  0.5206290000000 1.0
C      1  0.4869120000000  0.5206290000000  0.4598890000000 1.0
C      1  0.5130880000000  0.5206290000000  0.5401110000000 1.0
C      1  0.4869120000000  0.4793710000000  0.5401110000000 1.0
C      1  0.4793710000000  0.4598890000000  0.4869120000000 1.0
C      1  0.4598890000000  0.5130880000000  0.5206290000000 1.0
C      1  0.5130880000000  0.4793710000000  0.5401110000000 1.0
C      1  0.5206290000000  0.5401110000000  0.4869120000000 1.0
C      1  0.4793710000000  0.5401110000000  0.5130880000000 1.0
C      1  0.5206290000000  0.4598890000000  0.5130880000000 1.0
C      1  0.5401110000000  0.4869120000000  0.5206290000000 1.0
C      1  0.4598890000000  0.4869120000000  0.4793710000000 1.0
C      1  0.5401110000000  0.5130880000000  0.4793710000000 1.0
C      1  0.4869120000000  0.5206290000000  0.5401110000000 1.0
C      1  0.5130880000000  0.5206290000000  0.4598890000000 1.0
C      1  0.4869120000000  0.4793710000000  0.4598890000000 1.0
C      1  0.4929210000000  0.5073480000000  0.4126590000000 1.0
C      1  0.5073480000000  0.4126590000000  0.4929210000000 1.0
C      1  0.4126590000000  0.4929210000000  0.5073480000000 1.0
C      1  0.5070790000000  0.4926520000000  0.4126590000000 1.0
C      1  0.4929210000000  0.4926520000000  0.5873410000000 1.0
C      1  0.5070790000000  0.5073480000000  0.5873410000000 1.0
C      1  0.4926520000000  0.5873410000000  0.4929210000000 1.0
C      1  0.5073480000000  0.5873410000000  0.5070790000000 1.0
C      1  0.4926520000000  0.4126590000000  0.5070790000000 1.0
C      1  0.5873410000000  0.5070790000000  0.5073480000000 1.0
C      1  0.4126590000000  0.5070790000000  0.4926520000000 1.0
C      1  0.5873410000000  0.4929210000000  0.4926520000000 1.0
C      1  0.4929210000000  0.5073480000000  0.5873410000000 1.0
C      1  0.5073480000000  0.4126590000000  0.5070790000000 1.0
C      1  0.4126590000000  0.4929210000000  0.4926520000000 1.0
C      1  0.5070790000000  0.4926520000000  0.5873410000000 1.0
C      1  0.4929210000000  0.4926520000000  0.4126590000000 1.0
C      1  0.5070790000000  0.5073480000000  0.4126590000000 1.0
C      1  0.4926520000000  0.5873410000000  0.5070790000000 1.0
C      1  0.5073480000000  0.5873410000000  0.4929210000000 1.0
C      1  0.4926520000000  0.4126590000000  0.4929210000000 1.0
C      1  0.5873410000000  0.5070790000000  0.4926520000000 1.0
C      1  0.4126590000000  0.5070790000000  0.5073480000000 1.0
C      1  0.5873410000000  0.4929210000000  0.5073480000000 1.0
C      1  0.4261460000000  0.4806880000000  0.4578590000000 1.0
C      1  0.4806880000000  0.4578590000000  0.4261460000000 1.0
C      1  0.4578590000000  0.4261460000000  0.4806880000000 1.0
C      1  0.5738540000000  0.5193120000000  0.4578590000000 1.0
C      1  0.4261460000000  0.5193120000000  0.5421410000000 1.0
C      1  0.5738540000000  0.4806880000000  0.5421410000000 1.0
C      1  0.5193120000000  0.5421410000000  0.4261460000000 1.0
C      1  0.4806880000000  0.5421410000000  0.5738540000000 1.0
C      1  0.5193120000000  0.4578590000000  0.5738540000000 1.0
C      1  0.5421410000000  0.5738540000000  0.4806880000000 1.0
C      1  0.4578590000000  0.5738540000000  0.5193120000000 1.0
C      1  0.5421410000000  0.4261460000000  0.5193120000000 1.0
C      1  0.4261460000000  0.4806880000000  0.5421410000000 1.0
C      1  0.4806880000000  0.4578590000000  0.5738540000000 1.0
C      1  0.4578590000000  0.4261460000000  0.5193120000000 1.0
C      1  0.5738540000000  0.5193120000000  0.5421410000000 1.0
C      1  0.4261460000000  0.5193120000000  0.4578590000000 1.0
C      1  0.5738540000000  0.4806880000000  0.4578590000000 1.0
C      1  0.5193120000000  0.5421410000000  0.5738540000000 1.0
C      1  0.4806880000000  0.5421410000000  0.4261460000000 1.0
C      1  0.5193120000000  0.4578590000000  0.4261460000000 1.0
C      1  0.5421410000000  0.5738540000000  0.5193120000000 1.0
C      1  0.4578590000000  0.5738540000000  0.4806880000000 1.0
C      1  0.5421410000000  0.4261460000000  0.4806880000000 1.0
C      1  0.4466250000000  0.5076900000000  0.5273140000000 1.0
C      1  0.5076900000000  0.5273140000000  0.4466250000000 1.0
C      1  0.5273140000000  0.4466250000000  0.5076900000000 1.0
C      1  0.5533750000000  0.4923100000000  0.5273140000000 1.0
C      1  0.4466250000000  0.4923100000000  0.4726860000000 1.0
C      1  0.5533750000000  0.5076900000000  0.4726860000000 1.0
C      1  0.4923100000000  0.4726860000000  0.4466250000000 1.0
C      1  0.5076900000000  0.4726860000000  0.5533750000000 1.0
C      1  0.4923100000000  0.5273140000000  0.5533750000000 1.0
C      1  0.4726860000000  0.5533750000000  0.5076900000000 1.0
C      1  0.5273140000000  0.5533750000000  0.4923100000000 1.0
C      1  0.4726860000000  0.4466250000000  0.4923100000000 1.0
C      1  0.4466250000000  0.5076900000000  0.4726860000000 1.0
C      1  0.5076900000000  0.5273140000000  0.5533750000000 1.0
C      1  0.5273140000000  0.4466250000000  0.4923100000000 1.0
C      1  0.5533750000000  0.4923100000000  0.4726860000000 1.0
C      1  0.4466250000000  0.4923100000000  0.5273140000000 1.0
C      1  0.5533750000000  0.5076900000000  0.5273140000000 1.0
C      1  0.4923100000000  0.4726860000000  0.5533750000000 1.0
C      1  0.5076900000000  0.4726860000000  0.4466250000000 1.0
C      1  0.4923100000000  0.5273140000000  0.4466250000000 1.0
C      1  0.4726860000000  0.5533750000000  0.4923100000000 1.0
C      1  0.5273140000000  0.5533750000000  0.5076900000000 1.0
C      1  0.4726860000000  0.4466250000000  0.5076900000000 1.0
C      1  0.5278690000000  0.4819560000000  0.4580820000000 1.0
C      1  0.4819560000000  0.4580820000000  0.5278690000000 1.0
C      1  0.4580820000000  0.5278690000000  0.4819560000000 1.0
C      1  0.4721310000000  0.5180440000000  0.4580820000000 1.0
C      1  0.5278690000000  0.5180440000000  0.5419180000000 1.0
C      1  0.4721310000000  0.4819560000000  0.5419180000000 1.0
C      1  0.5180440000000  0.5419180000000  0.5278690000000 1.0
C      1  0.4819560000000  0.5419180000000  0.4721310000000 1.0
C      1  0.5180440000000  0.4580820000000  0.4721310000000 1.0
C      1  0.5419180000000  0.4721310000000  0.4819560000000 1.0
C      1  0.4580820000000  0.4721310000000  0.5180440000000 1.0
C      1  0.5419180000000  0.5278690000000  0.5180440000000 1.0
C      1  0.5278690000000  0.4819560000000  0.5419180000000 1.0
C      1  0.4819560000000  0.4580820000000  0.4721310000000 1.0
C      1  0.4580820000000  0.5278690000000  0.5180440000000 1.0
C      1  0.4721310000000  0.5180440000000  0.5419180000000 1.0
C      1  0.5278690000000  0.5180440000000  0.4580820000000 1.0
C      1  0.4721310000000  0.4819560000000  0.4580820000000 1.0
C      1  0.5180440000000  0.5419180000000  0.4721310000000 1.0
C      1  0.4819560000000  0.5419180000000  0.5278690000000 1.0
C      1  0.5180440000000  0.4580820000000  0.5278690000000 1.0
C      1  0.5419180000000  0.4721310000000  0.5180440000000 1.0
C      1  0.4580820000000  0.4721310000000  0.4819560000000 1.0
C      1  0.5419180000000  0.5278690000000  0.4819560000000 1.0
C      1  0.5366370000000  0.4704720000000  0.4592620000000 1.0
C      1  0.4704720000000  0.4592620000000  0.5366370000000 1.0
C      1  0.4592620000000  0.5366370000000  0.4704720000000 1.0
C      1  0.4633630000000  0.5295280000000  0.4592620000000 1.0
C      1  0.5366370000000  0.5295280000000  0.5407380000000 1.0
C      1  0.4633630000000  0.4704720000000  0.5407380000000 1.0
C      1  0.5295280000000  0.5407380000000  0.5366370000000 1.0
C      1  0.4704720000000  0.5407380000000  0.4633630000000 1.0
C      1  0.5295280000000  0.4592620000000  0.4633630000000 1.0
C      1  0.5407380000000  0.4633630000000  0.4704720000000 1.0
C      1  0.4592620000000  0.4633630000000  0.5295280000000 1.0
C      1  0.5407380000000  0.5366370000000  0.5295280000000 1.0
C      1  0.5366370000000  0.4704720000000  0.5407380000000 1.0
C      1  0.4704720000000  0.4592620000000  0.4633630000000 1.0
C      1  0.4592620000000  0.5366370000000  0.5295280000000 1.0
C      1  0.4633630000000  0.5295280000000  0.5407380000000 1.0
C      1  0.5366370000000  0.5295280000000  0.4592620000000 1.0
C      1  0.4633630000000  0.4704720000000  0.4592620000000 1.0
C      1  0.5295280000000  0.5407380000000  0.4633630000000 1.0
C      1  0.4704720000000  0.5407380000000  0.5366370000000 1.0
C      1  0.5295280000000  0.4592620000000  0.5366370000000 1.0
C      1  0.5407380000000  0.4633630000000  0.5295280000000 1.0
C      1  0.4592620000000  0.4633630000000  0.4704720000000 1.0
C      1  0.5407380000000  0.5366370000000  0.4704720000000 1.0
C      1  0.5796150000000  0.5079360000000  0.4663590000000 1.0
C      1  0.5079360000000  0.4663590000000  0.5796150000000 1.0
C      1  0.4663590000000  0.5796150000000  0.5079360000000 1.0
C      1  0.4203850000000  0.4920640000000  0.4663590000000 1.0
C      1  0.5796150000000  0.4920640000000  0.5336410000000 1.0
C      1  0.4203850000000  0.5079360000000  0.5336410000000 1.0
C      1  0.4920640000000  0.5336410000000  0.5796150000000 1.0
C      1  0.5079360000000  0.5336410000000  0.4203850000000 1.0
C      1  0.4920640000000  0.4663590000000  0.4203850000000 1.0
C      1  0.5336410000000  0.4203850000000  0.5079360000000 1.0
C      1  0.4663590000000  0.4203850000000  0.4920640000000 1.0
C      1  0.5336410000000  0.5796150000000  0.4920640000000 1.0
C      1  0.5796150000000  0.5079360000000  0.5336410000000 1.0
C      1  0.5079360000000  0.4663590000000  0.4203850000000 1.0
C      1  0.4663590000000  0.5796150000000  0.4920640000000 1.0
C      1  0.4203850000000  0.4920640000000  0.5336410000000 1.0
C      1  0.5796150000000  0.4920640000000  0.4663590000000 1.0
C      1  0.4203850000000  0.5079360000000  0.4663590000000 1.0
C      1  0.4920640000000  0.5336410000000  0.4203850000000 1.0
C      1  0.5079360000000  0.5336410000000  0.5796150000000 1.0
C      1  0.4920640000000  0.4663590000000  0.5796150000000 1.0
C      1  0.5336410000000  0.4203850000000  0.4920640000000 1.0
C      1  0.4663590000000  0.4203850000000  0.5079360000000 1.0
C      1  0.5336410000000  0.5796150000000  0.5079360000000 1.0
C      1  0.5676100000000  0.4824860000000  0.4449990000000 1.0
C      1  0.4824860000000  0.4449990000000  0.5676100000000 1.0
C      1  0.4449990000000  0.5676100000000  0.4824860000000 1.0
C      1  0.4323900000000  0.5175140000000  0.4449990000000 1.0
C      1  0.5676100000000  0.5175140000000  0.5550010000000 1.0
C      1  0.4323900000000  0.4824860000000  0.5550010000000 1.0
C      1  0.5175140000000  0.5550010000000  0.5676100000000 1.0
C      1  0.4824860000000  0.5550010000000  0.4323900000000 1.0
C      1  0.5175140000000  0.4449990000000  0.4323900000000 1.0
C      1  0.5550010000000  0.4323900000000  0.4824860000000 1.0
C      1  0.4449990000000  0.4323900000000  0.5175140000000 1.0
C      1  0.5550010000000  0.5676100000000  0.5175140000000 1.0
C      1  0.5676100000000  0.4824860000000  0.5550010000000 1.0
C      1  0.4824860000000  0.4449990000000  0.4323900000000 1.0
C      1  0.4449990000000  0.5676100000000  0.5175140000000 1.0
C      1  0.4323900000000  0.5175140000000  0.5550010000000 1.0
C      1  0.5676100000000  0.5175140000000  0.4449990000000 1.0
C      1  0.4323900000000  0.4824860000000  0.4449990000000 1.0
C      1  0.5175140000000  0.5550010000000  0.4323900000000 1.0
C      1  0.4824860000000  0.5550010000000  0.5676100000000 1.0
C      1  0.5175140000000  0.4449990000000  0.5676100000000 1.0
C      1  0.5550010000000  0.4323900000000  0.5175140000000 1.0
C      1  0.4449990000000  0.4323900000000  0.4824860000000 1.0
C      1  0.5550010000000  0.5676100000000  0.4824860000000 1.0
C      1  0.5583990000000  0.4843620000000  0.4928190000000 1.0
C      1  0.4843620000000  0.4928190000000  0.5583990000000 1.0
C      1  0.4928190000000  0.5583990000000  0.4843620000000 1.0
C      1  0.4416010000000  0.5156380000000  0.4928190000000 1.0
C      1  0.5583990000000  0.5156380000000  0.5071810000000 1.0
C      1  0.4416010000000  0.4843620000000  0.5071810000000 1.0
C      1  0.5156380000000  0.5071810000000  0.5583990000000 1.0
C      1  0.4843620000000  0.5071810000000  0.4416010000000 1.0
C      1  0.5156380000000  0.4928190000000  0.4416010000000 1.0
C      1  0.5071810000000  0.4416010000000  0.4843620000000 1.0
C      1  0.4928190000000  0.4416010000000  0.5156380000000 1.0
C      1  0.5071810000000  0.5583990000000  0.5156380000000 1.0
C      1  0.5583990000000  0.4843620000000  0.5071810000000 1.0
C      1  0.4843620000000  0.4928190000000  0.4416010000000 1.0
C      1  0.4928190000000  0.5583990000000  0.5156380000000 1.0
C      1  0.4416010000000  0.5156380000000  0.5071810000000 1.0
C      1  0.5583990000000  0.5156380000000  0.4928190000000 1.0
C      1  0.4416010000000  0.4843620000000  0.4928190000000 1.0
C      1  0.5156380000000  0.5071810000000  0.4416010000000 1.0
C      1  0.4843620000000  0.5071810000000  0.5583990000000 1.0
C      1  0.5156380000000  0.4928190000000  0.5583990000000 1.0
C      1  0.5071810000000  0.4416010000000  0.5156380000000 1.0
C      1  0.4928190000000  0.4416010000000  0.4843620000000 1.0
C      1  0.5071810000000  0.5583990000000  0.4843620000000 1.0
C      1  0.4829660000000  0.5802510000000  0.4724060000000 1.0
C      1  0.5802510000000  0.4724060000000  0.4829660000000 1.0
C      1  0.4724060000000  0.4829660000000  0.5802510000000 1.0
C      1  0.5170340000000  0.4197490000000  0.4724060000000 1.0
C      1  0.4829660000000  0.4197490000000  0.5275940000000 1.0
C      1  0.5170340000000  0.5802510000000  0.5275940000000 1.0
C      1  0.4197490000000  0.5275940000000  0.4829660000000 1.0
C      1  0.5802510000000  0.5275940000000  0.5170340000000 1.0
C      1  0.4197490000000  0.4724060000000  0.5170340000000 1.0
C      1  0.5275940000000  0.5170340000000  0.5802510000000 1.0
C      1  0.4724060000000  0.5170340000000  0.4197490000000 1.0
C      1  0.5275940000000  0.4829660000000  0.4197490000000 1.0
C      1  0.4829660000000  0.5802510000000  0.5275940000000 1.0
C      1  0.5802510000000  0.4724060000000  0.5170340000000 1.0
C      1  0.4724060000000  0.4829660000000  0.4197490000000 1.0
C      1  0.5170340000000  0.4197490000000  0.5275940000000 1.0
C      1  0.4829660000000  0.4197490000000  0.4724060000000 1.0
C      1  0.5170340000000  0.5802510000000  0.4724060000000 1.0
C      1  0.4197490000000  0.5275940000000  0.5170340000000 1.0
C      1  0.5802510000000  0.5275940000000  0.4829660000000 1.0
C      1  0.4197490000000  0.4724060000000  0.4829660000000 1.0
C      1  0.5275940000000  0.5170340000000  0.4197490000000 1.0
C      1  0.4724060000000  0.5170340000000  0.5802510000000 1.0
C      1  0.5275940000000  0.4829660000000  0.5802510000000 1.0
C      1  0.4714190000000  0.4861810000000  0.4438150000000 1.0
C      1  0.4861810000000  0.4438150000000  0.4714190000000 1.0
C      1  0.4438150000000  0.4714190000000  0.4861810000000 1.0
C      1  0.5285810000000  0.5138190000000  0.4438150000000 1.0
C      1  0.4714190000000  0.5138190000000  0.5561850000000 1.0
C      1  0.5285810000000  0.4861810000000  0.5561850000000 1.0
C      1  0.5138190000000  0.5561850000000  0.4714190000000 1.0
C      1  0.4861810000000  0.5561850000000  0.5285810000000 1.0
C      1  0.5138190000000  0.4438150000000  0.5285810000000 1.0
C      1  0.5561850000000  0.5285810000000  0.4861810000000 1.0
C      1  0.4438150000000  0.5285810000000  0.5138190000000 1.0
C      1  0.5561850000000  0.4714190000000  0.5138190000000 1.0
C      1  0.4714190000000  0.4861810000000  0.5561850000000 1.0
C      1  0.4861810000000  0.4438150000000  0.5285810000000 1.0
C      1  0.4438150000000  0.4714190000000  0.5138190000000 1.0
C      1  0.5285810000000  0.5138190000000  0.5561850000000 1.0
C      1  0.4714190000000  0.5138190000000  0.4438150000000 1.0
C      1  0.5285810000000  0.4861810000000  0.4438150000000 1.0
C      1  0.5138190000000  0.5561850000000  0.5285810000000 1.0
C      1  0.4861810000000  0.5561850000000  0.4714190000000 1.0
C      1  0.5138190000000  0.4438150000000  0.4714190000000 1.0
C      1  0.5561850000000  0.5285810000000  0.5138190000000 1.0
C      1  0.4438150000000  0.5285810000000  0.4861810000000 1.0
C      1  0.5561850000000  0.4714190000000  0.4861810000000 1.0
C      1  0.5578960000000  0.5553530000000  0.5394350000000 1.0
C      1  0.5553530000000  0.5394350000000  0.5578960000000 1.0
C      1  0.5394350000000  0.5578960000000  0.5553530000000 1.0
C      1  0.4421040000000  0.4446470000000  0.5394350000000 1.0
C      1  0.5578960000000  0.4446470000000  0.4605650000000 1.0
C      1  0.4421040000000  0.5553530000000  0.4605650000000 1.0
C      1  0.4446470000000  0.4605650000000  0.5578960000000 1.0
C      1  0.5553530000000  0.4605650000000  0.4421040000000 1.0
C      1  0.4446470000000  0.5394350000000  0.4421040000000 1.0
C      1  0.4605650000000  0.4421040000000  0.5553530000000 1.0
C      1  0.5394350000000  0.4421040000000  0.4446470000000 1.0
C      1  0.4605650000000  0.5578960000000  0.4446470000000 1.0
C      1  0.5578960000000  0.5553530000000  0.4605650000000 1.0
C      1  0.5553530000000  0.5394350000000  0.4421040000000 1.0
C      1  0.5394350000000  0.5578960000000  0.4446470000000 1.0
C      1  0.4421040000000  0.4446470000000  0.4605650000000 1.0
C      1  0.5578960000000  0.4446470000000  0.5394350000000 1.0
C      1  0.4421040000000  0.5553530000000  0.5394350000000 1.0
C      1  0.4446470000000  0.4605650000000  0.4421040000000 1.0
C      1  0.5553530000000  0.4605650000000  0.5578960000000 1.0
C      1  0.4446470000000  0.5394350000000  0.5578960000000 1.0
C      1  0.4605650000000  0.4421040000000  0.4446470000000 1.0
C      1  0.5394350000000  0.4421040000000  0.5553530000000 1.0
C      1  0.4605650000000  0.5578960000000  0.5553530000000 1.0
C      1  0.5070660000000  0.4593070000000  0.4531190000000 1.0
C      1  0.4593070000000  0.4531190000000  0.5070660000000 1.0
C      1  0.4531190000000  0.5070660000000  0.4593070000000 1.0
C      1  0.4929340000000  0.5406930000000  0.4531190000000 1.0
C      1  0.5070660000000  0.5406930000000  0.5468810000000 1.0
C      1  0.4929340000000  0.4593070000000  0.5468810000000 1.0
C      1  0.5406930000000  0.5468810000000  0.5070660000000 1.0
C      1  0.4593070000000  0.5468810000000  0.4929340000000 1.0
C      1  0.5406930000000  0.4531190000000  0.4929340000000 1.0
C      1  0.5468810000000  0.4929340000000  0.4593070000000 1.0
C      1  0.4531190000000  0.4929340000000  0.5406930000000 1.0
C      1  0.5468810000000  0.5070660000000  0.5406930000000 1.0
C      1  0.5070660000000  0.4593070000000  0.5468810000000 1.0
C      1  0.4593070000000  0.4531190000000  0.4929340000000 1.0
C      1  0.4531190000000  0.5070660000000  0.5406930000000 1.0
C      1  0.4929340000000  0.5406930000000  0.5468810000000 1.0
C      1  0.5070660000000  0.5406930000000  0.4531190000000 1.0
C      1  0.4929340000000  0.4593070000000  0.4531190000000 1.0
C      1  0.5406930000000  0.5468810000000  0.4929340000000 1.0
C      1  0.4593070000000  0.5468810000000  0.5070660000000 1.0
C      1  0.5406930000000  0.4531190000000  0.5070660000000 1.0
C      1  0.5468810000000  0.4929340000000  0.5406930000000 1.0
C      1  0.4531190000000  0.4929340000000  0.4593070000000 1.0
C      1  0.5468810000000  0.5070660000000  0.4593070000000 1.0
C      1  0.5799620000000  0.5133440000000  0.5191600000000 1.0
C      1  0.5133440000000  0.5191600000000  0.5799620000000 1.0
C      1  0.5191600000000  0.5799620000000  0.5133440000000 1.0
C      1  0.4200380000000  0.4866560000000  0.5191600000000 1.0
C      1  0.5799620000000  0.4866560000000  0.4808400000000 1.0
C      1  0.4200380000000  0.5133440000000  0.4808400000000 1.0
C      1  0.4866560000000  0.4808400000000  0.5799620000000 1.0
C      1  0.5133440000000  0.4808400000000  0.4200380000000 1.0
C      1  0.4866560000000  0.5191600000000  0.4200380000000 1.0
C      1  0.4808400000000  0.4200380000000  0.5133440000000 1.0
C      1  0.5191600000000  0.4200380000000  0.4866560000000 1.0
C      1  0.4808400000000  0.5799620000000  0.4866560000000 1.0
C      1  0.5799620000000  0.5133440000000  0.4808400000000 1.0
C      1  0.5133440000000  0.5191600000000  0.4200380000000 1.0
C      1  0.5191600000000  0.5799620000000  0.4866560000000 1.0
C      1  0.4200380000000  0.4866560000000  0.4808400000000 1.0
C      1  0.5799620000000  0.4866560000000  0.5191600000000 1.0
C      1  0.4200380000000  0.5133440000000  0.5191600000000 1.0
C      1  0.4866560000000  0.4808400000000  0.4200380000000 1.0
C      1  0.5133440000000  0.4808400000000  0.5799620000000 1.0
C      1  0.4866560000000  0.5191600000000  0.5799620000000 1.0
C      1  0.4808400000000  0.4200380000000  0.4866560000000 1.0
C      1  0.5191600000000  0.4200380000000  0.5133440000000 1.0
C      1  0.4808400000000  0.5799620000000  0.5133440000000 1.0
END
