TITL C-1379265-1223-403 -1.11894777436614e-06 1000000 -1568.11774452973 0 0 240 (Th) n - 1
REM
REM in /nfs/bkarasulu/CARBON/AIRSS/Generating-Clusters/GAP-ML-2020/Higher-Symm/Selected-Sizes/TryA-Only_Ih-Symm/Larger-Clusters/Try2-MINAMP_6A
REM
REM
REM
REM
REM
REM ./C.cell (31579ac4e95a012ec27f3239692ae8a5)
REM
REM compiler GCC version 9.2.1 20190827 (Red Hat 9.2.1-1)
REM options -cpp -mtune=generic -march=x86-64 -g -O0 -fpre-include=/usr/include/finclude/math-vector-fortran.h
REM seed -161386893 -321709253 614651987 741017963 1894914395 -404750765 -1360392488 300010088 -2081261215 -917353561 29083762 -2008870309 -607210535 865835376 661046745 -1735214651 -1176613501 -712246557 -2073097184 1359819378 26939913 1034317088 -437225260 -2112562893 -13725072 1303839154 402128087 843271727 817986304 1617217339 -723688328 71863550 -209921820
REM
CELL 1.54180  100.00000  100.00000  100.00000   90.00000   90.00000   90.00000
LATT -1
SFAC C  
C      1  0.4376700000000  0.4884010000000  0.5364540000000 1.0
C      1  0.4884010000000  0.5364540000000  0.4376700000000 1.0
C      1  0.5364540000000  0.4376700000000  0.4884010000000 1.0
C      1  0.5623300000000  0.5115990000000  0.5364540000000 1.0
C      1  0.4376700000000  0.5115990000000  0.4635460000000 1.0
C      1  0.5623300000000  0.4884010000000  0.4635460000000 1.0
C      1  0.5115990000000  0.4635460000000  0.4376700000000 1.0
C      1  0.4884010000000  0.4635460000000  0.5623300000000 1.0
C      1  0.5115990000000  0.5364540000000  0.5623300000000 1.0
C      1  0.4635460000000  0.5623300000000  0.4884010000000 1.0
C      1  0.5364540000000  0.5623300000000  0.5115990000000 1.0
C      1  0.4635460000000  0.4376700000000  0.5115990000000 1.0
C      1  0.4376710000000  0.4884010000000  0.4635460000000 1.0
C      1  0.4884010000000  0.5364540000000  0.5623290000000 1.0
C      1  0.5364540000000  0.4376710000000  0.5115990000000 1.0
C      1  0.5623290000000  0.5115990000000  0.4635460000000 1.0
C      1  0.4376710000000  0.5115990000000  0.5364540000000 1.0
C      1  0.5623290000000  0.4884010000000  0.5364540000000 1.0
C      1  0.5115990000000  0.4635460000000  0.5623290000000 1.0
C      1  0.4884010000000  0.4635460000000  0.4376710000000 1.0
C      1  0.5115990000000  0.5364540000000  0.4376700000000 1.0
C      1  0.4635460000000  0.5623300000000  0.5115990000000 1.0
C      1  0.5364540000000  0.5623290000000  0.4884010000000 1.0
C      1  0.4635460000000  0.4376710000000  0.4884010000000 1.0
C      1  0.5548950000000  0.5278020000000  0.4719570000000 1.0
C      1  0.5278020000000  0.4719570000000  0.5548950000000 1.0
C      1  0.4719570000000  0.5548950000000  0.5278020000000 1.0
C      1  0.4451050000000  0.4721980000000  0.4719570000000 1.0
C      1  0.5548950000000  0.4721980000000  0.5280430000000 1.0
C      1  0.4451050000000  0.5278020000000  0.5280430000000 1.0
C      1  0.4721980000000  0.5280430000000  0.5548950000000 1.0
C      1  0.5278020000000  0.5280430000000  0.4451050000000 1.0
C      1  0.4721980000000  0.4719570000000  0.4451050000000 1.0
C      1  0.5280430000000  0.4451050000000  0.5278020000000 1.0
C      1  0.4719570000000  0.4451050000000  0.4721980000000 1.0
C      1  0.5280430000000  0.5548950000000  0.4721980000000 1.0
C      1  0.5548950000000  0.5278020000000  0.5280430000000 1.0
C      1  0.5278020000000  0.4719570000000  0.4451050000000 1.0
C      1  0.4719570000000  0.5548950000000  0.4721980000000 1.0
C      1  0.4451050000000  0.4721980000000  0.5280430000000 1.0
C      1  0.5548950000000  0.4721980000000  0.4719570000000 1.0
C      1  0.4451050000000  0.5278020000000  0.4719570000000 1.0
C      1  0.4721980000000  0.5280430000000  0.4451050000000 1.0
C      1  0.5278020000000  0.5280430000000  0.5548950000000 1.0
C      1  0.4721980000000  0.4719570000000  0.5548950000000 1.0
C      1  0.5280430000000  0.4451050000000  0.4721980000000 1.0
C      1  0.4719570000000  0.4451050000000  0.5278020000000 1.0
C      1  0.5280430000000  0.5548950000000  0.5278020000000 1.0
C      1  0.4935730000000  0.5496360000000  0.5612570000000 1.0
C      1  0.5496360000000  0.5612570000000  0.4935730000000 1.0
C      1  0.5612570000000  0.4935730000000  0.5496360000000 1.0
C      1  0.5064270000000  0.4503640000000  0.5612570000000 1.0
C      1  0.4935730000000  0.4503640000000  0.4387430000000 1.0
C      1  0.5064270000000  0.5496360000000  0.4387430000000 1.0
C      1  0.4503640000000  0.4387430000000  0.4935730000000 1.0
C      1  0.5496360000000  0.4387430000000  0.5064270000000 1.0
C      1  0.4503640000000  0.5612570000000  0.5064270000000 1.0
C      1  0.4387430000000  0.5064270000000  0.5496360000000 1.0
C      1  0.5612570000000  0.5064270000000  0.4503640000000 1.0
C      1  0.4387430000000  0.4935730000000  0.4503640000000 1.0
C      1  0.4935730000000  0.5496360000000  0.4387430000000 1.0
C      1  0.5496370000000  0.5612570000000  0.5064270000000 1.0
C      1  0.5612570000000  0.4935730000000  0.4503630000000 1.0
C      1  0.5064270000000  0.4503630000000  0.4387430000000 1.0
C      1  0.4935730000000  0.4503630000000  0.5612570000000 1.0
C      1  0.5064270000000  0.5496370000000  0.5612570000000 1.0
C      1  0.4503630000000  0.4387430000000  0.5064270000000 1.0
C      1  0.5496370000000  0.4387430000000  0.4935730000000 1.0
C      1  0.4503640000000  0.5612570000000  0.4935730000000 1.0
C      1  0.4387430000000  0.5064270000000  0.4503640000000 1.0
C      1  0.5612570000000  0.5064270000000  0.5496370000000 1.0
C      1  0.4387430000000  0.4935730000000  0.5496370000000 1.0
C      1  0.5067350000000  0.5625000000000  0.5131330000000 1.0
C      1  0.5625000000000  0.5131330000000  0.5067350000000 1.0
C      1  0.5131330000000  0.5067350000000  0.5625000000000 1.0
C      1  0.4932650000000  0.4375000000000  0.5131330000000 1.0
C      1  0.5067350000000  0.4375000000000  0.4868670000000 1.0
C      1  0.4932650000000  0.5625000000000  0.4868670000000 1.0
C      1  0.4375000000000  0.4868670000000  0.5067350000000 1.0
C      1  0.5625000000000  0.4868670000000  0.4932650000000 1.0
C      1  0.4375000000000  0.5131330000000  0.4932650000000 1.0
C      1  0.4868670000000  0.4932650000000  0.5625000000000 1.0
C      1  0.5131330000000  0.4932650000000  0.4375000000000 1.0
C      1  0.4868670000000  0.5067350000000  0.4375000000000 1.0
C      1  0.5067350000000  0.5625000000000  0.4868670000000 1.0
C      1  0.5625000000000  0.5131330000000  0.4932650000000 1.0
C      1  0.5131330000000  0.5067350000000  0.4375000000000 1.0
C      1  0.4932650000000  0.4375000000000  0.4868670000000 1.0
C      1  0.5067350000000  0.4375000000000  0.5131330000000 1.0
C      1  0.4932650000000  0.5625000000000  0.5131330000000 1.0
C      1  0.4375000000000  0.4868670000000  0.4932650000000 1.0
C      1  0.5625000000000  0.4868670000000  0.5067350000000 1.0
C      1  0.4375000000000  0.5131330000000  0.5067350000000 1.0
C      1  0.4868670000000  0.4932650000000  0.4375000000000 1.0
C      1  0.5131330000000  0.4932650000000  0.5625000000000 1.0
C      1  0.4868670000000  0.5067350000000  0.5625000000000 1.0
C      1  0.4928840000000  0.4728070000000  0.4267520000000 1.0
C      1  0.4728070000000  0.4267520000000  0.4928840000000 1.0
C      1  0.4267520000000  0.4928840000000  0.4728070000000 1.0
C      1  0.5071160000000  0.5271930000000  0.4267520000000 1.0
C      1  0.4928840000000  0.5271930000000  0.5732480000000 1.0
C      1  0.5071160000000  0.4728070000000  0.5732480000000 1.0
C      1  0.5271930000000  0.5732480000000  0.4928840000000 1.0
C      1  0.4728070000000  0.5732480000000  0.5071160000000 1.0
C      1  0.5271930000000  0.4267520000000  0.5071160000000 1.0
C      1  0.5732480000000  0.5071160000000  0.4728070000000 1.0
C      1  0.4267520000000  0.5071160000000  0.5271930000000 1.0
C      1  0.5732480000000  0.4928840000000  0.5271930000000 1.0
C      1  0.4928840000000  0.4728070000000  0.5732480000000 1.0
C      1  0.4728070000000  0.4267520000000  0.5071160000000 1.0
C      1  0.4267520000000  0.4928840000000  0.5271930000000 1.0
C      1  0.5071160000000  0.5271930000000  0.5732480000000 1.0
C      1  0.4928840000000  0.5271930000000  0.4267520000000 1.0
C      1  0.5071160000000  0.4728070000000  0.4267520000000 1.0
C      1  0.5271930000000  0.5732480000000  0.5071160000000 1.0
C      1  0.4728070000000  0.5732480000000  0.4928840000000 1.0
C      1  0.5271930000000  0.4267520000000  0.4928840000000 1.0
C      1  0.5732480000000  0.5071160000000  0.5271930000000 1.0
C      1  0.4267520000000  0.5071160000000  0.4728070000000 1.0
C      1  0.5732480000000  0.4928840000000  0.4728070000000 1.0
C      1  0.4701810000000  0.5225980000000  0.5680250000000 1.0
C      1  0.5225980000000  0.5680250000000  0.4701810000000 1.0
C      1  0.5680250000000  0.4701810000000  0.5225980000000 1.0
C      1  0.5298190000000  0.4774020000000  0.5680250000000 1.0
C      1  0.4701810000000  0.4774020000000  0.4319750000000 1.0
C      1  0.5298190000000  0.5225980000000  0.4319750000000 1.0
C      1  0.4774020000000  0.4319750000000  0.4701810000000 1.0
C      1  0.5225980000000  0.4319750000000  0.5298190000000 1.0
C      1  0.4774020000000  0.5680250000000  0.5298190000000 1.0
C      1  0.4319750000000  0.5298190000000  0.5225980000000 1.0
C      1  0.5680250000000  0.5298190000000  0.4774020000000 1.0
C      1  0.4319750000000  0.4701810000000  0.4774020000000 1.0
C      1  0.4701810000000  0.5225980000000  0.4319750000000 1.0
C      1  0.5225980000000  0.5680250000000  0.5298190000000 1.0
C      1  0.5680250000000  0.4701810000000  0.4774020000000 1.0
C      1  0.5298190000000  0.4774020000000  0.4319750000000 1.0
C      1  0.4701810000000  0.4774020000000  0.5680250000000 1.0
C      1  0.5298190000000  0.5225980000000  0.5680250000000 1.0
C      1  0.4774020000000  0.4319750000000  0.5298190000000 1.0
C      1  0.5225980000000  0.4319750000000  0.4701810000000 1.0
C      1  0.4774020000000  0.5680250000000  0.4701810000000 1.0
C      1  0.4319750000000  0.5298190000000  0.4774020000000 1.0
C      1  0.5680250000000  0.5298190000000  0.5225980000000 1.0
C      1  0.4319750000000  0.4701810000000  0.5225980000000 1.0
C      1  0.5455730000000  0.5361230000000  0.5353880000000 1.0
C      1  0.5361230000000  0.5353880000000  0.5455730000000 1.0
C      1  0.5353880000000  0.5455730000000  0.5361230000000 1.0
C      1  0.4544270000000  0.4638770000000  0.5353880000000 1.0
C      1  0.5455730000000  0.4638770000000  0.4646120000000 1.0
C      1  0.4544270000000  0.5361230000000  0.4646120000000 1.0
C      1  0.4638770000000  0.4646120000000  0.5455730000000 1.0
C      1  0.5361230000000  0.4646120000000  0.4544270000000 1.0
C      1  0.4638770000000  0.5353880000000  0.4544270000000 1.0
C      1  0.4646120000000  0.4544270000000  0.5361230000000 1.0
C      1  0.5353880000000  0.4544270000000  0.4638770000000 1.0
C      1  0.4646120000000  0.5455730000000  0.4638770000000 1.0
C      1  0.5455730000000  0.5361230000000  0.4646120000000 1.0
C      1  0.5361230000000  0.5353880000000  0.4544270000000 1.0
C      1  0.5353880000000  0.5455730000000  0.4638770000000 1.0
C      1  0.4544270000000  0.4638770000000  0.4646120000000 1.0
C      1  0.5455730000000  0.4638770000000  0.5353880000000 1.0
C      1  0.4544270000000  0.5361230000000  0.5353880000000 1.0
C      1  0.4638770000000  0.4646120000000  0.4544270000000 1.0
C      1  0.5361230000000  0.4646120000000  0.5455730000000 1.0
C      1  0.4638770000000  0.5353880000000  0.5455730000000 1.0
C      1  0.4646120000000  0.4544270000000  0.4638770000000 1.0
C      1  0.5353880000000  0.4544270000000  0.5361230000000 1.0
C      1  0.4646120000000  0.5455730000000  0.5361230000000 1.0
C      1  0.5069190000000  0.5149100000000  0.5518220000000 1.0
C      1  0.5149100000000  0.5518220000000  0.5069190000000 1.0
C      1  0.5518220000000  0.5069190000000  0.5149100000000 1.0
C      1  0.4930810000000  0.4850900000000  0.5518220000000 1.0
C      1  0.5069190000000  0.4850900000000  0.4481780000000 1.0
C      1  0.4930810000000  0.5149100000000  0.4481780000000 1.0
C      1  0.4850900000000  0.4481780000000  0.5069190000000 1.0
C      1  0.5149100000000  0.4481780000000  0.4930810000000 1.0
C      1  0.4850900000000  0.5518220000000  0.4930810000000 1.0
C      1  0.4481780000000  0.4930810000000  0.5149100000000 1.0
C      1  0.5518220000000  0.4930810000000  0.4850900000000 1.0
C      1  0.4481780000000  0.5069190000000  0.4850900000000 1.0
C      1  0.5069190000000  0.5149100000000  0.4481780000000 1.0
C      1  0.5149100000000  0.5518220000000  0.4930810000000 1.0
C      1  0.5518220000000  0.5069190000000  0.4850900000000 1.0
C      1  0.4930810000000  0.4850900000000  0.4481780000000 1.0
C      1  0.5069190000000  0.4850900000000  0.5518220000000 1.0
C      1  0.4930810000000  0.5149100000000  0.5518220000000 1.0
C      1  0.4850900000000  0.4481780000000  0.4930810000000 1.0
C      1  0.5149100000000  0.4481780000000  0.5069190000000 1.0
C      1  0.4850900000000  0.5518220000000  0.5069190000000 1.0
C      1  0.4481780000000  0.4930810000000  0.4850900000000 1.0
C      1  0.5518220000000  0.4930810000000  0.5149100000000 1.0
C      1  0.4481780000000  0.5069190000000  0.5149100000000 1.0
C      1  0.4832450000000  0.4280200000000  0.4824330000000 1.0
C      1  0.4280200000000  0.4824330000000  0.4832450000000 1.0
C      1  0.4824330000000  0.4832450000000  0.4280200000000 1.0
C      1  0.5167550000000  0.5719800000000  0.4824330000000 1.0
C      1  0.4832450000000  0.5719800000000  0.5175670000000 1.0
C      1  0.5167550000000  0.4280200000000  0.5175670000000 1.0
C      1  0.5719800000000  0.5175670000000  0.4832450000000 1.0
C      1  0.4280200000000  0.5175670000000  0.5167550000000 1.0
C      1  0.5719800000000  0.4824330000000  0.5167550000000 1.0
C      1  0.5175670000000  0.5167550000000  0.4280200000000 1.0
C      1  0.4824330000000  0.5167550000000  0.5719800000000 1.0
C      1  0.5175670000000  0.4832450000000  0.5719800000000 1.0
C      1  0.4832450000000  0.4280200000000  0.5175670000000 1.0
C      1  0.4280200000000  0.4824330000000  0.5167550000000 1.0
C      1  0.4824330000000  0.4832450000000  0.5719800000000 1.0
C      1  0.5167550000000  0.5719800000000  0.5175670000000 1.0
C      1  0.4832450000000  0.5719800000000  0.4824330000000 1.0
C      1  0.5167550000000  0.4280200000000  0.4824330000000 1.0
C      1  0.5719800000000  0.5175670000000  0.5167550000000 1.0
C      1  0.4280200000000  0.5175670000000  0.4832450000000 1.0
C      1  0.5719800000000  0.4824330000000  0.4832450000000 1.0
C      1  0.5175670000000  0.5167550000000  0.5719800000000 1.0
C      1  0.4824330000000  0.5167550000000  0.4280200000000 1.0
C      1  0.5175670000000  0.4832450000000  0.4280200000000 1.0
C      1  0.4863260000000  0.5272970000000  0.5512040000000 1.0
C      1  0.5272970000000  0.5512040000000  0.4863260000000 1.0
C      1  0.5512040000000  0.4863260000000  0.5272970000000 1.0
C      1  0.5136740000000  0.4727030000000  0.5512040000000 1.0
C      1  0.4863260000000  0.4727030000000  0.4487960000000 1.0
C      1  0.5136740000000  0.5272970000000  0.4487960000000 1.0
C      1  0.4727030000000  0.4487960000000  0.4863260000000 1.0
C      1  0.5272970000000  0.4487960000000  0.5136740000000 1.0
C      1  0.4727030000000  0.5512040000000  0.5136740000000 1.0
C      1  0.4487960000000  0.5136740000000  0.5272970000000 1.0
C      1  0.5512040000000  0.5136740000000  0.4727030000000 1.0
C      1  0.4487960000000  0.4863260000000  0.4727030000000 1.0
C      1  0.4863260000000  0.5272970000000  0.4487960000000 1.0
C      1  0.5272970000000  0.5512040000000  0.5136740000000 1.0
C      1  0.5512040000000  0.4863260000000  0.4727030000000 1.0
C      1  0.5136740000000  0.4727030000000  0.4487960000000 1.0
C      1  0.4863260000000  0.4727030000000  0.5512040000000 1.0
C      1  0.5136740000000  0.5272970000000  0.5512040000000 1.0
C      1  0.4727030000000  0.4487960000000  0.5136740000000 1.0
C      1  0.5272970000000  0.4487960000000  0.4863260000000 1.0
C      1  0.4727030000000  0.5512040000000  0.4863260000000 1.0
C      1  0.4487960000000  0.5136740000000  0.4727030000000 1.0
C      1  0.5512040000000  0.5136740000000  0.5272970000000 1.0
C      1  0.4487960000000  0.4863260000000  0.5272970000000 1.0
END
