TITL C-1379268-1316-335 -4.84549676109465e-07 1000000 -1291.10966218268 0 0 180 (Th) n - 1
REM
REM in /nfs/bkarasulu/CARBON/AIRSS/Generating-Clusters/GAP-ML-2020/Higher-Symm/Selected-Sizes/TryA-Only_Ih-Symm/Larger-Clusters/Try2-MINAMP_6A
REM
REM
REM
REM
REM
REM ./C.cell (31579ac4e95a012ec27f3239692ae8a5)
REM
REM compiler GCC version 9.2.1 20190827 (Red Hat 9.2.1-1)
REM options -cpp -mtune=generic -march=x86-64 -g -O0 -fpre-include=/usr/include/finclude/math-vector-fortran.h
REM seed 1512492887 1641097215 1715354513 -1225086669 -1231118147 1850902958 -1462019557 -1278523999 703244321 -948737294 1304874957 1724678228 -1027304569 -237698642 -1171094431 -235082661 -524958577 1682934098 -1691906504 -1093168019 -6008565 -285792453 -1766178644 -745298247 -1268666434 95058963 -1435108429 1721154355 -494827770 1398617152 2055578125 -1786458005 -1792665383
REM
CELL 1.54180  100.00000  100.00000  100.00000   90.00000   90.00000   90.00000
LATT -1
SFAC C  
C      1  0.5160880000000  0.5379650000000  0.4611690000000 1.0
C      1  0.5379650000000  0.4611690000000  0.5160880000000 1.0
C      1  0.4611690000000  0.5160880000000  0.5379650000000 1.0
C      1  0.4839120000000  0.4620350000000  0.4611690000000 1.0
C      1  0.5160880000000  0.4620350000000  0.5388310000000 1.0
C      1  0.4839120000000  0.5379650000000  0.5388310000000 1.0
C      1  0.4620350000000  0.5388310000000  0.5160880000000 1.0
C      1  0.5379650000000  0.5388310000000  0.4839120000000 1.0
C      1  0.4620350000000  0.4611690000000  0.4839120000000 1.0
C      1  0.5388310000000  0.4839120000000  0.5379650000000 1.0
C      1  0.4611690000000  0.4839120000000  0.4620350000000 1.0
C      1  0.5388310000000  0.5160880000000  0.4620350000000 1.0
C      1  0.5160880000000  0.5379650000000  0.5388310000000 1.0
C      1  0.5379650000000  0.4611690000000  0.4839120000000 1.0
C      1  0.4611690000000  0.5160880000000  0.4620350000000 1.0
C      1  0.4839120000000  0.4620350000000  0.5388310000000 1.0
C      1  0.5160880000000  0.4620350000000  0.4611690000000 1.0
C      1  0.4839120000000  0.5379650000000  0.4611690000000 1.0
C      1  0.4620350000000  0.5388310000000  0.4839120000000 1.0
C      1  0.5379650000000  0.5388310000000  0.5160880000000 1.0
C      1  0.4620350000000  0.4611690000000  0.5160880000000 1.0
C      1  0.5388310000000  0.4839120000000  0.4620350000000 1.0
C      1  0.4611690000000  0.4839120000000  0.5379650000000 1.0
C      1  0.5388310000000  0.5160880000000  0.5379650000000 1.0
C      1  0.5118760000000  0.4732830000000  0.4398240000000 1.0
C      1  0.4732830000000  0.4398240000000  0.5118760000000 1.0
C      1  0.4398240000000  0.5118760000000  0.4732830000000 1.0
C      1  0.4881240000000  0.5267170000000  0.4398240000000 1.0
C      1  0.5118760000000  0.5267170000000  0.5601760000000 1.0
C      1  0.4881240000000  0.4732830000000  0.5601760000000 1.0
C      1  0.5267170000000  0.5601760000000  0.5118760000000 1.0
C      1  0.4732830000000  0.5601760000000  0.4881240000000 1.0
C      1  0.5267170000000  0.4398240000000  0.4881240000000 1.0
C      1  0.5601760000000  0.4881240000000  0.4732830000000 1.0
C      1  0.4398240000000  0.4881240000000  0.5267170000000 1.0
C      1  0.5601760000000  0.5118760000000  0.5267170000000 1.0
C      1  0.5118760000000  0.4732830000000  0.5601760000000 1.0
C      1  0.4732830000000  0.4398240000000  0.4881240000000 1.0
C      1  0.4398240000000  0.5118760000000  0.5267170000000 1.0
C      1  0.4881240000000  0.5267170000000  0.5601760000000 1.0
C      1  0.5118760000000  0.5267170000000  0.4398240000000 1.0
C      1  0.4881240000000  0.4732830000000  0.4398240000000 1.0
C      1  0.5267170000000  0.5601760000000  0.4881240000000 1.0
C      1  0.4732830000000  0.5601760000000  0.5118760000000 1.0
C      1  0.5267170000000  0.4398240000000  0.5118760000000 1.0
C      1  0.5601760000000  0.4881240000000  0.5267170000000 1.0
C      1  0.4398240000000  0.4881240000000  0.4732830000000 1.0
C      1  0.5601760000000  0.5118760000000  0.4732830000000 1.0
C      1  0.4845070000000  0.5140190000000  0.4341460000000 1.0
C      1  0.5140190000000  0.4341460000000  0.4845070000000 1.0
C      1  0.4341460000000  0.4845070000000  0.5140190000000 1.0
C      1  0.5154930000000  0.4859810000000  0.4341460000000 1.0
C      1  0.4845070000000  0.4859810000000  0.5658540000000 1.0
C      1  0.5154930000000  0.5140190000000  0.5658540000000 1.0
C      1  0.4859810000000  0.5658540000000  0.4845070000000 1.0
C      1  0.5140190000000  0.5658540000000  0.5154930000000 1.0
C      1  0.4859810000000  0.4341460000000  0.5154930000000 1.0
C      1  0.5658540000000  0.5154930000000  0.5140190000000 1.0
C      1  0.4341460000000  0.5154930000000  0.4859810000000 1.0
C      1  0.5658540000000  0.4845070000000  0.4859810000000 1.0
C      1  0.4845070000000  0.5140190000000  0.5658540000000 1.0
C      1  0.5140190000000  0.4341460000000  0.5154930000000 1.0
C      1  0.4341460000000  0.4845070000000  0.4859810000000 1.0
C      1  0.5154930000000  0.4859810000000  0.5658540000000 1.0
C      1  0.4845070000000  0.4859810000000  0.4341460000000 1.0
C      1  0.5154930000000  0.5140190000000  0.4341460000000 1.0
C      1  0.4859810000000  0.5658540000000  0.5154930000000 1.0
C      1  0.5140190000000  0.5658540000000  0.4845070000000 1.0
C      1  0.4859810000000  0.4341460000000  0.4845070000000 1.0
C      1  0.5658540000000  0.5154930000000  0.4859810000000 1.0
C      1  0.4341460000000  0.5154930000000  0.5140190000000 1.0
C      1  0.5658540000000  0.4845070000000  0.5140190000000 1.0
C      1  0.4926300000000  0.4927170000000  0.4250920000000 1.0
C      1  0.4927170000000  0.4250920000000  0.4926300000000 1.0
C      1  0.4250920000000  0.4926300000000  0.4927170000000 1.0
C      1  0.5073700000000  0.5072830000000  0.4250920000000 1.0
C      1  0.4926300000000  0.5072830000000  0.5749080000000 1.0
C      1  0.5073700000000  0.4927170000000  0.5749080000000 1.0
C      1  0.5072830000000  0.5749080000000  0.4926300000000 1.0
C      1  0.4927170000000  0.5749080000000  0.5073700000000 1.0
C      1  0.5072830000000  0.4250920000000  0.5073700000000 1.0
C      1  0.5749080000000  0.5073700000000  0.4927170000000 1.0
C      1  0.4250920000000  0.5073700000000  0.5072830000000 1.0
C      1  0.5749080000000  0.4926300000000  0.5072830000000 1.0
C      1  0.4926300000000  0.4927170000000  0.5749080000000 1.0
C      1  0.4927170000000  0.4250920000000  0.5073700000000 1.0
C      1  0.4250920000000  0.4926300000000  0.5072830000000 1.0
C      1  0.5073700000000  0.5072830000000  0.5749080000000 1.0
C      1  0.4926300000000  0.5072830000000  0.4250920000000 1.0
C      1  0.5073700000000  0.4927170000000  0.4250920000000 1.0
C      1  0.5072830000000  0.5749080000000  0.5073700000000 1.0
C      1  0.4927170000000  0.5749080000000  0.4926300000000 1.0
C      1  0.5072830000000  0.4250920000000  0.4926300000000 1.0
C      1  0.5749080000000  0.5073700000000  0.5072830000000 1.0
C      1  0.4250920000000  0.5073700000000  0.4927170000000 1.0
C      1  0.5749080000000  0.4926300000000  0.4927170000000 1.0
C      1  0.5192770000000  0.5285290000000  0.5478790000000 1.0
C      1  0.5285290000000  0.5478790000000  0.5192770000000 1.0
C      1  0.5478790000000  0.5192770000000  0.5285290000000 1.0
C      1  0.4807230000000  0.4714710000000  0.5478790000000 1.0
C      1  0.5192770000000  0.4714710000000  0.4521210000000 1.0
C      1  0.4807230000000  0.5285290000000  0.4521210000000 1.0
C      1  0.4714710000000  0.4521210000000  0.5192770000000 1.0
C      1  0.5285290000000  0.4521210000000  0.4807230000000 1.0
C      1  0.4714710000000  0.5478790000000  0.4807230000000 1.0
C      1  0.4521210000000  0.4807230000000  0.5285290000000 1.0
C      1  0.5478790000000  0.4807230000000  0.4714710000000 1.0
C      1  0.4521210000000  0.5192770000000  0.4714710000000 1.0
C      1  0.5192770000000  0.5285290000000  0.4521210000000 1.0
C      1  0.5285290000000  0.5478790000000  0.4807230000000 1.0
C      1  0.5478790000000  0.5192770000000  0.4714710000000 1.0
C      1  0.4807230000000  0.4714710000000  0.4521210000000 1.0
C      1  0.5192770000000  0.4714700000000  0.5478790000000 1.0
C      1  0.4807230000000  0.5285290000000  0.5478790000000 1.0
C      1  0.4714710000000  0.4521210000000  0.4807230000000 1.0
C      1  0.5285290000000  0.4521210000000  0.5192770000000 1.0
C      1  0.4714710000000  0.5478790000000  0.5192770000000 1.0
C      1  0.4521210000000  0.4807230000000  0.4714710000000 1.0
C      1  0.5478790000000  0.4807230000000  0.5285290000000 1.0
C      1  0.4521210000000  0.5192770000000  0.5285290000000 1.0
C      1  0.5168230000000  0.5465830000000  0.5286320000000 1.0
C      1  0.5465830000000  0.5286320000000  0.5168230000000 1.0
C      1  0.5286320000000  0.5168230000000  0.5465830000000 1.0
C      1  0.4831770000000  0.4534170000000  0.5286320000000 1.0
C      1  0.5168230000000  0.4534170000000  0.4713680000000 1.0
C      1  0.4831770000000  0.5465830000000  0.4713680000000 1.0
C      1  0.4534170000000  0.4713680000000  0.5168230000000 1.0
C      1  0.5465830000000  0.4713680000000  0.4831770000000 1.0
C      1  0.4534170000000  0.5286320000000  0.4831770000000 1.0
C      1  0.4713680000000  0.4831770000000  0.5465830000000 1.0
C      1  0.5286320000000  0.4831770000000  0.4534170000000 1.0
C      1  0.4713680000000  0.5168230000000  0.4534170000000 1.0
C      1  0.5168230000000  0.5465830000000  0.4713680000000 1.0
C      1  0.5465830000000  0.5286320000000  0.4831770000000 1.0
C      1  0.5286320000000  0.5168230000000  0.4534170000000 1.0
C      1  0.4831770000000  0.4534170000000  0.4713680000000 1.0
C      1  0.5168230000000  0.4534170000000  0.5286320000000 1.0
C      1  0.4831770000000  0.5465830000000  0.5286320000000 1.0
C      1  0.4534170000000  0.4713680000000  0.4831770000000 1.0
C      1  0.5465830000000  0.4713680000000  0.5168230000000 1.0
C      1  0.4534170000000  0.5286320000000  0.5168230000000 1.0
C      1  0.4713680000000  0.4831770000000  0.4534170000000 1.0
C      1  0.5286320000000  0.4831770000000  0.5465830000000 1.0
C      1  0.4713680000000  0.5168230000000  0.5465830000000 1.0
C      1  0.4928900000000  0.4431810000000  0.4756660000000 1.0
C      1  0.4431810000000  0.4756660000000  0.4928900000000 1.0
C      1  0.4756660000000  0.4928900000000  0.4431810000000 1.0
C      1  0.5071100000000  0.5568190000000  0.4756660000000 1.0
C      1  0.4928900000000  0.5568190000000  0.5243340000000 1.0
C      1  0.5071100000000  0.4431810000000  0.5243340000000 1.0
C      1  0.5568190000000  0.5243340000000  0.4928900000000 1.0
C      1  0.4431810000000  0.5243340000000  0.5071100000000 1.0
C      1  0.5568190000000  0.4756660000000  0.5071100000000 1.0
C      1  0.5243340000000  0.5071100000000  0.4431810000000 1.0
C      1  0.4756660000000  0.5071100000000  0.5568190000000 1.0
C      1  0.5243340000000  0.4928900000000  0.5568190000000 1.0
C      1  0.4928900000000  0.4431810000000  0.5243340000000 1.0
C      1  0.4431810000000  0.4756660000000  0.5071100000000 1.0
C      1  0.4756660000000  0.4928900000000  0.5568190000000 1.0
C      1  0.5071100000000  0.5568190000000  0.5243340000000 1.0
C      1  0.4928900000000  0.5568190000000  0.4756660000000 1.0
C      1  0.5071100000000  0.4431810000000  0.4756660000000 1.0
C      1  0.5568190000000  0.5243340000000  0.5071100000000 1.0
C      1  0.4431810000000  0.5243340000000  0.4928900000000 1.0
C      1  0.5568190000000  0.4756660000000  0.4928900000000 1.0
C      1  0.5243340000000  0.5071100000000  0.5568190000000 1.0
C      1  0.4756660000000  0.5071100000000  0.4431810000000 1.0
C      1  0.5243340000000  0.4928900000000  0.4431810000000 1.0
C      1  0.5000000000000  0.5325750000000  0.5634440000000 1.0
C      1  0.5325750000000  0.5634440000000  0.5000000000000 1.0
C      1  0.5634440000000  0.5000000000000  0.5325750000000 1.0
C      1  0.5000000000000  0.4674250000000  0.5634440000000 1.0
C      1  0.5000000000000  0.4674250000000  0.4365560000000 1.0
C      1  0.5000000000000  0.5325750000000  0.4365560000000 1.0
C      1  0.4674250000000  0.4365560000000  0.5000000000000 1.0
C      1  0.5325750000000  0.4365560000000  0.5000000000000 1.0
C      1  0.4674250000000  0.5634440000000  0.5000000000000 1.0
C      1  0.4365560000000  0.5000000000000  0.5325750000000 1.0
C      1  0.5634440000000  0.5000000000000  0.4674250000000 1.0
C      1  0.4365560000000  0.5000000000000  0.4674250000000 1.0
END
