TITL C-1379265-1223-379 7.43616289106154e-07 1000000 -4026.28697806601 0 0 540 (Th) n - 1
REM
REM in /nfs/bkarasulu/CARBON/AIRSS/Generating-Clusters/GAP-ML-2020/Higher-Symm/Selected-Sizes/TryA-Only_Ih-Symm/Larger-Clusters/Try2-MINAMP_6A
REM
REM
REM
REM
REM
REM ./C.cell (31579ac4e95a012ec27f3239692ae8a5)
REM
REM compiler GCC version 9.2.1 20190827 (Red Hat 9.2.1-1)
REM options -cpp -mtune=generic -march=x86-64 -g -O0 -fpre-include=/usr/include/finclude/math-vector-fortran.h
REM seed -371804568 1325513268 59308486 306660613 -369875895 1854475833 -799835023 -1996067597 -246340629 1523219900 -1008224589 963305059 1558614346 345066657 1612643539 -1952601156 1534326477 2033806869 -869822993 -337759977 -1676686116 -812193576 1468722098 -806262107 954475673 -324585368 2065102983 -294945393 -1724633604 1329535921 1792768804 1119834727 -980040113
REM
CELL 1.54180  100.00000  100.00000  100.00000   90.00000   90.00000   90.00000
LATT -1
SFAC C  
C      1  0.4204450000000  0.4873460000000  0.4642220000000 1.0
C      1  0.4873460000000  0.4642220000000  0.4204450000000 1.0
C      1  0.4642220000000  0.4204450000000  0.4873460000000 1.0
C      1  0.5795550000000  0.5126540000000  0.4642220000000 1.0
C      1  0.4204450000000  0.5126540000000  0.5357780000000 1.0
C      1  0.5795550000000  0.4873460000000  0.5357780000000 1.0
C      1  0.5126540000000  0.5357780000000  0.4204450000000 1.0
C      1  0.4873460000000  0.5357780000000  0.5795550000000 1.0
C      1  0.5126540000000  0.4642220000000  0.5795550000000 1.0
C      1  0.5357780000000  0.5795550000000  0.4873460000000 1.0
C      1  0.4642220000000  0.5795550000000  0.5126540000000 1.0
C      1  0.5357780000000  0.4204450000000  0.5126540000000 1.0
C      1  0.4204450000000  0.4873460000000  0.5357780000000 1.0
C      1  0.4873460000000  0.4642220000000  0.5795550000000 1.0
C      1  0.4642220000000  0.4204450000000  0.5126540000000 1.0
C      1  0.5795550000000  0.5126540000000  0.5357780000000 1.0
C      1  0.4204450000000  0.5126540000000  0.4642220000000 1.0
C      1  0.5795550000000  0.4873460000000  0.4642220000000 1.0
C      1  0.5126540000000  0.5357780000000  0.5795550000000 1.0
C      1  0.4873460000000  0.5357780000000  0.4204450000000 1.0
C      1  0.5126540000000  0.4642220000000  0.4204450000000 1.0
C      1  0.5357780000000  0.5795550000000  0.5126540000000 1.0
C      1  0.4642220000000  0.5795550000000  0.4873460000000 1.0
C      1  0.5357780000000  0.4204450000000  0.4873460000000 1.0
C      1  0.4088000000000  0.5307340000000  0.5069170000000 1.0
C      1  0.5307340000000  0.5069170000000  0.4088000000000 1.0
C      1  0.5069170000000  0.4088000000000  0.5307340000000 1.0
C      1  0.5912000000000  0.4692660000000  0.5069170000000 1.0
C      1  0.4088000000000  0.4692660000000  0.4930830000000 1.0
C      1  0.5912000000000  0.5307340000000  0.4930830000000 1.0
C      1  0.4692660000000  0.4930830000000  0.4088000000000 1.0
C      1  0.5307340000000  0.4930830000000  0.5912000000000 1.0
C      1  0.4692660000000  0.5069170000000  0.5912000000000 1.0
C      1  0.4930830000000  0.5912000000000  0.5307340000000 1.0
C      1  0.5069170000000  0.5912000000000  0.4692660000000 1.0
C      1  0.4930830000000  0.4088000000000  0.4692660000000 1.0
C      1  0.4088000000000  0.5307340000000  0.4930830000000 1.0
C      1  0.5307340000000  0.5069170000000  0.5912000000000 1.0
C      1  0.5069170000000  0.4088000000000  0.4692660000000 1.0
C      1  0.5912000000000  0.4692660000000  0.4930830000000 1.0
C      1  0.4088000000000  0.4692660000000  0.5069170000000 1.0
C      1  0.5912000000000  0.5307340000000  0.5069170000000 1.0
C      1  0.4692660000000  0.4930830000000  0.5912000000000 1.0
C      1  0.5307340000000  0.4930830000000  0.4088000000000 1.0
C      1  0.4692660000000  0.5069170000000  0.4088000000000 1.0
C      1  0.4930830000000  0.5912000000000  0.4692660000000 1.0
C      1  0.5069170000000  0.5912000000000  0.5307340000000 1.0
C      1  0.4930830000000  0.4088000000000  0.5307340000000 1.0
C      1  0.4825670000000  0.5242760000000  0.5377880000000 1.0
C      1  0.5242760000000  0.5377880000000  0.4825670000000 1.0
C      1  0.5377880000000  0.4825670000000  0.5242760000000 1.0
C      1  0.5174330000000  0.4757240000000  0.5377880000000 1.0
C      1  0.4825670000000  0.4757240000000  0.4622120000000 1.0
C      1  0.5174330000000  0.5242760000000  0.4622120000000 1.0
C      1  0.4757240000000  0.4622120000000  0.4825670000000 1.0
C      1  0.5242760000000  0.4622120000000  0.5174330000000 1.0
C      1  0.4757240000000  0.5377890000000  0.5174330000000 1.0
C      1  0.4622120000000  0.5174330000000  0.5242760000000 1.0
C      1  0.5377890000000  0.5174330000000  0.4757240000000 1.0
C      1  0.4622120000000  0.4825670000000  0.4757240000000 1.0
C      1  0.4825670000000  0.5242760000000  0.4622120000000 1.0
C      1  0.5242760000000  0.5377880000000  0.5174330000000 1.0
C      1  0.5377880000000  0.4825670000000  0.4757240000000 1.0
C      1  0.5174330000000  0.4757240000000  0.4622120000000 1.0
C      1  0.4825670000000  0.4757240000000  0.5377880000000 1.0
C      1  0.5174330000000  0.5242760000000  0.5377880000000 1.0
C      1  0.4757240000000  0.4622120000000  0.5174330000000 1.0
C      1  0.5242760000000  0.4622120000000  0.4825670000000 1.0
C      1  0.4757240000000  0.5377880000000  0.4825670000000 1.0
C      1  0.4622110000000  0.5174330000000  0.4757240000000 1.0
C      1  0.5377880000000  0.5174330000000  0.5242760000000 1.0
C      1  0.4622120000000  0.4825670000000  0.5242760000000 1.0
C      1  0.5302800000000  0.4569080000000  0.4358000000000 1.0
C      1  0.4569080000000  0.4358000000000  0.5302800000000 1.0
C      1  0.4358000000000  0.5302800000000  0.4569080000000 1.0
C      1  0.4697200000000  0.5430920000000  0.4358000000000 1.0
C      1  0.5302800000000  0.5430920000000  0.5642000000000 1.0
C      1  0.4697200000000  0.4569080000000  0.5642000000000 1.0
C      1  0.5430920000000  0.5642000000000  0.5302800000000 1.0
C      1  0.4569080000000  0.5642000000000  0.4697200000000 1.0
C      1  0.5430920000000  0.4358000000000  0.4697200000000 1.0
C      1  0.5642000000000  0.4697200000000  0.4569080000000 1.0
C      1  0.4358000000000  0.4697200000000  0.5430920000000 1.0
C      1  0.5642000000000  0.5302800000000  0.5430920000000 1.0
C      1  0.5302800000000  0.4569080000000  0.5642000000000 1.0
C      1  0.4569080000000  0.4358000000000  0.4697200000000 1.0
C      1  0.4358000000000  0.5302800000000  0.5430920000000 1.0
C      1  0.4697200000000  0.5430920000000  0.5642000000000 1.0
C      1  0.5302800000000  0.5430920000000  0.4358000000000 1.0
C      1  0.4697200000000  0.4569080000000  0.4358000000000 1.0
C      1  0.5430920000000  0.5642000000000  0.4697200000000 1.0
C      1  0.4569080000000  0.5642000000000  0.5302800000000 1.0
C      1  0.5430920000000  0.4358000000000  0.5302800000000 1.0
C      1  0.5642000000000  0.4697200000000  0.5430920000000 1.0
C      1  0.4358000000000  0.4697200000000  0.4569080000000 1.0
C      1  0.5642000000000  0.5302800000000  0.4569080000000 1.0
C      1  0.4929440000000  0.5451750000000  0.4668700000000 1.0
C      1  0.5451750000000  0.4668700000000  0.4929440000000 1.0
C      1  0.4668700000000  0.4929440000000  0.5451750000000 1.0
C      1  0.5070560000000  0.4548250000000  0.4668700000000 1.0
C      1  0.4929440000000  0.4548250000000  0.5331300000000 1.0
C      1  0.5070560000000  0.5451750000000  0.5331300000000 1.0
C      1  0.4548250000000  0.5331300000000  0.4929440000000 1.0
C      1  0.5451750000000  0.5331300000000  0.5070560000000 1.0
C      1  0.4548250000000  0.4668700000000  0.5070560000000 1.0
C      1  0.5331300000000  0.5070560000000  0.5451750000000 1.0
C      1  0.4668700000000  0.5070560000000  0.4548250000000 1.0
C      1  0.5331300000000  0.4929440000000  0.4548250000000 1.0
C      1  0.4929440000000  0.5451750000000  0.5331300000000 1.0
C      1  0.5451750000000  0.4668700000000  0.5070560000000 1.0
C      1  0.4668700000000  0.4929440000000  0.4548250000000 1.0
C      1  0.5070560000000  0.4548250000000  0.5331300000000 1.0
C      1  0.4929440000000  0.4548250000000  0.4668700000000 1.0
C      1  0.5070560000000  0.5451750000000  0.4668700000000 1.0
C      1  0.4548250000000  0.5331300000000  0.5070560000000 1.0
C      1  0.5451750000000  0.5331300000000  0.4929440000000 1.0
C      1  0.4548250000000  0.4668700000000  0.4929440000000 1.0
C      1  0.5331300000000  0.5070560000000  0.4548250000000 1.0
C      1  0.4668700000000  0.5070560000000  0.5451750000000 1.0
C      1  0.5331300000000  0.4929440000000  0.5451750000000 1.0
C      1  0.4669790000000  0.5693970000000  0.4611200000000 1.0
C      1  0.5693970000000  0.4611200000000  0.4669790000000 1.0
C      1  0.4611200000000  0.4669790000000  0.5693970000000 1.0
C      1  0.5330210000000  0.4306030000000  0.4611200000000 1.0
C      1  0.4669790000000  0.4306030000000  0.5388800000000 1.0
C      1  0.5330210000000  0.5693970000000  0.5388800000000 1.0
C      1  0.4306030000000  0.5388800000000  0.4669790000000 1.0
C      1  0.5693970000000  0.5388800000000  0.5330210000000 1.0
C      1  0.4306030000000  0.4611200000000  0.5330210000000 1.0
C      1  0.5388800000000  0.5330210000000  0.5693970000000 1.0
C      1  0.4611200000000  0.5330210000000  0.4306030000000 1.0
C      1  0.5388800000000  0.4669790000000  0.4306030000000 1.0
C      1  0.4669790000000  0.5693970000000  0.5388800000000 1.0
C      1  0.5693970000000  0.4611200000000  0.5330210000000 1.0
C      1  0.4611200000000  0.4669790000000  0.4306030000000 1.0
C      1  0.5330210000000  0.4306030000000  0.5388800000000 1.0
C      1  0.4669790000000  0.4306030000000  0.4611200000000 1.0
C      1  0.5330210000000  0.5693970000000  0.4611200000000 1.0
C      1  0.4306030000000  0.5388800000000  0.5330210000000 1.0
C      1  0.5693970000000  0.5388800000000  0.4669790000000 1.0
C      1  0.4306030000000  0.4611200000000  0.4669790000000 1.0
C      1  0.5388800000000  0.5330210000000  0.4306030000000 1.0
C      1  0.4611200000000  0.5330210000000  0.5693970000000 1.0
C      1  0.5388800000000  0.4669790000000  0.5693970000000 1.0
C      1  0.5141450000000  0.4406530000000  0.5140210000000 1.0
C      1  0.4406530000000  0.5140210000000  0.5141450000000 1.0
C      1  0.5140210000000  0.5141450000000  0.4406530000000 1.0
C      1  0.4858550000000  0.5593470000000  0.5140210000000 1.0
C      1  0.5141450000000  0.5593470000000  0.4859790000000 1.0
C      1  0.4858550000000  0.4406530000000  0.4859790000000 1.0
C      1  0.5593470000000  0.4859790000000  0.5141450000000 1.0
C      1  0.4406530000000  0.4859790000000  0.4858550000000 1.0
C      1  0.5593470000000  0.5140210000000  0.4858550000000 1.0
C      1  0.4859790000000  0.4858550000000  0.4406530000000 1.0
C      1  0.5140210000000  0.4858550000000  0.5593470000000 1.0
C      1  0.4859790000000  0.5141450000000  0.5593470000000 1.0
C      1  0.5141450000000  0.4406530000000  0.4859790000000 1.0
C      1  0.4406530000000  0.5140210000000  0.4858550000000 1.0
C      1  0.5140210000000  0.5141450000000  0.5593470000000 1.0
C      1  0.4858550000000  0.5593470000000  0.4859790000000 1.0
C      1  0.5141450000000  0.5593470000000  0.5140210000000 1.0
C      1  0.4858550000000  0.4406530000000  0.5140210000000 1.0
C      1  0.5593470000000  0.4859790000000  0.4858550000000 1.0
C      1  0.4406530000000  0.4859790000000  0.5141450000000 1.0
C      1  0.5593470000000  0.5140210000000  0.5141450000000 1.0
C      1  0.4859790000000  0.4858550000000  0.5593470000000 1.0
C      1  0.5140210000000  0.4858550000000  0.4406530000000 1.0
C      1  0.4859790000000  0.5141450000000  0.4406530000000 1.0
C      1  0.5264970000000  0.5810470000000  0.5354490000000 1.0
C      1  0.5810470000000  0.5354490000000  0.5264970000000 1.0
C      1  0.5354490000000  0.5264970000000  0.5810470000000 1.0
C      1  0.4735030000000  0.4189530000000  0.5354490000000 1.0
C      1  0.5264970000000  0.4189530000000  0.4645510000000 1.0
C      1  0.4735030000000  0.5810470000000  0.4645510000000 1.0
C      1  0.4189530000000  0.4645510000000  0.5264970000000 1.0
C      1  0.5810470000000  0.4645510000000  0.4735030000000 1.0
C      1  0.4189530000000  0.5354490000000  0.4735030000000 1.0
C      1  0.4645510000000  0.4735030000000  0.5810470000000 1.0
C      1  0.5354490000000  0.4735030000000  0.4189530000000 1.0
C      1  0.4645510000000  0.5264970000000  0.4189530000000 1.0
C      1  0.5264970000000  0.5810470000000  0.4645510000000 1.0
C      1  0.5810470000000  0.5354490000000  0.4735030000000 1.0
C      1  0.5354490000000  0.5264970000000  0.4189530000000 1.0
C      1  0.4735030000000  0.4189530000000  0.4645510000000 1.0
C      1  0.5264970000000  0.4189530000000  0.5354490000000 1.0
C      1  0.4735030000000  0.5810470000000  0.5354490000000 1.0
C      1  0.4189530000000  0.4645510000000  0.4735030000000 1.0
C      1  0.5810470000000  0.4645510000000  0.5264970000000 1.0
C      1  0.4189530000000  0.5354490000000  0.5264970000000 1.0
C      1  0.4645510000000  0.4735030000000  0.4189530000000 1.0
C      1  0.5354490000000  0.4735030000000  0.5810470000000 1.0
C      1  0.4645510000000  0.5264970000000  0.5810470000000 1.0
C      1  0.5688800000000  0.4834510000000  0.4553610000000 1.0
C      1  0.4834510000000  0.4553610000000  0.5688800000000 1.0
C      1  0.4553610000000  0.5688800000000  0.4834510000000 1.0
C      1  0.4311200000000  0.5165490000000  0.4553610000000 1.0
C      1  0.5688800000000  0.5165490000000  0.5446390000000 1.0
C      1  0.4311200000000  0.4834510000000  0.5446390000000 1.0
C      1  0.5165490000000  0.5446390000000  0.5688800000000 1.0
C      1  0.4834510000000  0.5446390000000  0.4311200000000 1.0
C      1  0.5165490000000  0.4553610000000  0.4311200000000 1.0
C      1  0.5446390000000  0.4311200000000  0.4834510000000 1.0
C      1  0.4553610000000  0.4311200000000  0.5165490000000 1.0
C      1  0.5446390000000  0.5688800000000  0.5165490000000 1.0
C      1  0.5688800000000  0.4834510000000  0.5446390000000 1.0
C      1  0.4834510000000  0.4553610000000  0.4311200000000 1.0
C      1  0.4553610000000  0.5688800000000  0.5165490000000 1.0
C      1  0.4311200000000  0.5165490000000  0.5446390000000 1.0
C      1  0.5688800000000  0.5165490000000  0.4553610000000 1.0
C      1  0.4311200000000  0.4834510000000  0.4553610000000 1.0
C      1  0.5165490000000  0.5446390000000  0.4311200000000 1.0
C      1  0.4834510000000  0.5446390000000  0.5688800000000 1.0
C      1  0.5165490000000  0.4553610000000  0.5688800000000 1.0
C      1  0.5446390000000  0.4311200000000  0.5165490000000 1.0
C      1  0.4553610000000  0.4311200000000  0.4834510000000 1.0
C      1  0.5446390000000  0.5688800000000  0.4834510000000 1.0
C      1  0.4648160000000  0.4493400000000  0.5536930000000 1.0
C      1  0.4493400000000  0.5536930000000  0.4648160000000 1.0
C      1  0.5536930000000  0.4648160000000  0.4493400000000 1.0
C      1  0.5351840000000  0.5506600000000  0.5536930000000 1.0
C      1  0.4648160000000  0.5506600000000  0.4463070000000 1.0
C      1  0.5351840000000  0.4493400000000  0.4463070000000 1.0
C      1  0.5506600000000  0.4463070000000  0.4648160000000 1.0
C      1  0.4493400000000  0.4463070000000  0.5351840000000 1.0
C      1  0.5506600000000  0.5536930000000  0.5351840000000 1.0
C      1  0.4463070000000  0.5351840000000  0.4493400000000 1.0
C      1  0.5536930000000  0.5351840000000  0.5506600000000 1.0
C      1  0.4463070000000  0.4648160000000  0.5506600000000 1.0
C      1  0.4648160000000  0.4493400000000  0.4463070000000 1.0
C      1  0.4493400000000  0.5536930000000  0.5351840000000 1.0
C      1  0.5536930000000  0.4648160000000  0.5506600000000 1.0
C      1  0.5351840000000  0.5506600000000  0.4463070000000 1.0
C      1  0.4648160000000  0.5506600000000  0.5536930000000 1.0
C      1  0.5351840000000  0.4493400000000  0.5536930000000 1.0
C      1  0.5506600000000  0.4463070000000  0.5351840000000 1.0
C      1  0.4493400000000  0.4463070000000  0.4648160000000 1.0
C      1  0.5506600000000  0.5536930000000  0.4648160000000 1.0
C      1  0.4463070000000  0.5351840000000  0.5506600000000 1.0
C      1  0.5536930000000  0.5351840000000  0.4493400000000 1.0
C      1  0.4463070000000  0.4648160000000  0.4493400000000 1.0
C      1  0.5206670000000  0.4516260000000  0.5075370000000 1.0
C      1  0.4516260000000  0.5075370000000  0.5206670000000 1.0
C      1  0.5075370000000  0.5206670000000  0.4516260000000 1.0
C      1  0.4793330000000  0.5483740000000  0.5075370000000 1.0
C      1  0.5206670000000  0.5483740000000  0.4924630000000 1.0
C      1  0.4793330000000  0.4516260000000  0.4924630000000 1.0
C      1  0.5483740000000  0.4924630000000  0.5206670000000 1.0
C      1  0.4516260000000  0.4924630000000  0.4793330000000 1.0
C      1  0.5483740000000  0.5075370000000  0.4793330000000 1.0
C      1  0.4924630000000  0.4793330000000  0.4516260000000 1.0
C      1  0.5075370000000  0.4793330000000  0.5483740000000 1.0
C      1  0.4924630000000  0.5206670000000  0.5483740000000 1.0
C      1  0.5206670000000  0.4516260000000  0.4924630000000 1.0
C      1  0.4516260000000  0.5075370000000  0.4793330000000 1.0
C      1  0.5075370000000  0.5206670000000  0.5483740000000 1.0
C      1  0.4793330000000  0.5483740000000  0.4924630000000 1.0
C      1  0.5206670000000  0.5483740000000  0.5075370000000 1.0
C      1  0.4793330000000  0.4516260000000  0.5075370000000 1.0
C      1  0.5483740000000  0.4924630000000  0.4793330000000 1.0
C      1  0.4516260000000  0.4924630000000  0.5206670000000 1.0
C      1  0.5483740000000  0.5075370000000  0.5206670000000 1.0
C      1  0.4924630000000  0.4793330000000  0.5483740000000 1.0
C      1  0.5075370000000  0.4793330000000  0.4516260000000 1.0
C      1  0.4924630000000  0.5206670000000  0.4516260000000 1.0
C      1  0.4453230000000  0.5142400000000  0.4360200000000 1.0
C      1  0.5142400000000  0.4360200000000  0.4453230000000 1.0
C      1  0.4360200000000  0.4453230000000  0.5142400000000 1.0
C      1  0.5546770000000  0.4857600000000  0.4360200000000 1.0
C      1  0.4453230000000  0.4857600000000  0.5639800000000 1.0
C      1  0.5546770000000  0.5142400000000  0.5639800000000 1.0
C      1  0.4857600000000  0.5639800000000  0.4453230000000 1.0
C      1  0.5142400000000  0.5639800000000  0.5546770000000 1.0
C      1  0.4857600000000  0.4360200000000  0.5546770000000 1.0
C      1  0.5639800000000  0.5546770000000  0.5142400000000 1.0
C      1  0.4360200000000  0.5546770000000  0.4857600000000 1.0
C      1  0.5639800000000  0.4453230000000  0.4857600000000 1.0
C      1  0.4453230000000  0.5142400000000  0.5639800000000 1.0
C      1  0.5142400000000  0.4360200000000  0.5546770000000 1.0
C      1  0.4360200000000  0.4453230000000  0.4857600000000 1.0
C      1  0.5546770000000  0.4857600000000  0.5639800000000 1.0
C      1  0.4453230000000  0.4857600000000  0.4360200000000 1.0
C      1  0.5546770000000  0.5142400000000  0.4360200000000 1.0
C      1  0.4857600000000  0.5639800000000  0.5546770000000 1.0
C      1  0.5142400000000  0.5639800000000  0.4453230000000 1.0
C      1  0.4857600000000  0.4360200000000  0.4453230000000 1.0
C      1  0.5639800000000  0.5546770000000  0.4857600000000 1.0
C      1  0.4360200000000  0.5546770000000  0.5142400000000 1.0
C      1  0.5639800000000  0.4453230000000  0.5142400000000 1.0
C      1  0.4160300000000  0.4592190000000  0.5135780000000 1.0
C      1  0.4592190000000  0.5135780000000  0.4160300000000 1.0
C      1  0.5135780000000  0.4160300000000  0.4592190000000 1.0
C      1  0.5839700000000  0.5407810000000  0.5135780000000 1.0
C      1  0.4160300000000  0.5407810000000  0.4864220000000 1.0
C      1  0.5839700000000  0.4592190000000  0.4864220000000 1.0
C      1  0.5407810000000  0.4864220000000  0.4160300000000 1.0
C      1  0.4592190000000  0.4864220000000  0.5839700000000 1.0
C      1  0.5407810000000  0.5135780000000  0.5839700000000 1.0
C      1  0.4864220000000  0.5839700000000  0.4592190000000 1.0
C      1  0.5135780000000  0.5839700000000  0.5407810000000 1.0
C      1  0.4864220000000  0.4160300000000  0.5407810000000 1.0
C      1  0.4160300000000  0.4592190000000  0.4864220000000 1.0
C      1  0.4592190000000  0.5135780000000  0.5839700000000 1.0
C      1  0.5135780000000  0.4160300000000  0.5407810000000 1.0
C      1  0.5839700000000  0.5407810000000  0.4864220000000 1.0
C      1  0.4160300000000  0.5407810000000  0.5135780000000 1.0
C      1  0.5839700000000  0.4592190000000  0.5135780000000 1.0
C      1  0.5407810000000  0.4864220000000  0.5839700000000 1.0
C      1  0.4592190000000  0.4864220000000  0.4160300000000 1.0
C      1  0.5407810000000  0.5135780000000  0.4160300000000 1.0
C      1  0.4864220000000  0.5839700000000  0.5407810000000 1.0
C      1  0.5135780000000  0.5839700000000  0.4592190000000 1.0
C      1  0.4864220000000  0.4160300000000  0.4592190000000 1.0
C      1  0.4461780000000  0.4377270000000  0.5075070000000 1.0
C      1  0.4377270000000  0.5075070000000  0.4461780000000 1.0
C      1  0.5075070000000  0.4461780000000  0.4377270000000 1.0
C      1  0.5538220000000  0.5622730000000  0.5075070000000 1.0
C      1  0.4461780000000  0.5622730000000  0.4924930000000 1.0
C      1  0.5538220000000  0.4377270000000  0.4924930000000 1.0
C      1  0.5622730000000  0.4924930000000  0.4461780000000 1.0
C      1  0.4377270000000  0.4924930000000  0.5538220000000 1.0
C      1  0.5622730000000  0.5075070000000  0.5538220000000 1.0
C      1  0.4924930000000  0.5538220000000  0.4377270000000 1.0
C      1  0.5075070000000  0.5538220000000  0.5622730000000 1.0
C      1  0.4924930000000  0.4461780000000  0.5622730000000 1.0
C      1  0.4461780000000  0.4377270000000  0.4924930000000 1.0
C      1  0.4377270000000  0.5075070000000  0.5538220000000 1.0
C      1  0.5075070000000  0.4461780000000  0.5622730000000 1.0
C      1  0.5538220000000  0.5622730000000  0.4924930000000 1.0
C      1  0.4461780000000  0.5622730000000  0.5075070000000 1.0
C      1  0.5538220000000  0.4377270000000  0.5075070000000 1.0
C      1  0.5622730000000  0.4924930000000  0.5538220000000 1.0
C      1  0.4377270000000  0.4924930000000  0.4461780000000 1.0
C      1  0.5622730000000  0.5075070000000  0.4461780000000 1.0
C      1  0.4924930000000  0.5538220000000  0.5622730000000 1.0
C      1  0.5075070000000  0.5538220000000  0.4377270000000 1.0
C      1  0.4924930000000  0.4461780000000  0.4377270000000 1.0
C      1  0.4382790000000  0.4503360000000  0.4721010000000 1.0
C      1  0.4503360000000  0.4721010000000  0.4382790000000 1.0
C      1  0.4721010000000  0.4382790000000  0.4503360000000 1.0
C      1  0.5617210000000  0.5496640000000  0.4721010000000 1.0
C      1  0.4382790000000  0.5496640000000  0.5278990000000 1.0
C      1  0.5617210000000  0.4503360000000  0.5278990000000 1.0
C      1  0.5496640000000  0.5278990000000  0.4382790000000 1.0
C      1  0.4503360000000  0.5278990000000  0.5617210000000 1.0
C      1  0.5496640000000  0.4721010000000  0.5617210000000 1.0
C      1  0.5278990000000  0.5617210000000  0.4503360000000 1.0
C      1  0.4721010000000  0.5617210000000  0.5496640000000 1.0
C      1  0.5278990000000  0.4382790000000  0.5496640000000 1.0
C      1  0.4382790000000  0.4503360000000  0.5278990000000 1.0
C      1  0.4503360000000  0.4721010000000  0.5617210000000 1.0
C      1  0.4721010000000  0.4382790000000  0.5496640000000 1.0
C      1  0.5617210000000  0.5496640000000  0.5278990000000 1.0
C      1  0.4382790000000  0.5496640000000  0.4721010000000 1.0
C      1  0.5617210000000  0.4503360000000  0.4721010000000 1.0
C      1  0.5496640000000  0.5278990000000  0.5617210000000 1.0
C      1  0.4503360000000  0.5278990000000  0.4382790000000 1.0
C      1  0.5496640000000  0.4721010000000  0.4382790000000 1.0
C      1  0.5278990000000  0.5617210000000  0.5496640000000 1.0
C      1  0.4721010000000  0.5617210000000  0.4503360000000 1.0
C      1  0.5278990000000  0.4382790000000  0.4503360000000 1.0
C      1  0.5860040000000  0.4777240000000  0.5274420000000 1.0
C      1  0.4777240000000  0.5274420000000  0.5860040000000 1.0
C      1  0.5274420000000  0.5860040000000  0.4777240000000 1.0
C      1  0.4139960000000  0.5222760000000  0.5274420000000 1.0
C      1  0.5860040000000  0.5222760000000  0.4725580000000 1.0
C      1  0.4139960000000  0.4777240000000  0.4725580000000 1.0
C      1  0.5222760000000  0.4725580000000  0.5860040000000 1.0
C      1  0.4777240000000  0.4725580000000  0.4139960000000 1.0
C      1  0.5222760000000  0.5274420000000  0.4139960000000 1.0
C      1  0.4725580000000  0.4139960000000  0.4777240000000 1.0
C      1  0.5274420000000  0.4139960000000  0.5222760000000 1.0
C      1  0.4725580000000  0.5860040000000  0.5222760000000 1.0
C      1  0.5860040000000  0.4777240000000  0.4725580000000 1.0
C      1  0.4777240000000  0.5274420000000  0.4139960000000 1.0
C      1  0.5274420000000  0.5860040000000  0.5222760000000 1.0
C      1  0.4139960000000  0.5222760000000  0.4725580000000 1.0
C      1  0.5860040000000  0.5222760000000  0.5274420000000 1.0
C      1  0.4139960000000  0.4777240000000  0.5274420000000 1.0
C      1  0.5222760000000  0.4725580000000  0.4139960000000 1.0
C      1  0.4777240000000  0.4725580000000  0.5860040000000 1.0
C      1  0.5222760000000  0.5274420000000  0.5860040000000 1.0
C      1  0.4725580000000  0.4139960000000  0.5222760000000 1.0
C      1  0.5274420000000  0.4139960000000  0.4777240000000 1.0
C      1  0.4725580000000  0.5860040000000  0.4777240000000 1.0
C      1  0.5071400000000  0.4247020000000  0.4501810000000 1.0
C      1  0.4247020000000  0.4501810000000  0.5071400000000 1.0
C      1  0.4501810000000  0.5071400000000  0.4247020000000 1.0
C      1  0.4928600000000  0.5752980000000  0.4501810000000 1.0
C      1  0.5071400000000  0.5752980000000  0.5498190000000 1.0
C      1  0.4928600000000  0.4247020000000  0.5498190000000 1.0
C      1  0.5752980000000  0.5498190000000  0.5071400000000 1.0
C      1  0.4247020000000  0.5498190000000  0.4928600000000 1.0
C      1  0.5752980000000  0.4501810000000  0.4928600000000 1.0
C      1  0.5498190000000  0.4928600000000  0.4247020000000 1.0
C      1  0.4501810000000  0.4928600000000  0.5752980000000 1.0
C      1  0.5498190000000  0.5071400000000  0.5752980000000 1.0
C      1  0.5071400000000  0.4247020000000  0.5498190000000 1.0
C      1  0.4247020000000  0.4501810000000  0.4928600000000 1.0
C      1  0.4501810000000  0.5071400000000  0.5752980000000 1.0
C      1  0.4928600000000  0.5752980000000  0.5498190000000 1.0
C      1  0.5071400000000  0.5752980000000  0.4501810000000 1.0
C      1  0.4928600000000  0.4247020000000  0.4501810000000 1.0
C      1  0.5752980000000  0.5498190000000  0.4928600000000 1.0
C      1  0.4247020000000  0.5498190000000  0.5071400000000 1.0
C      1  0.5752980000000  0.4501810000000  0.5071400000000 1.0
C      1  0.5498190000000  0.4928600000000  0.5752980000000 1.0
C      1  0.4501810000000  0.4928600000000  0.4247020000000 1.0
C      1  0.5498190000000  0.5071400000000  0.4247020000000 1.0
C      1  0.4294300000000  0.4927260000000  0.5076670000000 1.0
C      1  0.4927260000000  0.5076670000000  0.4294300000000 1.0
C      1  0.5076670000000  0.4294300000000  0.4927260000000 1.0
C      1  0.5705700000000  0.5072740000000  0.5076670000000 1.0
C      1  0.4294300000000  0.5072740000000  0.4923330000000 1.0
C      1  0.5705700000000  0.4927260000000  0.4923330000000 1.0
C      1  0.5072740000000  0.4923330000000  0.4294300000000 1.0
C      1  0.4927260000000  0.4923330000000  0.5705700000000 1.0
C      1  0.5072740000000  0.5076670000000  0.5705700000000 1.0
C      1  0.4923330000000  0.5705700000000  0.4927260000000 1.0
C      1  0.5076670000000  0.5705700000000  0.5072740000000 1.0
C      1  0.4923330000000  0.4294300000000  0.5072740000000 1.0
C      1  0.4294300000000  0.4927260000000  0.4923330000000 1.0
C      1  0.4927260000000  0.5076670000000  0.5705700000000 1.0
C      1  0.5076670000000  0.4294300000000  0.5072740000000 1.0
C      1  0.5705700000000  0.5072740000000  0.4923330000000 1.0
C      1  0.4294300000000  0.5072740000000  0.5076670000000 1.0
C      1  0.5705700000000  0.4927260000000  0.5076670000000 1.0
C      1  0.5072740000000  0.4923330000000  0.5705700000000 1.0
C      1  0.4927260000000  0.4923330000000  0.4294300000000 1.0
C      1  0.5072740000000  0.5076670000000  0.4294300000000 1.0
C      1  0.4923330000000  0.5705700000000  0.5072740000000 1.0
C      1  0.5076670000000  0.5705700000000  0.4927260000000 1.0
C      1  0.4923330000000  0.4294300000000  0.4927260000000 1.0
C      1  0.4082200000000  0.4812900000000  0.4851400000000 1.0
C      1  0.4812900000000  0.4851400000000  0.4082200000000 1.0
C      1  0.4851400000000  0.4082200000000  0.4812900000000 1.0
C      1  0.5917800000000  0.5187100000000  0.4851400000000 1.0
C      1  0.4082200000000  0.5187100000000  0.5148600000000 1.0
C      1  0.5917800000000  0.4812900000000  0.5148600000000 1.0
C      1  0.5187100000000  0.5148600000000  0.4082200000000 1.0
C      1  0.4812900000000  0.5148600000000  0.5917800000000 1.0
C      1  0.5187100000000  0.4851400000000  0.5917800000000 1.0
C      1  0.5148600000000  0.5917800000000  0.4812900000000 1.0
C      1  0.4851400000000  0.5917800000000  0.5187100000000 1.0
C      1  0.5148600000000  0.4082200000000  0.5187100000000 1.0
C      1  0.4082200000000  0.4812900000000  0.5148600000000 1.0
C      1  0.4812900000000  0.4851400000000  0.5917800000000 1.0
C      1  0.4851400000000  0.4082200000000  0.5187100000000 1.0
C      1  0.5917800000000  0.5187100000000  0.5148600000000 1.0
C      1  0.4082200000000  0.5187100000000  0.4851400000000 1.0
C      1  0.5917800000000  0.4812900000000  0.4851400000000 1.0
C      1  0.5187100000000  0.5148600000000  0.5917800000000 1.0
C      1  0.4812900000000  0.5148600000000  0.4082200000000 1.0
C      1  0.5187100000000  0.4851400000000  0.4082200000000 1.0
C      1  0.5148600000000  0.5917800000000  0.5187100000000 1.0
C      1  0.4851400000000  0.5917800000000  0.4812900000000 1.0
C      1  0.5148600000000  0.4082200000000  0.4812900000000 1.0
C      1  0.5862000000000  0.4925100000000  0.5077180000000 1.0
C      1  0.4925100000000  0.5077180000000  0.5862000000000 1.0
C      1  0.5077180000000  0.5862000000000  0.4925100000000 1.0
C      1  0.4138000000000  0.5074900000000  0.5077180000000 1.0
C      1  0.5862000000000  0.5074900000000  0.4922820000000 1.0
C      1  0.4138000000000  0.4925100000000  0.4922820000000 1.0
C      1  0.5074900000000  0.4922820000000  0.5862000000000 1.0
C      1  0.4925100000000  0.4922820000000  0.4138000000000 1.0
C      1  0.5074900000000  0.5077180000000  0.4138000000000 1.0
C      1  0.4922820000000  0.4138000000000  0.4925100000000 1.0
C      1  0.5077180000000  0.4138000000000  0.5074900000000 1.0
C      1  0.4922820000000  0.5862000000000  0.5074900000000 1.0
C      1  0.5862000000000  0.4925100000000  0.4922820000000 1.0
C      1  0.4925100000000  0.5077180000000  0.4138000000000 1.0
C      1  0.5077180000000  0.5862000000000  0.5074900000000 1.0
C      1  0.4138000000000  0.5074900000000  0.4922820000000 1.0
C      1  0.5862000000000  0.5074900000000  0.5077180000000 1.0
C      1  0.4138000000000  0.4925100000000  0.5077180000000 1.0
C      1  0.5074900000000  0.4922820000000  0.4138000000000 1.0
C      1  0.4925100000000  0.4922820000000  0.5862000000000 1.0
C      1  0.5074900000000  0.5077180000000  0.5862000000000 1.0
C      1  0.4922820000000  0.4138000000000  0.5074900000000 1.0
C      1  0.5077180000000  0.4138000000000  0.4925100000000 1.0
C      1  0.4922820000000  0.5862000000000  0.4925100000000 1.0
C      1  0.5582610000000  0.4737060000000  0.5072800000000 1.0
C      1  0.4737060000000  0.5072800000000  0.5582610000000 1.0
C      1  0.5072800000000  0.5582610000000  0.4737060000000 1.0
C      1  0.4417390000000  0.5262940000000  0.5072800000000 1.0
C      1  0.5582610000000  0.5262940000000  0.4927200000000 1.0
C      1  0.4417390000000  0.4737060000000  0.4927200000000 1.0
C      1  0.5262940000000  0.4927200000000  0.5582610000000 1.0
C      1  0.4737060000000  0.4927200000000  0.4417390000000 1.0
C      1  0.5262940000000  0.5072800000000  0.4417390000000 1.0
C      1  0.4927200000000  0.4417390000000  0.4737060000000 1.0
C      1  0.5072800000000  0.4417390000000  0.5262940000000 1.0
C      1  0.4927200000000  0.5582610000000  0.5262940000000 1.0
C      1  0.5582610000000  0.4737060000000  0.4927200000000 1.0
C      1  0.4737060000000  0.5072800000000  0.4417390000000 1.0
C      1  0.5072800000000  0.5582610000000  0.5262940000000 1.0
C      1  0.4417390000000  0.5262940000000  0.4927200000000 1.0
C      1  0.5582610000000  0.5262940000000  0.5072800000000 1.0
C      1  0.4417390000000  0.4737060000000  0.5072800000000 1.0
C      1  0.5262940000000  0.4927200000000  0.4417390000000 1.0
C      1  0.4737060000000  0.4927200000000  0.5582610000000 1.0
C      1  0.5262940000000  0.5072800000000  0.5582610000000 1.0
C      1  0.4927200000000  0.4417390000000  0.5262940000000 1.0
C      1  0.5072800000000  0.4417390000000  0.4737060000000 1.0
C      1  0.4927200000000  0.5582610000000  0.4737060000000 1.0
C      1  0.4705420000000  0.4836910000000  0.4643600000000 1.0
C      1  0.4836910000000  0.4643600000000  0.4705420000000 1.0
C      1  0.4643600000000  0.4705420000000  0.4836910000000 1.0
C      1  0.5294580000000  0.5163090000000  0.4643600000000 1.0
C      1  0.4705420000000  0.5163090000000  0.5356400000000 1.0
C      1  0.5294580000000  0.4836910000000  0.5356400000000 1.0
C      1  0.5163090000000  0.5356400000000  0.4705420000000 1.0
C      1  0.4836910000000  0.5356400000000  0.5294580000000 1.0
C      1  0.5163090000000  0.4643600000000  0.5294580000000 1.0
C      1  0.5356400000000  0.5294580000000  0.4836910000000 1.0
C      1  0.4643600000000  0.5294580000000  0.5163090000000 1.0
C      1  0.5356400000000  0.4705420000000  0.5163090000000 1.0
C      1  0.4705420000000  0.4836910000000  0.5356400000000 1.0
C      1  0.4836910000000  0.4643600000000  0.5294580000000 1.0
C      1  0.4643600000000  0.4705420000000  0.5163090000000 1.0
C      1  0.5294580000000  0.5163090000000  0.5356400000000 1.0
C      1  0.4705420000000  0.5163090000000  0.4643600000000 1.0
C      1  0.5294580000000  0.4836910000000  0.4643600000000 1.0
C      1  0.5163090000000  0.5356400000000  0.5294580000000 1.0
C      1  0.4836910000000  0.5356400000000  0.4705420000000 1.0
C      1  0.5163090000000  0.4643600000000  0.4705420000000 1.0
C      1  0.5356400000000  0.5294580000000  0.5163090000000 1.0
C      1  0.4643600000000  0.5294580000000  0.4836910000000 1.0
C      1  0.5356400000000  0.4705420000000  0.4836910000000 1.0
C      1  0.5000000000000  0.4673070000000  0.5825000000000 1.0
C      1  0.5000000000000  0.5326930000000  0.4175000000000 1.0
C      1  0.5326930000000  0.5825000000000  0.5000000000000 1.0
C      1  0.5825000000000  0.5000000000000  0.5326930000000 1.0
C      1  0.5000000000000  0.5326930000000  0.5825000000000 1.0
C      1  0.4673070000000  0.4175000000000  0.5000000000000 1.0
C      1  0.5326930000000  0.4175000000000  0.5000000000000 1.0
C      1  0.4673070000000  0.5825000000000  0.5000000000000 1.0
C      1  0.4175000000000  0.5000000000000  0.5326930000000 1.0
C      1  0.5825000000000  0.5000000000000  0.4673070000000 1.0
C      1  0.4175000000000  0.5000000000000  0.4673070000000 1.0
C      1  0.5000000000000  0.4673070000000  0.4175000000000 1.0
END
