TITL C-1379266-1300-368 -1.30895051077022e-06 1000000 -1688.63581542722 0 0 240 (Th) n - 1
REM
REM in /nfs/bkarasulu/CARBON/AIRSS/Generating-Clusters/GAP-ML-2020/Higher-Symm/Selected-Sizes/TryA-Only_Ih-Symm/Larger-Clusters/Try2-MINAMP_6A
REM
REM
REM
REM
REM
REM ./C.cell (31579ac4e95a012ec27f3239692ae8a5)
REM
REM compiler GCC version 9.2.1 20190827 (Red Hat 9.2.1-1)
REM options -cpp -mtune=generic -march=x86-64 -g -O0 -fpre-include=/usr/include/finclude/math-vector-fortran.h
REM seed 1814754631 -1340247546 -654409388 1529375537 -195527531 -674898746 450210845 -347414692 -400074632 -505673135 -1306993056 -334628695 -2082416262 -2099352009 1536273567 -397462690 188457335 -1228336947 -354770117 -948130196 -1116627820 837569615 -1404981768 1358400646 1916263316 720729978 542421727 -1137219406 -829478520 -1390302539 901997783 1925025270 -324735359
REM
CELL 1.54180  100.00000  100.00000  100.00000   90.00000   90.00000   90.00000
LATT -1
SFAC C  
C      1  0.4337540000000  0.5077000000000  0.4859290000000 1.0
C      1  0.5077000000000  0.4859290000000  0.4337540000000 1.0
C      1  0.4859290000000  0.4337540000000  0.5077000000000 1.0
C      1  0.5662460000000  0.4923000000000  0.4859290000000 1.0
C      1  0.4337540000000  0.4923000000000  0.5140710000000 1.0
C      1  0.5662460000000  0.5077000000000  0.5140710000000 1.0
C      1  0.4923000000000  0.5140710000000  0.4337540000000 1.0
C      1  0.5077000000000  0.5140710000000  0.5662460000000 1.0
C      1  0.4923000000000  0.4859290000000  0.5662460000000 1.0
C      1  0.5140710000000  0.5662460000000  0.5077000000000 1.0
C      1  0.4859290000000  0.5662460000000  0.4923000000000 1.0
C      1  0.5140710000000  0.4337540000000  0.4923000000000 1.0
C      1  0.4337540000000  0.5077000000000  0.5140710000000 1.0
C      1  0.5077000000000  0.4859290000000  0.5662460000000 1.0
C      1  0.4859290000000  0.4337540000000  0.4923000000000 1.0
C      1  0.5662460000000  0.4923000000000  0.5140710000000 1.0
C      1  0.4337540000000  0.4923000000000  0.4859290000000 1.0
C      1  0.5662460000000  0.5077000000000  0.4859290000000 1.0
C      1  0.4923000000000  0.5140710000000  0.5662460000000 1.0
C      1  0.5077000000000  0.5140710000000  0.4337540000000 1.0
C      1  0.4923000000000  0.4859290000000  0.4337540000000 1.0
C      1  0.5140710000000  0.5662460000000  0.4923000000000 1.0
C      1  0.4859290000000  0.5662460000000  0.5077000000000 1.0
C      1  0.5140710000000  0.4337540000000  0.5077000000000 1.0
C      1  0.5236400000000  0.5387650000000  0.5595370000000 1.0
C      1  0.5387650000000  0.5595370000000  0.5236400000000 1.0
C      1  0.5595370000000  0.5236400000000  0.5387650000000 1.0
C      1  0.4763600000000  0.4612350000000  0.5595370000000 1.0
C      1  0.5236400000000  0.4612350000000  0.4404630000000 1.0
C      1  0.4763600000000  0.5387650000000  0.4404630000000 1.0
C      1  0.4612350000000  0.4404630000000  0.5236400000000 1.0
C      1  0.5387650000000  0.4404630000000  0.4763600000000 1.0
C      1  0.4612350000000  0.5595370000000  0.4763600000000 1.0
C      1  0.4404630000000  0.4763600000000  0.5387650000000 1.0
C      1  0.5595370000000  0.4763600000000  0.4612350000000 1.0
C      1  0.4404630000000  0.5236400000000  0.4612350000000 1.0
C      1  0.5236400000000  0.5387650000000  0.4404630000000 1.0
C      1  0.5387650000000  0.5595370000000  0.4763600000000 1.0
C      1  0.5595370000000  0.5236400000000  0.4612350000000 1.0
C      1  0.4763600000000  0.4612350000000  0.4404630000000 1.0
C      1  0.5236400000000  0.4612350000000  0.5595370000000 1.0
C      1  0.4763600000000  0.5387650000000  0.5595370000000 1.0
C      1  0.4612350000000  0.4404630000000  0.4763600000000 1.0
C      1  0.5387650000000  0.4404630000000  0.5236400000000 1.0
C      1  0.4612350000000  0.5595370000000  0.5236400000000 1.0
C      1  0.4404630000000  0.4763600000000  0.4612350000000 1.0
C      1  0.5595370000000  0.4763600000000  0.5387650000000 1.0
C      1  0.4404630000000  0.5236400000000  0.5387650000000 1.0
C      1  0.5069520000000  0.5275470000000  0.4278490000000 1.0
C      1  0.5275470000000  0.4278490000000  0.5069520000000 1.0
C      1  0.4278490000000  0.5069520000000  0.5275470000000 1.0
C      1  0.4930480000000  0.4724530000000  0.4278490000000 1.0
C      1  0.5069520000000  0.4724530000000  0.5721510000000 1.0
C      1  0.4930480000000  0.5275470000000  0.5721510000000 1.0
C      1  0.4724530000000  0.5721510000000  0.5069520000000 1.0
C      1  0.5275470000000  0.5721510000000  0.4930480000000 1.0
C      1  0.4724530000000  0.4278490000000  0.4930480000000 1.0
C      1  0.5721510000000  0.4930480000000  0.5275470000000 1.0
C      1  0.4278490000000  0.4930480000000  0.4724530000000 1.0
C      1  0.5721510000000  0.5069520000000  0.4724530000000 1.0
C      1  0.5069520000000  0.5275470000000  0.5721510000000 1.0
C      1  0.5275470000000  0.4278490000000  0.4930480000000 1.0
C      1  0.4278490000000  0.5069520000000  0.4724530000000 1.0
C      1  0.4930480000000  0.4724530000000  0.5721510000000 1.0
C      1  0.5069520000000  0.4724530000000  0.4278490000000 1.0
C      1  0.4930480000000  0.5275470000000  0.4278490000000 1.0
C      1  0.4724530000000  0.5721510000000  0.4930480000000 1.0
C      1  0.5275470000000  0.5721510000000  0.5069520000000 1.0
C      1  0.4724530000000  0.4278490000000  0.5069520000000 1.0
C      1  0.5721510000000  0.4930480000000  0.4724530000000 1.0
C      1  0.4278490000000  0.4930480000000  0.5275470000000 1.0
C      1  0.5721510000000  0.5069520000000  0.5275470000000 1.0
C      1  0.5194650000000  0.5072570000000  0.5614490000000 1.0
C      1  0.5072570000000  0.5614490000000  0.5194650000000 1.0
C      1  0.5614490000000  0.5194650000000  0.5072570000000 1.0
C      1  0.4805350000000  0.4927430000000  0.5614490000000 1.0
C      1  0.5194650000000  0.4927430000000  0.4385510000000 1.0
C      1  0.4805350000000  0.5072570000000  0.4385510000000 1.0
C      1  0.4927430000000  0.4385510000000  0.5194650000000 1.0
C      1  0.5072570000000  0.4385510000000  0.4805350000000 1.0
C      1  0.4927430000000  0.5614490000000  0.4805350000000 1.0
C      1  0.4385510000000  0.4805350000000  0.5072570000000 1.0
C      1  0.5614490000000  0.4805350000000  0.4927430000000 1.0
C      1  0.4385510000000  0.5194650000000  0.4927430000000 1.0
C      1  0.5194650000000  0.5072570000000  0.4385510000000 1.0
C      1  0.5072570000000  0.5614490000000  0.4805350000000 1.0
C      1  0.5614490000000  0.5194650000000  0.4927430000000 1.0
C      1  0.4805350000000  0.4927430000000  0.4385510000000 1.0
C      1  0.5194650000000  0.4927430000000  0.5614490000000 1.0
C      1  0.4805350000000  0.5072570000000  0.5614490000000 1.0
C      1  0.4927430000000  0.4385510000000  0.4805350000000 1.0
C      1  0.5072570000000  0.4385510000000  0.5194650000000 1.0
C      1  0.4927430000000  0.5614490000000  0.5194650000000 1.0
C      1  0.4385510000000  0.4805350000000  0.4927430000000 1.0
C      1  0.5614490000000  0.4805350000000  0.5072570000000 1.0
C      1  0.4385510000000  0.5194650000000  0.5072570000000 1.0
C      1  0.5396090000000  0.5671180000000  0.5122760000000 1.0
C      1  0.5671180000000  0.5122760000000  0.5396090000000 1.0
C      1  0.5122760000000  0.5396090000000  0.5671180000000 1.0
C      1  0.4603910000000  0.4328820000000  0.5122760000000 1.0
C      1  0.5396090000000  0.4328820000000  0.4877240000000 1.0
C      1  0.4603910000000  0.5671180000000  0.4877240000000 1.0
C      1  0.4328820000000  0.4877240000000  0.5396090000000 1.0
C      1  0.5671180000000  0.4877240000000  0.4603910000000 1.0
C      1  0.4328820000000  0.5122760000000  0.4603910000000 1.0
C      1  0.4877240000000  0.4603910000000  0.5671180000000 1.0
C      1  0.5122760000000  0.4603910000000  0.4328820000000 1.0
C      1  0.4877240000000  0.5396090000000  0.4328820000000 1.0
C      1  0.5396090000000  0.5671180000000  0.4877240000000 1.0
C      1  0.5671180000000  0.5122760000000  0.4603910000000 1.0
C      1  0.5122760000000  0.5396090000000  0.4328820000000 1.0
C      1  0.4603910000000  0.4328820000000  0.4877240000000 1.0
C      1  0.5396090000000  0.4328820000000  0.5122760000000 1.0
C      1  0.4603910000000  0.5671180000000  0.5122760000000 1.0
C      1  0.4328820000000  0.4877240000000  0.4603910000000 1.0
C      1  0.5671180000000  0.4877240000000  0.5396090000000 1.0
C      1  0.4328820000000  0.5122760000000  0.5396090000000 1.0
C      1  0.4877240000000  0.4603910000000  0.4328820000000 1.0
C      1  0.5122760000000  0.4603910000000  0.5671180000000 1.0
C      1  0.4877240000000  0.5396090000000  0.5671180000000 1.0
C      1  0.5395770000000  0.4623190000000  0.5484230000000 1.0
C      1  0.4623190000000  0.5484230000000  0.5395770000000 1.0
C      1  0.5484230000000  0.5395770000000  0.4623190000000 1.0
C      1  0.4604230000000  0.5376810000000  0.5484230000000 1.0
C      1  0.5395770000000  0.5376810000000  0.4515770000000 1.0
C      1  0.4604230000000  0.4623190000000  0.4515770000000 1.0
C      1  0.5376810000000  0.4515770000000  0.5395770000000 1.0
C      1  0.4623190000000  0.4515770000000  0.4604230000000 1.0
C      1  0.5376810000000  0.5484230000000  0.4604230000000 1.0
C      1  0.4515770000000  0.4604230000000  0.4623190000000 1.0
C      1  0.5484230000000  0.4604230000000  0.5376810000000 1.0
C      1  0.4515770000000  0.5395770000000  0.5376810000000 1.0
C      1  0.5395770000000  0.4623190000000  0.4515770000000 1.0
C      1  0.4623190000000  0.5484230000000  0.4604230000000 1.0
C      1  0.5484230000000  0.5395770000000  0.5376810000000 1.0
C      1  0.4604230000000  0.5376810000000  0.4515770000000 1.0
C      1  0.5395770000000  0.5376810000000  0.5484230000000 1.0
C      1  0.4604230000000  0.4623190000000  0.5484230000000 1.0
C      1  0.5376810000000  0.4515770000000  0.4604230000000 1.0
C      1  0.4623190000000  0.4515770000000  0.5395770000000 1.0
C      1  0.5376810000000  0.5484230000000  0.5395770000000 1.0
C      1  0.4515770000000  0.4604230000000  0.5376810000000 1.0
C      1  0.5484230000000  0.4604230000000  0.4623190000000 1.0
C      1  0.4515770000000  0.5395770000000  0.4623190000000 1.0
C      1  0.5549670000000  0.5133130000000  0.5469670000000 1.0
C      1  0.5133130000000  0.5469670000000  0.5549670000000 1.0
C      1  0.5469670000000  0.5549670000000  0.5133130000000 1.0
C      1  0.4450330000000  0.4866870000000  0.5469670000000 1.0
C      1  0.5549670000000  0.4866870000000  0.4530330000000 1.0
C      1  0.4450330000000  0.5133130000000  0.4530330000000 1.0
C      1  0.4866870000000  0.4530330000000  0.5549670000000 1.0
C      1  0.5133130000000  0.4530330000000  0.4450330000000 1.0
C      1  0.4866870000000  0.5469670000000  0.4450330000000 1.0
C      1  0.4530330000000  0.4450330000000  0.5133130000000 1.0
C      1  0.5469670000000  0.4450330000000  0.4866870000000 1.0
C      1  0.4530330000000  0.5549670000000  0.4866870000000 1.0
C      1  0.5549670000000  0.5133130000000  0.4530330000000 1.0
C      1  0.5133130000000  0.5469670000000  0.4450330000000 1.0
C      1  0.5469670000000  0.5549670000000  0.4866870000000 1.0
C      1  0.4450330000000  0.4866870000000  0.4530330000000 1.0
C      1  0.5549670000000  0.4866870000000  0.5469670000000 1.0
C      1  0.4450330000000  0.5133130000000  0.5469670000000 1.0
C      1  0.4866870000000  0.4530330000000  0.4450330000000 1.0
C      1  0.5133130000000  0.4530330000000  0.5549670000000 1.0
C      1  0.4866870000000  0.5469670000000  0.5549670000000 1.0
C      1  0.4530330000000  0.4450330000000  0.4866870000000 1.0
C      1  0.5469670000000  0.4450330000000  0.5133130000000 1.0
C      1  0.4530330000000  0.5549670000000  0.5133130000000 1.0
C      1  0.5142130000000  0.4426340000000  0.4682800000000 1.0
C      1  0.4426340000000  0.4682800000000  0.5142130000000 1.0
C      1  0.4682800000000  0.5142130000000  0.4426340000000 1.0
C      1  0.4857870000000  0.5573660000000  0.4682800000000 1.0
C      1  0.5142130000000  0.5573660000000  0.5317200000000 1.0
C      1  0.4857870000000  0.4426340000000  0.5317200000000 1.0
C      1  0.5573660000000  0.5317200000000  0.5142130000000 1.0
C      1  0.4426340000000  0.5317200000000  0.4857870000000 1.0
C      1  0.5573660000000  0.4682800000000  0.4857870000000 1.0
C      1  0.5317200000000  0.4857870000000  0.4426340000000 1.0
C      1  0.4682800000000  0.4857870000000  0.5573660000000 1.0
C      1  0.5317200000000  0.5142130000000  0.5573660000000 1.0
C      1  0.5142130000000  0.4426340000000  0.5317200000000 1.0
C      1  0.4426340000000  0.4682800000000  0.4857870000000 1.0
C      1  0.4682800000000  0.5142130000000  0.5573660000000 1.0
C      1  0.4857870000000  0.5573660000000  0.5317200000000 1.0
C      1  0.5142130000000  0.5573660000000  0.4682800000000 1.0
C      1  0.4857870000000  0.4426340000000  0.4682800000000 1.0
C      1  0.5573660000000  0.5317200000000  0.4857870000000 1.0
C      1  0.4426340000000  0.5317200000000  0.5142130000000 1.0
C      1  0.5573660000000  0.4682800000000  0.5142130000000 1.0
C      1  0.5317200000000  0.4857870000000  0.5573660000000 1.0
C      1  0.4682800000000  0.4857870000000  0.4426340000000 1.0
C      1  0.5317200000000  0.5142130000000  0.4426340000000 1.0
C      1  0.4673520000000  0.4715920000000  0.5562760000000 1.0
C      1  0.4715920000000  0.5562760000000  0.4673520000000 1.0
C      1  0.5562760000000  0.4673520000000  0.4715920000000 1.0
C      1  0.5326480000000  0.5284080000000  0.5562760000000 1.0
C      1  0.4673520000000  0.5284080000000  0.4437240000000 1.0
C      1  0.5326480000000  0.4715920000000  0.4437240000000 1.0
C      1  0.5284080000000  0.4437240000000  0.4673520000000 1.0
C      1  0.4715920000000  0.4437240000000  0.5326480000000 1.0
C      1  0.5284080000000  0.5562760000000  0.5326480000000 1.0
C      1  0.4437240000000  0.5326480000000  0.4715920000000 1.0
C      1  0.5562760000000  0.5326480000000  0.5284080000000 1.0
C      1  0.4437240000000  0.4673520000000  0.5284080000000 1.0
C      1  0.4673520000000  0.4715920000000  0.4437240000000 1.0
C      1  0.4715920000000  0.5562760000000  0.5326480000000 1.0
C      1  0.5562760000000  0.4673520000000  0.5284080000000 1.0
C      1  0.5326480000000  0.5284080000000  0.4437240000000 1.0
C      1  0.4673520000000  0.5284080000000  0.5562760000000 1.0
C      1  0.5326480000000  0.4715920000000  0.5562760000000 1.0
C      1  0.5284080000000  0.4437240000000  0.5326480000000 1.0
C      1  0.4715920000000  0.4437240000000  0.4673520000000 1.0
C      1  0.5284080000000  0.5562760000000  0.4673520000000 1.0
C      1  0.4437240000000  0.5326480000000  0.5284080000000 1.0
C      1  0.5562760000000  0.5326480000000  0.4715920000000 1.0
C      1  0.4437240000000  0.4673520000000  0.4715920000000 1.0
C      1  0.4566440000000  0.4929390000000  0.4471310000000 1.0
C      1  0.4929390000000  0.4471310000000  0.4566440000000 1.0
C      1  0.4471310000000  0.4566440000000  0.4929390000000 1.0
C      1  0.5433560000000  0.5070610000000  0.4471310000000 1.0
C      1  0.4566440000000  0.5070610000000  0.5528690000000 1.0
C      1  0.5433560000000  0.4929390000000  0.5528690000000 1.0
C      1  0.5070610000000  0.5528690000000  0.4566440000000 1.0
C      1  0.4929390000000  0.5528690000000  0.5433560000000 1.0
C      1  0.5070610000000  0.4471310000000  0.5433560000000 1.0
C      1  0.5528690000000  0.5433560000000  0.4929390000000 1.0
C      1  0.4471310000000  0.5433560000000  0.5070610000000 1.0
C      1  0.5528690000000  0.4566440000000  0.5070610000000 1.0
C      1  0.4566440000000  0.4929390000000  0.5528690000000 1.0
C      1  0.4929390000000  0.4471310000000  0.5433560000000 1.0
C      1  0.4471310000000  0.4566440000000  0.5070610000000 1.0
C      1  0.5433560000000  0.5070610000000  0.5528690000000 1.0
C      1  0.4566440000000  0.5070610000000  0.4471310000000 1.0
C      1  0.5433560000000  0.4929390000000  0.4471310000000 1.0
C      1  0.5070610000000  0.5528690000000  0.5433560000000 1.0
C      1  0.4929390000000  0.5528690000000  0.4566440000000 1.0
C      1  0.5070610000000  0.4471310000000  0.4566440000000 1.0
C      1  0.5528690000000  0.5433560000000  0.5070610000000 1.0
C      1  0.4471310000000  0.5433560000000  0.4929390000000 1.0
C      1  0.5528690000000  0.4566440000000  0.4929390000000 1.0
END
