TITL C-1379265-1223-55 -1.61268784222635e-07 1000000 -1622.62525818522 0 0 240 (Th) n - 1
REM
REM in /nfs/bkarasulu/CARBON/AIRSS/Generating-Clusters/GAP-ML-2020/Higher-Symm/Selected-Sizes/TryA-Only_Ih-Symm/Larger-Clusters/Try2-MINAMP_6A
REM
REM
REM
REM
REM
REM ./C.cell (31579ac4e95a012ec27f3239692ae8a5)
REM
REM compiler GCC version 9.2.1 20190827 (Red Hat 9.2.1-1)
REM options -cpp -mtune=generic -march=x86-64 -g -O0 -fpre-include=/usr/include/finclude/math-vector-fortran.h
REM seed -276933610 -540836761 -1214065669 -398407247 -822581499 1552124323 1168920036 -560705678 2141825433 1060231632 2110383075 -1838043340 689379496 377398245 -1272469661 -982226447 -1605261773 1738792678 -557426856 556236096 -8521169 1426707427 581334131 -7991125 1264307570 1661864772 157982587 -857310751 -1280946432 -1324887693 -852140479 211881500 1131192623
REM
CELL 1.54180  100.00000  100.00000  100.00000   90.00000   90.00000   90.00000
LATT -1
SFAC C  
C      1  0.5596040000000  0.4930000000000  0.5131960000000 1.0
C      1  0.4930000000000  0.5131960000000  0.5596040000000 1.0
C      1  0.5131960000000  0.5596040000000  0.4930000000000 1.0
C      1  0.4403960000000  0.5070000000000  0.5131960000000 1.0
C      1  0.5596040000000  0.5070000000000  0.4868040000000 1.0
C      1  0.4403960000000  0.4930000000000  0.4868040000000 1.0
C      1  0.5070000000000  0.4868040000000  0.5596040000000 1.0
C      1  0.4930000000000  0.4868040000000  0.4403960000000 1.0
C      1  0.5070000000000  0.5131960000000  0.4403960000000 1.0
C      1  0.4868040000000  0.4403960000000  0.4930000000000 1.0
C      1  0.5131960000000  0.4403960000000  0.5070000000000 1.0
C      1  0.4868040000000  0.5596040000000  0.5070000000000 1.0
C      1  0.5596040000000  0.4930000000000  0.4868040000000 1.0
C      1  0.4930000000000  0.5131960000000  0.4403960000000 1.0
C      1  0.5131960000000  0.5596040000000  0.5070000000000 1.0
C      1  0.4403960000000  0.5070000000000  0.4868040000000 1.0
C      1  0.5596040000000  0.5070000000000  0.5131960000000 1.0
C      1  0.4403960000000  0.4930000000000  0.5131960000000 1.0
C      1  0.5070000000000  0.4868040000000  0.4403960000000 1.0
C      1  0.4930000000000  0.4868040000000  0.5596040000000 1.0
C      1  0.5070000000000  0.5131960000000  0.5596040000000 1.0
C      1  0.4868040000000  0.4403960000000  0.5070000000000 1.0
C      1  0.5131960000000  0.4403960000000  0.4930000000000 1.0
C      1  0.4868040000000  0.5596040000000  0.4930000000000 1.0
C      1  0.5321180000000  0.5261630000000  0.4287210000000 1.0
C      1  0.5261630000000  0.4287210000000  0.5321180000000 1.0
C      1  0.4287210000000  0.5321180000000  0.5261630000000 1.0
C      1  0.4678820000000  0.4738370000000  0.4287210000000 1.0
C      1  0.5321180000000  0.4738370000000  0.5712790000000 1.0
C      1  0.4678820000000  0.5261630000000  0.5712790000000 1.0
C      1  0.4738370000000  0.5712790000000  0.5321180000000 1.0
C      1  0.5261630000000  0.5712790000000  0.4678820000000 1.0
C      1  0.4738370000000  0.4287210000000  0.4678820000000 1.0
C      1  0.5712790000000  0.4678820000000  0.5261630000000 1.0
C      1  0.4287210000000  0.4678820000000  0.4738370000000 1.0
C      1  0.5712790000000  0.5321180000000  0.4738370000000 1.0
C      1  0.5321180000000  0.5261630000000  0.5712790000000 1.0
C      1  0.5261630000000  0.4287210000000  0.4678820000000 1.0
C      1  0.4287210000000  0.5321180000000  0.4738370000000 1.0
C      1  0.4678820000000  0.4738370000000  0.5712790000000 1.0
C      1  0.5321180000000  0.4738370000000  0.4287210000000 1.0
C      1  0.4678820000000  0.5261630000000  0.4287210000000 1.0
C      1  0.4738370000000  0.5712790000000  0.4678820000000 1.0
C      1  0.5261630000000  0.5712790000000  0.5321180000000 1.0
C      1  0.4738370000000  0.4287210000000  0.5321180000000 1.0
C      1  0.5712790000000  0.4678820000000  0.4738370000000 1.0
C      1  0.4287210000000  0.4678820000000  0.5261630000000 1.0
C      1  0.5712790000000  0.5321180000000  0.5261630000000 1.0
C      1  0.4491510000000  0.5271400000000  0.4463600000000 1.0
C      1  0.5271400000000  0.4463600000000  0.4491510000000 1.0
C      1  0.4463600000000  0.4491510000000  0.5271400000000 1.0
C      1  0.5508490000000  0.4728600000000  0.4463600000000 1.0
C      1  0.4491510000000  0.4728600000000  0.5536400000000 1.0
C      1  0.5508490000000  0.5271400000000  0.5536400000000 1.0
C      1  0.4728600000000  0.5536400000000  0.4491510000000 1.0
C      1  0.5271400000000  0.5536400000000  0.5508490000000 1.0
C      1  0.4728600000000  0.4463600000000  0.5508490000000 1.0
C      1  0.5536400000000  0.5508490000000  0.5271400000000 1.0
C      1  0.4463600000000  0.5508490000000  0.4728600000000 1.0
C      1  0.5536400000000  0.4491510000000  0.4728600000000 1.0
C      1  0.4491510000000  0.5271400000000  0.5536400000000 1.0
C      1  0.5271400000000  0.4463600000000  0.5508490000000 1.0
C      1  0.4463600000000  0.4491510000000  0.4728600000000 1.0
C      1  0.5508490000000  0.4728600000000  0.5536400000000 1.0
C      1  0.4491510000000  0.4728600000000  0.4463600000000 1.0
C      1  0.5508490000000  0.5271400000000  0.4463600000000 1.0
C      1  0.4728600000000  0.5536400000000  0.5508490000000 1.0
C      1  0.5271400000000  0.5536400000000  0.4491510000000 1.0
C      1  0.4728600000000  0.4463600000000  0.4491510000000 1.0
C      1  0.5536400000000  0.5508490000000  0.4728600000000 1.0
C      1  0.4463600000000  0.5508490000000  0.5271400000000 1.0
C      1  0.5536400000000  0.4491510000000  0.5271400000000 1.0
C      1  0.5750920000000  0.5073390000000  0.5134640000000 1.0
C      1  0.5073390000000  0.5134640000000  0.5750920000000 1.0
C      1  0.5134640000000  0.5750920000000  0.5073390000000 1.0
C      1  0.4249080000000  0.4926610000000  0.5134640000000 1.0
C      1  0.5750920000000  0.4926610000000  0.4865360000000 1.0
C      1  0.4249080000000  0.5073390000000  0.4865360000000 1.0
C      1  0.4926610000000  0.4865360000000  0.5750920000000 1.0
C      1  0.5073390000000  0.4865360000000  0.4249080000000 1.0
C      1  0.4926610000000  0.5134640000000  0.4249080000000 1.0
C      1  0.4865360000000  0.4249080000000  0.5073390000000 1.0
C      1  0.5134640000000  0.4249080000000  0.4926610000000 1.0
C      1  0.4865360000000  0.5750920000000  0.4926610000000 1.0
C      1  0.5750920000000  0.5073390000000  0.4865360000000 1.0
C      1  0.5073390000000  0.5134640000000  0.4249080000000 1.0
C      1  0.5134640000000  0.5750920000000  0.4926610000000 1.0
C      1  0.4249080000000  0.4926610000000  0.4865360000000 1.0
C      1  0.5750920000000  0.4926610000000  0.5134640000000 1.0
C      1  0.4249080000000  0.5073390000000  0.5134640000000 1.0
C      1  0.4926610000000  0.4865360000000  0.4249080000000 1.0
C      1  0.5073390000000  0.4865360000000  0.5750920000000 1.0
C      1  0.4926610000000  0.5134640000000  0.5750920000000 1.0
C      1  0.4865360000000  0.4249080000000  0.4926610000000 1.0
C      1  0.5134640000000  0.4249080000000  0.5073390000000 1.0
C      1  0.4865360000000  0.5750920000000  0.5073390000000 1.0
C      1  0.4564420000000  0.5279480000000  0.5641270000000 1.0
C      1  0.5279480000000  0.5641270000000  0.4564420000000 1.0
C      1  0.5641270000000  0.4564420000000  0.5279480000000 1.0
C      1  0.5435580000000  0.4720520000000  0.5641270000000 1.0
C      1  0.4564420000000  0.4720520000000  0.4358730000000 1.0
C      1  0.5435580000000  0.5279480000000  0.4358730000000 1.0
C      1  0.4720520000000  0.4358730000000  0.4564420000000 1.0
C      1  0.5279480000000  0.4358730000000  0.5435580000000 1.0
C      1  0.4720520000000  0.5641270000000  0.5435580000000 1.0
C      1  0.4358730000000  0.5435580000000  0.5279480000000 1.0
C      1  0.5641270000000  0.5435580000000  0.4720520000000 1.0
C      1  0.4358730000000  0.4564420000000  0.4720520000000 1.0
C      1  0.4564420000000  0.5279480000000  0.4358730000000 1.0
C      1  0.5279480000000  0.5641270000000  0.5435580000000 1.0
C      1  0.5641270000000  0.4564420000000  0.4720520000000 1.0
C      1  0.5435580000000  0.4720520000000  0.4358730000000 1.0
C      1  0.4564420000000  0.4720520000000  0.5641270000000 1.0
C      1  0.5435580000000  0.5279480000000  0.5641270000000 1.0
C      1  0.4720520000000  0.4358730000000  0.5435580000000 1.0
C      1  0.5279480000000  0.4358730000000  0.4564420000000 1.0
C      1  0.4720520000000  0.5641270000000  0.4564420000000 1.0
C      1  0.4358730000000  0.5435580000000  0.4720520000000 1.0
C      1  0.5641270000000  0.5435580000000  0.5279480000000 1.0
C      1  0.4358730000000  0.4564420000000  0.5279480000000 1.0
C      1  0.4736900000000  0.4327670000000  0.5076380000000 1.0
C      1  0.4327670000000  0.5076380000000  0.4736900000000 1.0
C      1  0.5076380000000  0.4736900000000  0.4327670000000 1.0
C      1  0.5263100000000  0.5672330000000  0.5076380000000 1.0
C      1  0.4736900000000  0.5672330000000  0.4923620000000 1.0
C      1  0.5263100000000  0.4327670000000  0.4923620000000 1.0
C      1  0.5672330000000  0.4923620000000  0.4736900000000 1.0
C      1  0.4327670000000  0.4923620000000  0.5263100000000 1.0
C      1  0.5672330000000  0.5076380000000  0.5263100000000 1.0
C      1  0.4923620000000  0.5263100000000  0.4327670000000 1.0
C      1  0.5076380000000  0.5263100000000  0.5672330000000 1.0
C      1  0.4923620000000  0.4736900000000  0.5672330000000 1.0
C      1  0.4736900000000  0.4327670000000  0.4923620000000 1.0
C      1  0.4327670000000  0.5076380000000  0.5263100000000 1.0
C      1  0.5076380000000  0.4736900000000  0.5672330000000 1.0
C      1  0.5263100000000  0.5672330000000  0.4923620000000 1.0
C      1  0.4736900000000  0.5672330000000  0.5076380000000 1.0
C      1  0.5263100000000  0.4327670000000  0.5076380000000 1.0
C      1  0.5672330000000  0.4923620000000  0.5263100000000 1.0
C      1  0.4327670000000  0.4923620000000  0.4736900000000 1.0
C      1  0.5672330000000  0.5076380000000  0.4736900000000 1.0
C      1  0.4923620000000  0.5263100000000  0.5672330000000 1.0
C      1  0.5076380000000  0.5263100000000  0.4327670000000 1.0
C      1  0.4923620000000  0.4736900000000  0.4327670000000 1.0
C      1  0.4847730000000  0.4205600000000  0.4697540000000 1.0
C      1  0.4205600000000  0.4697540000000  0.4847730000000 1.0
C      1  0.4697540000000  0.4847730000000  0.4205600000000 1.0
C      1  0.5152270000000  0.5794400000000  0.4697540000000 1.0
C      1  0.4847730000000  0.5794400000000  0.5302460000000 1.0
C      1  0.5152270000000  0.4205600000000  0.5302460000000 1.0
C      1  0.5794400000000  0.5302460000000  0.4847730000000 1.0
C      1  0.4205600000000  0.5302460000000  0.5152270000000 1.0
C      1  0.5794400000000  0.4697540000000  0.5152270000000 1.0
C      1  0.5302460000000  0.5152270000000  0.4205600000000 1.0
C      1  0.4697540000000  0.5152270000000  0.5794400000000 1.0
C      1  0.5302460000000  0.4847730000000  0.5794400000000 1.0
C      1  0.4847730000000  0.4205600000000  0.5302460000000 1.0
C      1  0.4205600000000  0.4697540000000  0.5152270000000 1.0
C      1  0.4697540000000  0.4847730000000  0.5794400000000 1.0
C      1  0.5152270000000  0.5794400000000  0.5302460000000 1.0
C      1  0.4847730000000  0.5794400000000  0.4697540000000 1.0
C      1  0.5152270000000  0.4205600000000  0.4697540000000 1.0
C      1  0.5794400000000  0.5302460000000  0.5152270000000 1.0
C      1  0.4205600000000  0.5302460000000  0.4847730000000 1.0
C      1  0.5794400000000  0.4697540000000  0.4847730000000 1.0
C      1  0.5302460000000  0.5152270000000  0.5794400000000 1.0
C      1  0.4697540000000  0.5152270000000  0.4205600000000 1.0
C      1  0.5302460000000  0.4847730000000  0.4205600000000 1.0
C      1  0.4407780000000  0.5228370000000  0.4549070000000 1.0
C      1  0.5228370000000  0.4549070000000  0.4407780000000 1.0
C      1  0.4549070000000  0.4407780000000  0.5228370000000 1.0
C      1  0.5592220000000  0.4771630000000  0.4549070000000 1.0
C      1  0.4407780000000  0.4771630000000  0.5450930000000 1.0
C      1  0.5592220000000  0.5228370000000  0.5450930000000 1.0
C      1  0.4771630000000  0.5450930000000  0.4407780000000 1.0
C      1  0.5228370000000  0.5450930000000  0.5592220000000 1.0
C      1  0.4771630000000  0.4549070000000  0.5592220000000 1.0
C      1  0.5450930000000  0.5592220000000  0.5228370000000 1.0
C      1  0.4549070000000  0.5592220000000  0.4771630000000 1.0
C      1  0.5450930000000  0.4407780000000  0.4771630000000 1.0
C      1  0.4407780000000  0.5228370000000  0.5450930000000 1.0
C      1  0.5228370000000  0.4549070000000  0.5592220000000 1.0
C      1  0.4549070000000  0.4407780000000  0.4771630000000 1.0
C      1  0.5592220000000  0.4771630000000  0.5450930000000 1.0
C      1  0.4407780000000  0.4771630000000  0.4549070000000 1.0
C      1  0.5592220000000  0.5228370000000  0.4549070000000 1.0
C      1  0.4771630000000  0.5450930000000  0.5592220000000 1.0
C      1  0.5228370000000  0.5450930000000  0.4407780000000 1.0
C      1  0.4771630000000  0.4549070000000  0.4407780000000 1.0
C      1  0.5450930000000  0.5592220000000  0.4771630000000 1.0
C      1  0.4549070000000  0.5592220000000  0.5228370000000 1.0
C      1  0.5450930000000  0.4407780000000  0.5228370000000 1.0
C      1  0.5339000000000  0.4334920000000  0.5196090000000 1.0
C      1  0.4334920000000  0.5196090000000  0.5339000000000 1.0
C      1  0.5196090000000  0.5339000000000  0.4334920000000 1.0
C      1  0.4661000000000  0.5665080000000  0.5196090000000 1.0
C      1  0.5339000000000  0.5665080000000  0.4803910000000 1.0
C      1  0.4661000000000  0.4334920000000  0.4803910000000 1.0
C      1  0.5665080000000  0.4803910000000  0.5339000000000 1.0
C      1  0.4334920000000  0.4803910000000  0.4661000000000 1.0
C      1  0.5665080000000  0.5196090000000  0.4661000000000 1.0
C      1  0.4803910000000  0.4661000000000  0.4334920000000 1.0
C      1  0.5196090000000  0.4661000000000  0.5665080000000 1.0
C      1  0.4803910000000  0.5339000000000  0.5665080000000 1.0
C      1  0.5339000000000  0.4334920000000  0.4803910000000 1.0
C      1  0.4334920000000  0.5196090000000  0.4661000000000 1.0
C      1  0.5196090000000  0.5339000000000  0.5665080000000 1.0
C      1  0.4661000000000  0.5665080000000  0.4803910000000 1.0
C      1  0.5339000000000  0.5665080000000  0.5196090000000 1.0
C      1  0.4661000000000  0.4334920000000  0.5196090000000 1.0
C      1  0.5665080000000  0.4803910000000  0.4661000000000 1.0
C      1  0.4334920000000  0.4803910000000  0.5339000000000 1.0
C      1  0.5665080000000  0.5196090000000  0.5339000000000 1.0
C      1  0.4803910000000  0.4661000000000  0.5665080000000 1.0
C      1  0.5196090000000  0.4661000000000  0.4334920000000 1.0
C      1  0.4803910000000  0.5339000000000  0.4334920000000 1.0
C      1  0.5811350000000  0.4809370000000  0.5074110000000 1.0
C      1  0.4809370000000  0.5074110000000  0.5811350000000 1.0
C      1  0.5074110000000  0.5811350000000  0.4809370000000 1.0
C      1  0.4188650000000  0.5190630000000  0.5074110000000 1.0
C      1  0.5811350000000  0.5190630000000  0.4925890000000 1.0
C      1  0.4188650000000  0.4809370000000  0.4925890000000 1.0
C      1  0.5190630000000  0.4925890000000  0.5811350000000 1.0
C      1  0.4809370000000  0.4925890000000  0.4188650000000 1.0
C      1  0.5190630000000  0.5074110000000  0.4188650000000 1.0
C      1  0.4925890000000  0.4188650000000  0.4809370000000 1.0
C      1  0.5074110000000  0.4188650000000  0.5190630000000 1.0
C      1  0.4925890000000  0.5811350000000  0.5190630000000 1.0
C      1  0.5811350000000  0.4809370000000  0.4925890000000 1.0
C      1  0.4809370000000  0.5074110000000  0.4188650000000 1.0
C      1  0.5074110000000  0.5811350000000  0.5190630000000 1.0
C      1  0.4188650000000  0.5190630000000  0.4925890000000 1.0
C      1  0.5811350000000  0.5190630000000  0.5074110000000 1.0
C      1  0.4188650000000  0.4809370000000  0.5074110000000 1.0
C      1  0.5190630000000  0.4925890000000  0.4188650000000 1.0
C      1  0.4809370000000  0.4925890000000  0.5811350000000 1.0
C      1  0.5190630000000  0.5074110000000  0.5811350000000 1.0
C      1  0.4925890000000  0.4188650000000  0.5190630000000 1.0
C      1  0.5074110000000  0.4188650000000  0.4809370000000 1.0
C      1  0.4925890000000  0.5811350000000  0.4809370000000 1.0
END
