TITL C-1379268-1316-296 1.03605523717486e-06 1000000 -4619.92604013032 0 0 660 (Th) n - 1
REM
REM in /nfs/bkarasulu/CARBON/AIRSS/Generating-Clusters/GAP-ML-2020/Higher-Symm/Selected-Sizes/TryA-Only_Ih-Symm/Larger-Clusters/Try2-MINAMP_6A
REM
REM
REM
REM
REM
REM ./C.cell (31579ac4e95a012ec27f3239692ae8a5)
REM
REM compiler GCC version 9.2.1 20190827 (Red Hat 9.2.1-1)
REM options -cpp -mtune=generic -march=x86-64 -g -O0 -fpre-include=/usr/include/finclude/math-vector-fortran.h
REM seed 1849968247 420533419 977829941 -615548566 -153237829 -272136137 -1966356705 401697182 -2135680707 1142247071 1256388071 1761357766 -864393505 -1443026744 -1372391450 836996501 -1262646246 -1591122858 1796954306 -645421411 956278555 1247338095 2106188901 530562885 713500867 -1164942009 -1548250952 -704587973 -552750158 1287326585 406297954 640429499 -60671697
REM
CELL 1.54180  100.00000  100.00000  100.00000   90.00000   90.00000   90.00000
LATT -1
SFAC C  
C      1  0.4877430000000  0.4635490000000  0.4694650000000 1.0
C      1  0.4635490000000  0.4694650000000  0.4877430000000 1.0
C      1  0.4694650000000  0.4877430000000  0.4635490000000 1.0
C      1  0.5122570000000  0.5364510000000  0.4694650000000 1.0
C      1  0.4877430000000  0.5364510000000  0.5305350000000 1.0
C      1  0.5122570000000  0.4635490000000  0.5305350000000 1.0
C      1  0.5364510000000  0.5305350000000  0.4877430000000 1.0
C      1  0.4635490000000  0.5305350000000  0.5122570000000 1.0
C      1  0.5364510000000  0.4694650000000  0.5122570000000 1.0
C      1  0.5305350000000  0.5122570000000  0.4635490000000 1.0
C      1  0.4694650000000  0.5122570000000  0.5364510000000 1.0
C      1  0.5305350000000  0.4877430000000  0.5364510000000 1.0
C      1  0.4877430000000  0.4635490000000  0.5305350000000 1.0
C      1  0.4635490000000  0.4694650000000  0.5122570000000 1.0
C      1  0.4694650000000  0.4877430000000  0.5364510000000 1.0
C      1  0.5122570000000  0.5364510000000  0.5305350000000 1.0
C      1  0.4877430000000  0.5364510000000  0.4694650000000 1.0
C      1  0.5122570000000  0.4635490000000  0.4694650000000 1.0
C      1  0.5364510000000  0.5305350000000  0.5122570000000 1.0
C      1  0.4635490000000  0.5305350000000  0.4877430000000 1.0
C      1  0.5364510000000  0.4694650000000  0.4877430000000 1.0
C      1  0.5305350000000  0.5122570000000  0.5364510000000 1.0
C      1  0.4694650000000  0.5122570000000  0.4635490000000 1.0
C      1  0.5305350000000  0.4877430000000  0.4635490000000 1.0
C      1  0.4150830000000  0.5257910000000  0.4926350000000 1.0
C      1  0.5257910000000  0.4926350000000  0.4150830000000 1.0
C      1  0.4926350000000  0.4150830000000  0.5257910000000 1.0
C      1  0.5849170000000  0.4742090000000  0.4926350000000 1.0
C      1  0.4150830000000  0.4742090000000  0.5073650000000 1.0
C      1  0.5849170000000  0.5257910000000  0.5073650000000 1.0
C      1  0.4742090000000  0.5073650000000  0.4150830000000 1.0
C      1  0.5257910000000  0.5073650000000  0.5849170000000 1.0
C      1  0.4742090000000  0.4926350000000  0.5849170000000 1.0
C      1  0.5073650000000  0.5849170000000  0.5257910000000 1.0
C      1  0.4926350000000  0.5849170000000  0.4742090000000 1.0
C      1  0.5073650000000  0.4150830000000  0.4742090000000 1.0
C      1  0.4150830000000  0.5257910000000  0.5073650000000 1.0
C      1  0.5257910000000  0.4926350000000  0.5849170000000 1.0
C      1  0.4926350000000  0.4150830000000  0.4742090000000 1.0
C      1  0.5849170000000  0.4742090000000  0.5073650000000 1.0
C      1  0.4150830000000  0.4742090000000  0.4926350000000 1.0
C      1  0.5849170000000  0.5257910000000  0.4926350000000 1.0
C      1  0.4742090000000  0.5073650000000  0.5849170000000 1.0
C      1  0.5257910000000  0.5073650000000  0.4150830000000 1.0
C      1  0.4742090000000  0.4926350000000  0.4150830000000 1.0
C      1  0.5073650000000  0.5849170000000  0.4742090000000 1.0
C      1  0.4926350000000  0.5849170000000  0.5257910000000 1.0
C      1  0.5073650000000  0.4150830000000  0.5257910000000 1.0
C      1  0.5452800000000  0.5394490000000  0.5330130000000 1.0
C      1  0.5394490000000  0.5330130000000  0.5452800000000 1.0
C      1  0.5330130000000  0.5452800000000  0.5394490000000 1.0
C      1  0.4547200000000  0.4605510000000  0.5330130000000 1.0
C      1  0.5452800000000  0.4605510000000  0.4669870000000 1.0
C      1  0.4547200000000  0.5394490000000  0.4669870000000 1.0
C      1  0.4605510000000  0.4669870000000  0.5452800000000 1.0
C      1  0.5394490000000  0.4669870000000  0.4547200000000 1.0
C      1  0.4605510000000  0.5330130000000  0.4547200000000 1.0
C      1  0.4669870000000  0.4547200000000  0.5394490000000 1.0
C      1  0.5330130000000  0.4547200000000  0.4605510000000 1.0
C      1  0.4669870000000  0.5452800000000  0.4605510000000 1.0
C      1  0.5452800000000  0.5394490000000  0.4669870000000 1.0
C      1  0.5394490000000  0.5330130000000  0.4547200000000 1.0
C      1  0.5330130000000  0.5452800000000  0.4605510000000 1.0
C      1  0.4547200000000  0.4605510000000  0.4669870000000 1.0
C      1  0.5452800000000  0.4605510000000  0.5330130000000 1.0
C      1  0.4547200000000  0.5394490000000  0.5330130000000 1.0
C      1  0.4605510000000  0.4669870000000  0.4547200000000 1.0
C      1  0.5394490000000  0.4669870000000  0.5452800000000 1.0
C      1  0.4605510000000  0.5330130000000  0.5452800000000 1.0
C      1  0.4669870000000  0.4547200000000  0.4605510000000 1.0
C      1  0.5330130000000  0.4547200000000  0.5394490000000 1.0
C      1  0.4669870000000  0.5452800000000  0.5394490000000 1.0
C      1  0.5239260000000  0.5450470000000  0.5273710000000 1.0
C      1  0.5450470000000  0.5273710000000  0.5239260000000 1.0
C      1  0.5273710000000  0.5239260000000  0.5450470000000 1.0
C      1  0.4760740000000  0.4549530000000  0.5273710000000 1.0
C      1  0.5239260000000  0.4549530000000  0.4726290000000 1.0
C      1  0.4760740000000  0.5450470000000  0.4726290000000 1.0
C      1  0.4549530000000  0.4726290000000  0.5239260000000 1.0
C      1  0.5450470000000  0.4726290000000  0.4760740000000 1.0
C      1  0.4549530000000  0.5273710000000  0.4760740000000 1.0
C      1  0.4726290000000  0.4760740000000  0.5450470000000 1.0
C      1  0.5273710000000  0.4760740000000  0.4549530000000 1.0
C      1  0.4726290000000  0.5239260000000  0.4549530000000 1.0
C      1  0.5239260000000  0.5450470000000  0.4726290000000 1.0
C      1  0.5450470000000  0.5273710000000  0.4760740000000 1.0
C      1  0.5273710000000  0.5239260000000  0.4549530000000 1.0
C      1  0.4760740000000  0.4549530000000  0.4726290000000 1.0
C      1  0.5239260000000  0.4549530000000  0.5273710000000 1.0
C      1  0.4760740000000  0.5450470000000  0.5273710000000 1.0
C      1  0.4549530000000  0.4726290000000  0.4760740000000 1.0
C      1  0.5450470000000  0.4726290000000  0.5239260000000 1.0
C      1  0.4549530000000  0.5273710000000  0.5239260000000 1.0
C      1  0.4726290000000  0.4760740000000  0.4549530000000 1.0
C      1  0.5273710000000  0.4760740000000  0.5450470000000 1.0
C      1  0.4726290000000  0.5239260000000  0.5450470000000 1.0
C      1  0.5514350000000  0.4261810000000  0.4842860000000 1.0
C      1  0.4261810000000  0.4842860000000  0.5514350000000 1.0
C      1  0.4842860000000  0.5514350000000  0.4261810000000 1.0
C      1  0.4485650000000  0.5738190000000  0.4842860000000 1.0
C      1  0.5514350000000  0.5738190000000  0.5157140000000 1.0
C      1  0.4485650000000  0.4261810000000  0.5157140000000 1.0
C      1  0.5738190000000  0.5157140000000  0.5514350000000 1.0
C      1  0.4261810000000  0.5157140000000  0.4485650000000 1.0
C      1  0.5738190000000  0.4842860000000  0.4485650000000 1.0
C      1  0.5157140000000  0.4485650000000  0.4261810000000 1.0
C      1  0.4842860000000  0.4485650000000  0.5738190000000 1.0
C      1  0.5157140000000  0.5514350000000  0.5738190000000 1.0
C      1  0.5514350000000  0.4261810000000  0.5157140000000 1.0
C      1  0.4261810000000  0.4842860000000  0.4485650000000 1.0
C      1  0.4842860000000  0.5514350000000  0.5738190000000 1.0
C      1  0.4485650000000  0.5738190000000  0.5157140000000 1.0
C      1  0.5514350000000  0.5738190000000  0.4842860000000 1.0
C      1  0.4485650000000  0.4261810000000  0.4842860000000 1.0
C      1  0.5738190000000  0.5157140000000  0.4485650000000 1.0
C      1  0.4261810000000  0.5157140000000  0.5514350000000 1.0
C      1  0.5738190000000  0.4842860000000  0.5514350000000 1.0
C      1  0.5157140000000  0.4485650000000  0.5738190000000 1.0
C      1  0.4842860000000  0.4485650000000  0.4261810000000 1.0
C      1  0.5157140000000  0.5514350000000  0.4261810000000 1.0
C      1  0.4879390000000  0.4291110000000  0.5576760000000 1.0
C      1  0.4291110000000  0.5576760000000  0.4879390000000 1.0
C      1  0.5576760000000  0.4879390000000  0.4291110000000 1.0
C      1  0.5120610000000  0.5708890000000  0.5576760000000 1.0
C      1  0.4879390000000  0.5708890000000  0.4423240000000 1.0
C      1  0.5120610000000  0.4291110000000  0.4423240000000 1.0
C      1  0.5708890000000  0.4423240000000  0.4879390000000 1.0
C      1  0.4291110000000  0.4423240000000  0.5120610000000 1.0
C      1  0.5708890000000  0.5576760000000  0.5120610000000 1.0
C      1  0.4423240000000  0.5120610000000  0.4291110000000 1.0
C      1  0.5576760000000  0.5120610000000  0.5708890000000 1.0
C      1  0.4423240000000  0.4879390000000  0.5708890000000 1.0
C      1  0.4879390000000  0.4291110000000  0.4423240000000 1.0
C      1  0.4291110000000  0.5576760000000  0.5120610000000 1.0
C      1  0.5576760000000  0.4879390000000  0.5708890000000 1.0
C      1  0.5120610000000  0.5708890000000  0.4423240000000 1.0
C      1  0.4879390000000  0.5708890000000  0.5576760000000 1.0
C      1  0.5120610000000  0.4291110000000  0.5576760000000 1.0
C      1  0.5708890000000  0.4423240000000  0.5120610000000 1.0
C      1  0.4291110000000  0.4423240000000  0.4879390000000 1.0
C      1  0.5708890000000  0.5576760000000  0.4879390000000 1.0
C      1  0.4423240000000  0.5120610000000  0.5708890000000 1.0
C      1  0.5576760000000  0.5120610000000  0.4291110000000 1.0
C      1  0.4423240000000  0.4879390000000  0.4291110000000 1.0
C      1  0.4931400000000  0.4676070000000  0.4825210000000 1.0
C      1  0.4676070000000  0.4825210000000  0.4931400000000 1.0
C      1  0.4825210000000  0.4931400000000  0.4676070000000 1.0
C      1  0.5068600000000  0.5323930000000  0.4825210000000 1.0
C      1  0.4931400000000  0.5323930000000  0.5174790000000 1.0
C      1  0.5068600000000  0.4676070000000  0.5174790000000 1.0
C      1  0.5323930000000  0.5174790000000  0.4931400000000 1.0
C      1  0.4676070000000  0.5174790000000  0.5068600000000 1.0
C      1  0.5323930000000  0.4825210000000  0.5068600000000 1.0
C      1  0.5174790000000  0.5068600000000  0.4676070000000 1.0
C      1  0.4825210000000  0.5068600000000  0.5323930000000 1.0
C      1  0.5174790000000  0.4931400000000  0.5323930000000 1.0
C      1  0.4931400000000  0.4676070000000  0.5174790000000 1.0
C      1  0.4676070000000  0.4825210000000  0.5068600000000 1.0
C      1  0.4825210000000  0.4931400000000  0.5323930000000 1.0
C      1  0.5068600000000  0.5323930000000  0.5174790000000 1.0
C      1  0.4931400000000  0.5323930000000  0.4825210000000 1.0
C      1  0.5068600000000  0.4676070000000  0.4825210000000 1.0
C      1  0.5323930000000  0.5174790000000  0.5068600000000 1.0
C      1  0.4676070000000  0.5174790000000  0.4931400000000 1.0
C      1  0.5323930000000  0.4825210000000  0.4931400000000 1.0
C      1  0.5174790000000  0.5068600000000  0.5323930000000 1.0
C      1  0.4825210000000  0.5068600000000  0.4676070000000 1.0
C      1  0.5174790000000  0.4931400000000  0.4676070000000 1.0
C      1  0.4147350000000  0.4846560000000  0.5157850000000 1.0
C      1  0.4846560000000  0.5157850000000  0.4147350000000 1.0
C      1  0.5157850000000  0.4147350000000  0.4846560000000 1.0
C      1  0.5852650000000  0.5153440000000  0.5157850000000 1.0
C      1  0.4147350000000  0.5153440000000  0.4842150000000 1.0
C      1  0.5852650000000  0.4846560000000  0.4842150000000 1.0
C      1  0.5153440000000  0.4842150000000  0.4147350000000 1.0
C      1  0.4846560000000  0.4842150000000  0.5852650000000 1.0
C      1  0.5153440000000  0.5157850000000  0.5852650000000 1.0
C      1  0.4842150000000  0.5852650000000  0.4846560000000 1.0
C      1  0.5157850000000  0.5852650000000  0.5153440000000 1.0
C      1  0.4842150000000  0.4147350000000  0.5153440000000 1.0
C      1  0.4147350000000  0.4846560000000  0.4842150000000 1.0
C      1  0.4846560000000  0.5157850000000  0.5852650000000 1.0
C      1  0.5157850000000  0.4147350000000  0.5153440000000 1.0
C      1  0.5852650000000  0.5153440000000  0.4842150000000 1.0
C      1  0.4147350000000  0.5153440000000  0.5157850000000 1.0
C      1  0.5852650000000  0.4846560000000  0.5157850000000 1.0
C      1  0.5153440000000  0.4842150000000  0.5852650000000 1.0
C      1  0.4846560000000  0.4842150000000  0.4147350000000 1.0
C      1  0.5153440000000  0.5157850000000  0.4147350000000 1.0
C      1  0.4842150000000  0.5852650000000  0.5153440000000 1.0
C      1  0.5157850000000  0.5852650000000  0.4846560000000 1.0
C      1  0.4842150000000  0.4147350000000  0.4846560000000 1.0
C      1  0.5259020000000  0.4215990000000  0.5079990000000 1.0
C      1  0.4215990000000  0.5079990000000  0.5259020000000 1.0
C      1  0.5079990000000  0.5259020000000  0.4215990000000 1.0
C      1  0.4740980000000  0.5784010000000  0.5079990000000 1.0
C      1  0.5259020000000  0.5784010000000  0.4920010000000 1.0
C      1  0.4740980000000  0.4215990000000  0.4920010000000 1.0
C      1  0.5784010000000  0.4920010000000  0.5259020000000 1.0
C      1  0.4215990000000  0.4920010000000  0.4740980000000 1.0
C      1  0.5784010000000  0.5079990000000  0.4740980000000 1.0
C      1  0.4920010000000  0.4740980000000  0.4215990000000 1.0
C      1  0.5079990000000  0.4740980000000  0.5784010000000 1.0
C      1  0.4920010000000  0.5259020000000  0.5784010000000 1.0
C      1  0.5259020000000  0.4215990000000  0.4920010000000 1.0
C      1  0.4215990000000  0.5079990000000  0.4740980000000 1.0
C      1  0.5079990000000  0.5259020000000  0.5784010000000 1.0
C      1  0.4740980000000  0.5784010000000  0.4920010000000 1.0
C      1  0.5259020000000  0.5784010000000  0.5079990000000 1.0
C      1  0.4740980000000  0.4215990000000  0.5079990000000 1.0
C      1  0.5784010000000  0.4920010000000  0.4740980000000 1.0
C      1  0.4215990000000  0.4920010000000  0.5259020000000 1.0
C      1  0.5784010000000  0.5079990000000  0.5259020000000 1.0
C      1  0.4920010000000  0.4740980000000  0.5784010000000 1.0
C      1  0.5079990000000  0.4740980000000  0.4215990000000 1.0
C      1  0.4920010000000  0.5259020000000  0.4215990000000 1.0
C      1  0.5445660000000  0.4467270000000  0.5649560000000 1.0
C      1  0.4467270000000  0.5649560000000  0.5445660000000 1.0
C      1  0.5649560000000  0.5445660000000  0.4467270000000 1.0
C      1  0.4554340000000  0.5532730000000  0.5649560000000 1.0
C      1  0.5445660000000  0.5532730000000  0.4350440000000 1.0
C      1  0.4554340000000  0.4467270000000  0.4350440000000 1.0
C      1  0.5532730000000  0.4350440000000  0.5445660000000 1.0
C      1  0.4467270000000  0.4350440000000  0.4554340000000 1.0
C      1  0.5532730000000  0.5649560000000  0.4554340000000 1.0
C      1  0.4350440000000  0.4554340000000  0.4467270000000 1.0
C      1  0.5649560000000  0.4554340000000  0.5532730000000 1.0
C      1  0.4350440000000  0.5445660000000  0.5532730000000 1.0
C      1  0.5445660000000  0.4467270000000  0.4350440000000 1.0
C      1  0.4467270000000  0.5649560000000  0.4554340000000 1.0
C      1  0.5649560000000  0.5445660000000  0.5532730000000 1.0
C      1  0.4554340000000  0.5532730000000  0.4350440000000 1.0
C      1  0.5445660000000  0.5532730000000  0.5649560000000 1.0
C      1  0.4554340000000  0.4467270000000  0.5649560000000 1.0
C      1  0.5532730000000  0.4350440000000  0.4554340000000 1.0
C      1  0.4467270000000  0.4350440000000  0.5445660000000 1.0
C      1  0.5532730000000  0.5649560000000  0.5445660000000 1.0
C      1  0.4350440000000  0.4554340000000  0.5532730000000 1.0
C      1  0.5649560000000  0.4554340000000  0.4467270000000 1.0
C      1  0.4350440000000  0.5445660000000  0.4467270000000 1.0
C      1  0.4326350000000  0.5299130000000  0.5477320000000 1.0
C      1  0.5299130000000  0.5477320000000  0.4326350000000 1.0
C      1  0.5477320000000  0.4326350000000  0.5299130000000 1.0
C      1  0.5673650000000  0.4700870000000  0.5477320000000 1.0
C      1  0.4326350000000  0.4700870000000  0.4522680000000 1.0
C      1  0.5673650000000  0.5299130000000  0.4522680000000 1.0
C      1  0.4700870000000  0.4522680000000  0.4326350000000 1.0
C      1  0.5299130000000  0.4522680000000  0.5673650000000 1.0
C      1  0.4700870000000  0.5477320000000  0.5673650000000 1.0
C      1  0.4522680000000  0.5673650000000  0.5299130000000 1.0
C      1  0.5477320000000  0.5673650000000  0.4700870000000 1.0
C      1  0.4522680000000  0.4326350000000  0.4700870000000 1.0
C      1  0.4326350000000  0.5299130000000  0.4522680000000 1.0
C      1  0.5299130000000  0.5477320000000  0.5673650000000 1.0
C      1  0.5477320000000  0.4326350000000  0.4700870000000 1.0
C      1  0.5673650000000  0.4700870000000  0.4522680000000 1.0
C      1  0.4326350000000  0.4700870000000  0.5477320000000 1.0
C      1  0.5673650000000  0.5299130000000  0.5477320000000 1.0
C      1  0.4700870000000  0.4522680000000  0.5673650000000 1.0
C      1  0.5299130000000  0.4522680000000  0.4326350000000 1.0
C      1  0.4700870000000  0.5477320000000  0.4326350000000 1.0
C      1  0.4522680000000  0.5673650000000  0.4700870000000 1.0
C      1  0.5477320000000  0.5673650000000  0.5299130000000 1.0
C      1  0.4522680000000  0.4326350000000  0.5299130000000 1.0
C      1  0.5710150000000  0.4704880000000  0.5336940000000 1.0
C      1  0.4704880000000  0.5336940000000  0.5710150000000 1.0
C      1  0.5336940000000  0.5710150000000  0.4704880000000 1.0
C      1  0.4289850000000  0.5295120000000  0.5336940000000 1.0
C      1  0.5710150000000  0.5295120000000  0.4663060000000 1.0
C      1  0.4289850000000  0.4704880000000  0.4663060000000 1.0
C      1  0.5295120000000  0.4663060000000  0.5710150000000 1.0
C      1  0.4704880000000  0.4663060000000  0.4289850000000 1.0
C      1  0.5295120000000  0.5336940000000  0.4289850000000 1.0
C      1  0.4663060000000  0.4289850000000  0.4704880000000 1.0
C      1  0.5336940000000  0.4289850000000  0.5295120000000 1.0
C      1  0.4663060000000  0.5710150000000  0.5295120000000 1.0
C      1  0.5710150000000  0.4704880000000  0.4663060000000 1.0
C      1  0.4704880000000  0.5336940000000  0.4289850000000 1.0
C      1  0.5336940000000  0.5710150000000  0.5295120000000 1.0
C      1  0.4289850000000  0.5295120000000  0.4663060000000 1.0
C      1  0.5710150000000  0.5295120000000  0.5336940000000 1.0
C      1  0.4289850000000  0.4704880000000  0.5336940000000 1.0
C      1  0.5295120000000  0.4663060000000  0.4289850000000 1.0
C      1  0.4704880000000  0.4663060000000  0.5710150000000 1.0
C      1  0.5295120000000  0.5336940000000  0.5710150000000 1.0
C      1  0.4663060000000  0.4289850000000  0.5295120000000 1.0
C      1  0.5336940000000  0.4289850000000  0.4704880000000 1.0
C      1  0.4663060000000  0.5710150000000  0.4704880000000 1.0
C      1  0.4580180000000  0.4196600000000  0.4928270000000 1.0
C      1  0.4196600000000  0.4928270000000  0.4580180000000 1.0
C      1  0.4928270000000  0.4580180000000  0.4196600000000 1.0
C      1  0.5419820000000  0.5803400000000  0.4928270000000 1.0
C      1  0.4580180000000  0.5803400000000  0.5071730000000 1.0
C      1  0.5419820000000  0.4196600000000  0.5071730000000 1.0
C      1  0.5803400000000  0.5071730000000  0.4580180000000 1.0
C      1  0.4196600000000  0.5071730000000  0.5419820000000 1.0
C      1  0.5803400000000  0.4928270000000  0.5419820000000 1.0
C      1  0.5071730000000  0.5419820000000  0.4196600000000 1.0
C      1  0.4928270000000  0.5419820000000  0.5803400000000 1.0
C      1  0.5071730000000  0.4580180000000  0.5803400000000 1.0
C      1  0.4580180000000  0.4196600000000  0.5071730000000 1.0
C      1  0.4196600000000  0.4928270000000  0.5419820000000 1.0
C      1  0.4928270000000  0.4580180000000  0.5803400000000 1.0
C      1  0.5419820000000  0.5803400000000  0.5071730000000 1.0
C      1  0.4580180000000  0.5803400000000  0.4928270000000 1.0
C      1  0.5419820000000  0.4196600000000  0.4928270000000 1.0
C      1  0.5803400000000  0.5071730000000  0.5419820000000 1.0
C      1  0.4196600000000  0.5071730000000  0.4580180000000 1.0
C      1  0.5803400000000  0.4928270000000  0.4580180000000 1.0
C      1  0.5071730000000  0.5419820000000  0.5803400000000 1.0
C      1  0.4928270000000  0.5419820000000  0.4196600000000 1.0
C      1  0.5071730000000  0.4580180000000  0.4196600000000 1.0
C      1  0.5420750000000  0.4869650000000  0.4725110000000 1.0
C      1  0.4869650000000  0.4725110000000  0.5420750000000 1.0
C      1  0.4725110000000  0.5420750000000  0.4869650000000 1.0
C      1  0.4579250000000  0.5130350000000  0.4725110000000 1.0
C      1  0.5420750000000  0.5130350000000  0.5274890000000 1.0
C      1  0.4579250000000  0.4869650000000  0.5274890000000 1.0
C      1  0.5130350000000  0.5274890000000  0.5420750000000 1.0
C      1  0.4869650000000  0.5274890000000  0.4579250000000 1.0
C      1  0.5130350000000  0.4725110000000  0.4579250000000 1.0
C      1  0.5274890000000  0.4579250000000  0.4869650000000 1.0
C      1  0.4725110000000  0.4579250000000  0.5130350000000 1.0
C      1  0.5274890000000  0.5420750000000  0.5130350000000 1.0
C      1  0.5420750000000  0.4869650000000  0.5274890000000 1.0
C      1  0.4869650000000  0.4725110000000  0.4579250000000 1.0
C      1  0.4725110000000  0.5420750000000  0.5130350000000 1.0
C      1  0.4579250000000  0.5130350000000  0.5274890000000 1.0
C      1  0.5420750000000  0.5130350000000  0.4725110000000 1.0
C      1  0.4579250000000  0.4869650000000  0.4725110000000 1.0
C      1  0.5130350000000  0.5274890000000  0.4579250000000 1.0
C      1  0.4869650000000  0.5274890000000  0.5420750000000 1.0
C      1  0.5130350000000  0.4725110000000  0.5420750000000 1.0
C      1  0.5274890000000  0.4579250000000  0.5130350000000 1.0
C      1  0.4725110000000  0.4579250000000  0.4869650000000 1.0
C      1  0.5274890000000  0.5420750000000  0.4869650000000 1.0
C      1  0.4849170000000  0.5577960000000  0.5238130000000 1.0
C      1  0.5577960000000  0.5238130000000  0.4849170000000 1.0
C      1  0.5238130000000  0.4849170000000  0.5577960000000 1.0
C      1  0.5150830000000  0.4422040000000  0.5238130000000 1.0
C      1  0.4849170000000  0.4422040000000  0.4761870000000 1.0
C      1  0.5150830000000  0.5577960000000  0.4761870000000 1.0
C      1  0.4422040000000  0.4761870000000  0.4849170000000 1.0
C      1  0.5577960000000  0.4761870000000  0.5150830000000 1.0
C      1  0.4422040000000  0.5238130000000  0.5150830000000 1.0
C      1  0.4761870000000  0.5150830000000  0.5577960000000 1.0
C      1  0.5238130000000  0.5150830000000  0.4422040000000 1.0
C      1  0.4761870000000  0.4849170000000  0.4422040000000 1.0
C      1  0.4849170000000  0.5577960000000  0.4761870000000 1.0
C      1  0.5577960000000  0.5238130000000  0.5150830000000 1.0
C      1  0.5238130000000  0.4849170000000  0.4422040000000 1.0
C      1  0.5150830000000  0.4422040000000  0.4761870000000 1.0
C      1  0.4849170000000  0.4422040000000  0.5238130000000 1.0
C      1  0.5150830000000  0.5577960000000  0.5238130000000 1.0
C      1  0.4422040000000  0.4761870000000  0.5150830000000 1.0
C      1  0.5577960000000  0.4761870000000  0.4849170000000 1.0
C      1  0.4422040000000  0.5238130000000  0.4849170000000 1.0
C      1  0.4761870000000  0.5150830000000  0.4422040000000 1.0
C      1  0.5238130000000  0.5150830000000  0.5577960000000 1.0
C      1  0.4761870000000  0.4849170000000  0.5577960000000 1.0
C      1  0.5803920000000  0.4611700000000  0.4882210000000 1.0
C      1  0.4611700000000  0.4882210000000  0.5803910000000 1.0
C      1  0.4882210000000  0.5803920000000  0.4611700000000 1.0
C      1  0.4196090000000  0.5388300000000  0.4882210000000 1.0
C      1  0.5803920000000  0.5388300000000  0.5117790000000 1.0
C      1  0.4196080000000  0.4611700000000  0.5117790000000 1.0
C      1  0.5388300000000  0.5117790000000  0.5803920000000 1.0
C      1  0.4611700000000  0.5117790000000  0.4196090000000 1.0
C      1  0.5388300000000  0.4882210000000  0.4196090000000 1.0
C      1  0.5117790000000  0.4196090000000  0.4611700000000 1.0
C      1  0.4882210000000  0.4196080000000  0.5388300000000 1.0
C      1  0.5117790000000  0.5803910000000  0.5388300000000 1.0
C      1  0.5803910000000  0.4611700000000  0.5117790000000 1.0
C      1  0.4611700000000  0.4882210000000  0.4196080000000 1.0
C      1  0.4882210000000  0.5803920000000  0.5388300000000 1.0
C      1  0.4196080000000  0.5388300000000  0.5117790000000 1.0
C      1  0.5803910000000  0.5388300000000  0.4882210000000 1.0
C      1  0.4196090000000  0.4611700000000  0.4882210000000 1.0
C      1  0.5388300000000  0.5117790000000  0.4196080000000 1.0
C      1  0.4611700000000  0.5117790000000  0.5803920000000 1.0
C      1  0.5388300000000  0.4882210000000  0.5803910000000 1.0
C      1  0.5117790000000  0.4196090000000  0.5388300000000 1.0
C      1  0.4882210000000  0.4196080000000  0.4611700000000 1.0
C      1  0.5117790000000  0.5803910000000  0.4611700000000 1.0
C      1  0.5642830000000  0.4447880000000  0.4561780000000 1.0
C      1  0.4447880000000  0.4561780000000  0.5642830000000 1.0
C      1  0.4561780000000  0.5642830000000  0.4447880000000 1.0
C      1  0.4357170000000  0.5552120000000  0.4561780000000 1.0
C      1  0.5642830000000  0.5552120000000  0.5438220000000 1.0
C      1  0.4357170000000  0.4447880000000  0.5438220000000 1.0
C      1  0.5552120000000  0.5438220000000  0.5642830000000 1.0
C      1  0.4447880000000  0.5438220000000  0.4357170000000 1.0
C      1  0.5552120000000  0.4561780000000  0.4357170000000 1.0
C      1  0.5438220000000  0.4357170000000  0.4447880000000 1.0
C      1  0.4561780000000  0.4357170000000  0.5552120000000 1.0
C      1  0.5438220000000  0.5642830000000  0.5552120000000 1.0
C      1  0.5642830000000  0.4447880000000  0.5438220000000 1.0
C      1  0.4447880000000  0.4561780000000  0.4357170000000 1.0
C      1  0.4561780000000  0.5642830000000  0.5552120000000 1.0
C      1  0.4357170000000  0.5552120000000  0.5438220000000 1.0
C      1  0.5642830000000  0.5552120000000  0.4561780000000 1.0
C      1  0.4357170000000  0.4447880000000  0.4561780000000 1.0
C      1  0.5552120000000  0.5438220000000  0.4357170000000 1.0
C      1  0.4447880000000  0.5438220000000  0.5642830000000 1.0
C      1  0.5552120000000  0.4561780000000  0.5642830000000 1.0
C      1  0.5438220000000  0.4357170000000  0.5552120000000 1.0
C      1  0.4561780000000  0.4357170000000  0.4447880000000 1.0
C      1  0.5438220000000  0.5642830000000  0.4447880000000 1.0
C      1  0.5343560000000  0.5544520000000  0.4920090000000 1.0
C      1  0.5544520000000  0.4920090000000  0.5343560000000 1.0
C      1  0.4920090000000  0.5343560000000  0.5544520000000 1.0
C      1  0.4656440000000  0.4455480000000  0.4920090000000 1.0
C      1  0.5343560000000  0.4455480000000  0.5079910000000 1.0
C      1  0.4656440000000  0.5544520000000  0.5079910000000 1.0
C      1  0.4455480000000  0.5079910000000  0.5343560000000 1.0
C      1  0.5544520000000  0.5079910000000  0.4656440000000 1.0
C      1  0.4455480000000  0.4920090000000  0.4656440000000 1.0
C      1  0.5079910000000  0.4656440000000  0.5544520000000 1.0
C      1  0.4920090000000  0.4656440000000  0.4455480000000 1.0
C      1  0.5079910000000  0.5343560000000  0.4455480000000 1.0
C      1  0.5343560000000  0.5544520000000  0.5079910000000 1.0
C      1  0.5544520000000  0.4920090000000  0.4656440000000 1.0
C      1  0.4920090000000  0.5343560000000  0.4455480000000 1.0
C      1  0.4656440000000  0.4455480000000  0.5079910000000 1.0
C      1  0.5343560000000  0.4455480000000  0.4920090000000 1.0
C      1  0.4656440000000  0.5544520000000  0.4920090000000 1.0
C      1  0.4455480000000  0.5079910000000  0.4656440000000 1.0
C      1  0.5544520000000  0.5079910000000  0.5343560000000 1.0
C      1  0.4455480000000  0.4920090000000  0.5343560000000 1.0
C      1  0.5079910000000  0.4656440000000  0.4455480000000 1.0
C      1  0.4920090000000  0.4656440000000  0.5544520000000 1.0
C      1  0.5079910000000  0.5343560000000  0.5544520000000 1.0
C      1  0.4728720000000  0.5671810000000  0.4477400000000 1.0
C      1  0.5671810000000  0.4477400000000  0.4728720000000 1.0
C      1  0.4477400000000  0.4728720000000  0.5671810000000 1.0
C      1  0.5271280000000  0.4328190000000  0.4477400000000 1.0
C      1  0.4728720000000  0.4328190000000  0.5522600000000 1.0
C      1  0.5271280000000  0.5671810000000  0.5522600000000 1.0
C      1  0.4328190000000  0.5522600000000  0.4728720000000 1.0
C      1  0.5671810000000  0.5522600000000  0.5271280000000 1.0
C      1  0.4328190000000  0.4477400000000  0.5271280000000 1.0
C      1  0.5522600000000  0.5271280000000  0.5671810000000 1.0
C      1  0.4477400000000  0.5271280000000  0.4328190000000 1.0
C      1  0.5522600000000  0.4728720000000  0.4328190000000 1.0
C      1  0.4728720000000  0.5671810000000  0.5522600000000 1.0
C      1  0.5671810000000  0.4477400000000  0.5271280000000 1.0
C      1  0.4477400000000  0.4728720000000  0.4328190000000 1.0
C      1  0.5271280000000  0.4328190000000  0.5522600000000 1.0
C      1  0.4728720000000  0.4328190000000  0.4477400000000 1.0
C      1  0.5271280000000  0.5671810000000  0.4477400000000 1.0
C      1  0.4328190000000  0.5522600000000  0.5271280000000 1.0
C      1  0.5671810000000  0.5522600000000  0.4728720000000 1.0
C      1  0.4328190000000  0.4477400000000  0.4728720000000 1.0
C      1  0.5522600000000  0.5271280000000  0.4328190000000 1.0
C      1  0.4477400000000  0.5271280000000  0.5671810000000 1.0
C      1  0.5522600000000  0.4728720000000  0.5671810000000 1.0
C      1  0.4877750000000  0.4930060000000  0.5542810000000 1.0
C      1  0.4930060000000  0.5542810000000  0.4877750000000 1.0
C      1  0.5542810000000  0.4877750000000  0.4930060000000 1.0
C      1  0.5122250000000  0.5069940000000  0.5542810000000 1.0
C      1  0.4877750000000  0.5069940000000  0.4457190000000 1.0
C      1  0.5122250000000  0.4930060000000  0.4457190000000 1.0
C      1  0.5069940000000  0.4457190000000  0.4877750000000 1.0
C      1  0.4930060000000  0.4457190000000  0.5122250000000 1.0
C      1  0.5069940000000  0.5542810000000  0.5122250000000 1.0
C      1  0.4457190000000  0.5122250000000  0.4930060000000 1.0
C      1  0.5542810000000  0.5122250000000  0.5069940000000 1.0
C      1  0.4457190000000  0.4877750000000  0.5069940000000 1.0
C      1  0.4877750000000  0.4930060000000  0.4457190000000 1.0
C      1  0.4930060000000  0.5542810000000  0.5122250000000 1.0
C      1  0.5542810000000  0.4877750000000  0.5069940000000 1.0
C      1  0.5122250000000  0.5069940000000  0.4457190000000 1.0
C      1  0.4877750000000  0.5069940000000  0.5542810000000 1.0
C      1  0.5122250000000  0.4930060000000  0.5542810000000 1.0
C      1  0.5069940000000  0.4457190000000  0.5122250000000 1.0
C      1  0.4930060000000  0.4457190000000  0.4877750000000 1.0
C      1  0.5069940000000  0.5542810000000  0.4877750000000 1.0
C      1  0.4457190000000  0.5122250000000  0.5069940000000 1.0
C      1  0.5542810000000  0.5122250000000  0.4930060000000 1.0
C      1  0.4457190000000  0.4877750000000  0.4930060000000 1.0
C      1  0.4588430000000  0.4926080000000  0.4865710000000 1.0
C      1  0.4926080000000  0.4865710000000  0.4588430000000 1.0
C      1  0.4865710000000  0.4588430000000  0.4926080000000 1.0
C      1  0.5411570000000  0.5073920000000  0.4865710000000 1.0
C      1  0.4588430000000  0.5073920000000  0.5134290000000 1.0
C      1  0.5411570000000  0.4926080000000  0.5134290000000 1.0
C      1  0.5073920000000  0.5134290000000  0.4588430000000 1.0
C      1  0.4926080000000  0.5134290000000  0.5411570000000 1.0
C      1  0.5073920000000  0.4865710000000  0.5411570000000 1.0
C      1  0.5134290000000  0.5411570000000  0.4926080000000 1.0
C      1  0.4865710000000  0.5411570000000  0.5073920000000 1.0
C      1  0.5134290000000  0.4588430000000  0.5073920000000 1.0
C      1  0.4588430000000  0.4926080000000  0.5134290000000 1.0
C      1  0.4926080000000  0.4865710000000  0.5411570000000 1.0
C      1  0.4865710000000  0.4588430000000  0.5073920000000 1.0
C      1  0.5411570000000  0.5073920000000  0.5134290000000 1.0
C      1  0.4588430000000  0.5073920000000  0.4865710000000 1.0
C      1  0.5411570000000  0.4926080000000  0.4865710000000 1.0
C      1  0.5073920000000  0.5134290000000  0.5411570000000 1.0
C      1  0.4926080000000  0.5134290000000  0.4588430000000 1.0
C      1  0.5073920000000  0.4865710000000  0.4588430000000 1.0
C      1  0.5134290000000  0.5411570000000  0.5073920000000 1.0
C      1  0.4865710000000  0.5411570000000  0.4926080000000 1.0
C      1  0.5134290000000  0.4588430000000  0.4926080000000 1.0
C      1  0.5514940000000  0.4480160000000  0.4738690000000 1.0
C      1  0.4480160000000  0.4738690000000  0.5514940000000 1.0
C      1  0.4738690000000  0.5514940000000  0.4480160000000 1.0
C      1  0.4485060000000  0.5519840000000  0.4738690000000 1.0
C      1  0.5514940000000  0.5519840000000  0.5261310000000 1.0
C      1  0.4485060000000  0.4480160000000  0.5261310000000 1.0
C      1  0.5519840000000  0.5261310000000  0.5514940000000 1.0
C      1  0.4480160000000  0.5261310000000  0.4485060000000 1.0
C      1  0.5519840000000  0.4738690000000  0.4485060000000 1.0
C      1  0.5261310000000  0.4485060000000  0.4480160000000 1.0
C      1  0.4738690000000  0.4485060000000  0.5519840000000 1.0
C      1  0.5261310000000  0.5514940000000  0.5519840000000 1.0
C      1  0.5514940000000  0.4480160000000  0.5261310000000 1.0
C      1  0.4480160000000  0.4738690000000  0.4485060000000 1.0
C      1  0.4738690000000  0.5514940000000  0.5519840000000 1.0
C      1  0.4485060000000  0.5519840000000  0.5261310000000 1.0
C      1  0.5514940000000  0.5519840000000  0.4738690000000 1.0
C      1  0.4485060000000  0.4480160000000  0.4738690000000 1.0
C      1  0.5519840000000  0.5261310000000  0.4485060000000 1.0
C      1  0.4480160000000  0.5261310000000  0.5514940000000 1.0
C      1  0.5519840000000  0.4738690000000  0.5514940000000 1.0
C      1  0.5261310000000  0.4485060000000  0.5519840000000 1.0
C      1  0.4738690000000  0.4485060000000  0.4480160000000 1.0
C      1  0.5261310000000  0.5514940000000  0.4480160000000 1.0
C      1  0.4596450000000  0.5250360000000  0.5745610000000 1.0
C      1  0.5250360000000  0.5745610000000  0.4596450000000 1.0
C      1  0.5745610000000  0.4596450000000  0.5250360000000 1.0
C      1  0.5403550000000  0.4749640000000  0.5745610000000 1.0
C      1  0.4596450000000  0.4749640000000  0.4254390000000 1.0
C      1  0.5403550000000  0.5250360000000  0.4254390000000 1.0
C      1  0.4749640000000  0.4254390000000  0.4596450000000 1.0
C      1  0.5250360000000  0.4254390000000  0.5403550000000 1.0
C      1  0.4749640000000  0.5745610000000  0.5403550000000 1.0
C      1  0.4254390000000  0.5403550000000  0.5250360000000 1.0
C      1  0.5745610000000  0.5403550000000  0.4749640000000 1.0
C      1  0.4254390000000  0.4596450000000  0.4749640000000 1.0
C      1  0.4596450000000  0.5250360000000  0.4254390000000 1.0
C      1  0.5250360000000  0.5745610000000  0.5403550000000 1.0
C      1  0.5745610000000  0.4596450000000  0.4749640000000 1.0
C      1  0.5403550000000  0.4749640000000  0.4254390000000 1.0
C      1  0.4596450000000  0.4749640000000  0.5745610000000 1.0
C      1  0.5403550000000  0.5250360000000  0.5745610000000 1.0
C      1  0.4749640000000  0.4254390000000  0.5403550000000 1.0
C      1  0.5250360000000  0.4254390000000  0.4596450000000 1.0
C      1  0.4749640000000  0.5745610000000  0.4596450000000 1.0
C      1  0.4254390000000  0.5403550000000  0.4749640000000 1.0
C      1  0.5745610000000  0.5403550000000  0.5250360000000 1.0
C      1  0.4254390000000  0.4596450000000  0.5250360000000 1.0
C      1  0.4730060000000  0.5660060000000  0.5170300000000 1.0
C      1  0.5660060000000  0.5170300000000  0.4730060000000 1.0
C      1  0.5170300000000  0.4730060000000  0.5660060000000 1.0
C      1  0.5269940000000  0.4339940000000  0.5170300000000 1.0
C      1  0.4730060000000  0.4339940000000  0.4829700000000 1.0
C      1  0.5269940000000  0.5660060000000  0.4829700000000 1.0
C      1  0.4339940000000  0.4829700000000  0.4730060000000 1.0
C      1  0.5660060000000  0.4829700000000  0.5269940000000 1.0
C      1  0.4339940000000  0.5170300000000  0.5269940000000 1.0
C      1  0.4829700000000  0.5269940000000  0.5660060000000 1.0
C      1  0.5170300000000  0.5269940000000  0.4339940000000 1.0
C      1  0.4829700000000  0.4730060000000  0.4339940000000 1.0
C      1  0.4730060000000  0.5660060000000  0.4829700000000 1.0
C      1  0.5660060000000  0.5170300000000  0.5269940000000 1.0
C      1  0.5170300000000  0.4730060000000  0.4339940000000 1.0
C      1  0.5269940000000  0.4339940000000  0.4829700000000 1.0
C      1  0.4730060000000  0.4339940000000  0.5170300000000 1.0
C      1  0.5269940000000  0.5660060000000  0.5170300000000 1.0
C      1  0.4339940000000  0.4829700000000  0.5269940000000 1.0
C      1  0.5660060000000  0.4829700000000  0.4730060000000 1.0
C      1  0.4339940000000  0.5170300000000  0.4730060000000 1.0
C      1  0.4829700000000  0.5269940000000  0.4339940000000 1.0
C      1  0.5170300000000  0.5269940000000  0.5660060000000 1.0
C      1  0.4829700000000  0.4730060000000  0.5660060000000 1.0
C      1  0.5118520000000  0.5487740000000  0.5511650000000 1.0
C      1  0.5487740000000  0.5511650000000  0.5118520000000 1.0
C      1  0.5511650000000  0.5118520000000  0.5487740000000 1.0
C      1  0.4881480000000  0.4512260000000  0.5511650000000 1.0
C      1  0.5118520000000  0.4512260000000  0.4488350000000 1.0
C      1  0.4881480000000  0.5487740000000  0.4488350000000 1.0
C      1  0.4512260000000  0.4488350000000  0.5118520000000 1.0
C      1  0.5487740000000  0.4488350000000  0.4881480000000 1.0
C      1  0.4512260000000  0.5511650000000  0.4881480000000 1.0
C      1  0.4488350000000  0.4881480000000  0.5487740000000 1.0
C      1  0.5511650000000  0.4881480000000  0.4512260000000 1.0
C      1  0.4488350000000  0.5118520000000  0.4512260000000 1.0
C      1  0.5118520000000  0.5487740000000  0.4488350000000 1.0
C      1  0.5487740000000  0.5511650000000  0.4881480000000 1.0
C      1  0.5511650000000  0.5118520000000  0.4512260000000 1.0
C      1  0.4881480000000  0.4512260000000  0.4488350000000 1.0
C      1  0.5118520000000  0.4512260000000  0.5511650000000 1.0
C      1  0.4881480000000  0.5487740000000  0.5511650000000 1.0
C      1  0.4512260000000  0.4488350000000  0.4881480000000 1.0
C      1  0.5487740000000  0.4488350000000  0.5118520000000 1.0
C      1  0.4512260000000  0.5511650000000  0.5118520000000 1.0
C      1  0.4488350000000  0.4881480000000  0.4512260000000 1.0
C      1  0.5511650000000  0.4881480000000  0.5487740000000 1.0
C      1  0.4488350000000  0.5118520000000  0.5487740000000 1.0
C      1  0.5074610000000  0.4414670000000  0.5635610000000 1.0
C      1  0.4414670000000  0.5635610000000  0.5074610000000 1.0
C      1  0.5635610000000  0.5074610000000  0.4414670000000 1.0
C      1  0.4925390000000  0.5585330000000  0.5635610000000 1.0
C      1  0.5074610000000  0.5585330000000  0.4364390000000 1.0
C      1  0.4925390000000  0.4414670000000  0.4364390000000 1.0
C      1  0.5585330000000  0.4364390000000  0.5074610000000 1.0
C      1  0.4414670000000  0.4364390000000  0.4925390000000 1.0
C      1  0.5585330000000  0.5635610000000  0.4925390000000 1.0
C      1  0.4364390000000  0.4925390000000  0.4414670000000 1.0
