TITL C-1379265-1223-251 1.21988317401282e-06 1000000 -5033.34335269442 0 0 720 (Th) n - 1
REM
REM in /nfs/bkarasulu/CARBON/AIRSS/Generating-Clusters/GAP-ML-2020/Higher-Symm/Selected-Sizes/TryA-Only_Ih-Symm/Larger-Clusters/Try2-MINAMP_6A
REM
REM
REM
REM
REM
REM ./C.cell (31579ac4e95a012ec27f3239692ae8a5)
REM
REM compiler GCC version 9.2.1 20190827 (Red Hat 9.2.1-1)
REM options -cpp -mtune=generic -march=x86-64 -g -O0 -fpre-include=/usr/include/finclude/math-vector-fortran.h
REM seed 856198877 -1965744781 2089929429 1408648049 39791136 1913140612 1432110895 -1982527886 616741261 -1743377202 861031262 -2119122032 -1239112365 647990298 915232797 -683543145 -1703587064 1882544550 -1109681132 1682280209 2139374708 -807980338 -1132455398 -1538227567 1723551876 -587019879 -1037116426 1703708852 -1593614292 -1776649710 961531952 674514475 -2142128838
REM
CELL 1.54180  100.00000  100.00000  100.00000   90.00000   90.00000   90.00000
LATT -1
SFAC C  
C      1  0.5158180000000  0.5494120000000  0.4519310000000 1.0
C      1  0.5494120000000  0.4519310000000  0.5158180000000 1.0
C      1  0.4519310000000  0.5158180000000  0.5494120000000 1.0
C      1  0.4841820000000  0.4505880000000  0.4519310000000 1.0
C      1  0.5158180000000  0.4505880000000  0.5480690000000 1.0
C      1  0.4841820000000  0.5494120000000  0.5480690000000 1.0
C      1  0.4505880000000  0.5480690000000  0.5158180000000 1.0
C      1  0.5494120000000  0.5480690000000  0.4841820000000 1.0
C      1  0.4505880000000  0.4519310000000  0.4841820000000 1.0
C      1  0.5480690000000  0.4841820000000  0.5494120000000 1.0
C      1  0.4519310000000  0.4841820000000  0.4505880000000 1.0
C      1  0.5480690000000  0.5158180000000  0.4505880000000 1.0
C      1  0.5158180000000  0.5494120000000  0.5480690000000 1.0
C      1  0.5494120000000  0.4519310000000  0.4841820000000 1.0
C      1  0.4519310000000  0.5158180000000  0.4505880000000 1.0
C      1  0.4841820000000  0.4505880000000  0.5480690000000 1.0
C      1  0.5158180000000  0.4505880000000  0.4519310000000 1.0
C      1  0.4841820000000  0.5494120000000  0.4519310000000 1.0
C      1  0.4505880000000  0.5480690000000  0.4841820000000 1.0
C      1  0.5494120000000  0.5480690000000  0.5158180000000 1.0
C      1  0.4505880000000  0.4519310000000  0.5158180000000 1.0
C      1  0.5480690000000  0.4841820000000  0.4505880000000 1.0
C      1  0.4519310000000  0.4841820000000  0.5494120000000 1.0
C      1  0.5480690000000  0.5158180000000  0.5494120000000 1.0
C      1  0.4654920000000  0.5290950000000  0.5080800000000 1.0
C      1  0.5290950000000  0.5080800000000  0.4654920000000 1.0
C      1  0.5080800000000  0.4654920000000  0.5290950000000 1.0
C      1  0.5345080000000  0.4709050000000  0.5080800000000 1.0
C      1  0.4654920000000  0.4709050000000  0.4919200000000 1.0
C      1  0.5345080000000  0.5290950000000  0.4919200000000 1.0
C      1  0.4709050000000  0.4919200000000  0.4654920000000 1.0
C      1  0.5290950000000  0.4919200000000  0.5345080000000 1.0
C      1  0.4709050000000  0.5080800000000  0.5345080000000 1.0
C      1  0.4919200000000  0.5345080000000  0.5290950000000 1.0
C      1  0.5080800000000  0.5345080000000  0.4709050000000 1.0
C      1  0.4919200000000  0.4654920000000  0.4709050000000 1.0
C      1  0.4654920000000  0.5290950000000  0.4919200000000 1.0
C      1  0.5290950000000  0.5080800000000  0.5345080000000 1.0
C      1  0.5080800000000  0.4654920000000  0.4709050000000 1.0
C      1  0.5345080000000  0.4709050000000  0.4919200000000 1.0
C      1  0.4654920000000  0.4709050000000  0.5080800000000 1.0
C      1  0.5345080000000  0.5290950000000  0.5080800000000 1.0
C      1  0.4709050000000  0.4919200000000  0.5345080000000 1.0
C      1  0.5290950000000  0.4919200000000  0.4654920000000 1.0
C      1  0.4709050000000  0.5080800000000  0.4654920000000 1.0
C      1  0.4919200000000  0.5345080000000  0.4709050000000 1.0
C      1  0.5080800000000  0.5345080000000  0.5290950000000 1.0
C      1  0.4919200000000  0.4654920000000  0.5290950000000 1.0
C      1  0.4558860000000  0.5078760000000  0.5614500000000 1.0
C      1  0.5078760000000  0.5614500000000  0.4558850000000 1.0
C      1  0.5614500000000  0.4558860000000  0.5078760000000 1.0
C      1  0.5441140000000  0.4921240000000  0.5614500000000 1.0
C      1  0.4558860000000  0.4921240000000  0.4385500000000 1.0
C      1  0.5441140000000  0.5078760000000  0.4385500000000 1.0
C      1  0.4921240000000  0.4385500000000  0.4558860000000 1.0
C      1  0.5078760000000  0.4385500000000  0.5441140000000 1.0
C      1  0.4921240000000  0.5614500000000  0.5441140000000 1.0
C      1  0.4385500000000  0.5441140000000  0.5078760000000 1.0
C      1  0.5614500000000  0.5441140000000  0.4921240000000 1.0
C      1  0.4385500000000  0.4558860000000  0.4921240000000 1.0
C      1  0.4558850000000  0.5078760000000  0.4385500000000 1.0
C      1  0.5078760000000  0.5614500000000  0.5441150000000 1.0
C      1  0.5614500000000  0.4558850000000  0.4921240000000 1.0
C      1  0.5441140000000  0.4921240000000  0.4385500000000 1.0
C      1  0.4558860000000  0.4921240000000  0.5614500000000 1.0
C      1  0.5441150000000  0.5078760000000  0.5614500000000 1.0
C      1  0.4921240000000  0.4385500000000  0.5441140000000 1.0
C      1  0.5078760000000  0.4385500000000  0.4558850000000 1.0
C      1  0.4921240000000  0.5614500000000  0.4558860000000 1.0
C      1  0.4385500000000  0.5441140000000  0.4921240000000 1.0
C      1  0.5614500000000  0.5441140000000  0.5078760000000 1.0
C      1  0.4385500000000  0.4558860000000  0.5078760000000 1.0
C      1  0.5352030000000  0.5637120000000  0.4409280000000 1.0
C      1  0.5637120000000  0.4409280000000  0.5352030000000 1.0
C      1  0.4409280000000  0.5352030000000  0.5637120000000 1.0
C      1  0.4647970000000  0.4362880000000  0.4409280000000 1.0
C      1  0.5352030000000  0.4362880000000  0.5590720000000 1.0
C      1  0.4647970000000  0.5637120000000  0.5590720000000 1.0
C      1  0.4362880000000  0.5590720000000  0.5352030000000 1.0
C      1  0.5637120000000  0.5590720000000  0.4647970000000 1.0
C      1  0.4362880000000  0.4409280000000  0.4647970000000 1.0
C      1  0.5590720000000  0.4647970000000  0.5637120000000 1.0
C      1  0.4409280000000  0.4647970000000  0.4362880000000 1.0
C      1  0.5590720000000  0.5352030000000  0.4362880000000 1.0
C      1  0.5352030000000  0.5637120000000  0.5590720000000 1.0
C      1  0.5637120000000  0.4409280000000  0.4647970000000 1.0
C      1  0.4409280000000  0.5352030000000  0.4362880000000 1.0
C      1  0.4647970000000  0.4362880000000  0.5590720000000 1.0
C      1  0.5352030000000  0.4362880000000  0.4409280000000 1.0
C      1  0.4647970000000  0.5637120000000  0.4409280000000 1.0
C      1  0.4362880000000  0.5590720000000  0.4647970000000 1.0
C      1  0.5637120000000  0.5590720000000  0.5352030000000 1.0
C      1  0.4362880000000  0.4409280000000  0.5352030000000 1.0
C      1  0.5590720000000  0.4647970000000  0.4362880000000 1.0
C      1  0.4409280000000  0.4647970000000  0.5637120000000 1.0
C      1  0.5590720000000  0.5352030000000  0.5637120000000 1.0
C      1  0.4409430000000  0.4494750000000  0.4387400000000 1.0
C      1  0.4494750000000  0.4387400000000  0.4409430000000 1.0
C      1  0.4387400000000  0.4409430000000  0.4494750000000 1.0
C      1  0.5590570000000  0.5505250000000  0.4387400000000 1.0
C      1  0.4409430000000  0.5505250000000  0.5612600000000 1.0
C      1  0.5590570000000  0.4494740000000  0.5612600000000 1.0
C      1  0.5505250000000  0.5612600000000  0.4409430000000 1.0
C      1  0.4494750000000  0.5612600000000  0.5590570000000 1.0
C      1  0.5505250000000  0.4387400000000  0.5590570000000 1.0
C      1  0.5612600000000  0.5590570000000  0.4494750000000 1.0
C      1  0.4387400000000  0.5590570000000  0.5505260000000 1.0
C      1  0.5612600000000  0.4409430000000  0.5505250000000 1.0
C      1  0.4409430000000  0.4494750000000  0.5612600000000 1.0
C      1  0.4494750000000  0.4387400000000  0.5590570000000 1.0
C      1  0.4387400000000  0.4409430000000  0.5505250000000 1.0
C      1  0.5590570000000  0.5505260000000  0.5612600000000 1.0
C      1  0.4409430000000  0.5505250000000  0.4387400000000 1.0
C      1  0.5590570000000  0.4494740000000  0.4387400000000 1.0
C      1  0.5505250000000  0.5612600000000  0.5590570000000 1.0
C      1  0.4494750000000  0.5612600000000  0.4409430000000 1.0
C      1  0.5505250000000  0.4387400000000  0.4409430000000 1.0
C      1  0.5612600000000  0.5590570000000  0.5505260000000 1.0
C      1  0.4387400000000  0.5590570000000  0.4494740000000 1.0
C      1  0.5612600000000  0.4409430000000  0.4494750000000 1.0
C      1  0.4167190000000  0.4926730000000  0.5313320000000 1.0
C      1  0.4926730000000  0.5313320000000  0.4167190000000 1.0
C      1  0.5313320000000  0.4167190000000  0.4926730000000 1.0
C      1  0.5832810000000  0.5073270000000  0.5313320000000 1.0
C      1  0.4167190000000  0.5073270000000  0.4686680000000 1.0
C      1  0.5832810000000  0.4926730000000  0.4686680000000 1.0
C      1  0.5073270000000  0.4686680000000  0.4167190000000 1.0
C      1  0.4926730000000  0.4686680000000  0.5832810000000 1.0
C      1  0.5073270000000  0.5313320000000  0.5832810000000 1.0
C      1  0.4686680000000  0.5832810000000  0.4926730000000 1.0
C      1  0.5313320000000  0.5832810000000  0.5073270000000 1.0
C      1  0.4686680000000  0.4167190000000  0.5073270000000 1.0
C      1  0.4167190000000  0.4926730000000  0.4686680000000 1.0
C      1  0.4926730000000  0.5313320000000  0.5832810000000 1.0
C      1  0.5313320000000  0.4167190000000  0.5073270000000 1.0
C      1  0.5832810000000  0.5073270000000  0.4686680000000 1.0
C      1  0.4167190000000  0.5073270000000  0.5313320000000 1.0
C      1  0.5832810000000  0.4926730000000  0.5313320000000 1.0
C      1  0.5073270000000  0.4686680000000  0.5832810000000 1.0
C      1  0.4926730000000  0.4686680000000  0.4167190000000 1.0
C      1  0.5073270000000  0.5313320000000  0.4167190000000 1.0
C      1  0.4686680000000  0.5832810000000  0.5073270000000 1.0
C      1  0.5313320000000  0.5832810000000  0.4926730000000 1.0
C      1  0.4686680000000  0.4167190000000  0.4926730000000 1.0
C      1  0.4624130000000  0.4693790000000  0.5792990000000 1.0
C      1  0.4693790000000  0.5792990000000  0.4624130000000 1.0
C      1  0.5792990000000  0.4624130000000  0.4693790000000 1.0
C      1  0.5375870000000  0.5306210000000  0.5792990000000 1.0
C      1  0.4624130000000  0.5306210000000  0.4207010000000 1.0
C      1  0.5375870000000  0.4693790000000  0.4207010000000 1.0
C      1  0.5306210000000  0.4207010000000  0.4624130000000 1.0
C      1  0.4693790000000  0.4207010000000  0.5375870000000 1.0
C      1  0.5306210000000  0.5792990000000  0.5375870000000 1.0
C      1  0.4207010000000  0.5375870000000  0.4693790000000 1.0
C      1  0.5792990000000  0.5375870000000  0.5306210000000 1.0
C      1  0.4207010000000  0.4624130000000  0.5306210000000 1.0
C      1  0.4624130000000  0.4693790000000  0.4207010000000 1.0
C      1  0.4693790000000  0.5792990000000  0.5375870000000 1.0
C      1  0.5792990000000  0.4624130000000  0.5306210000000 1.0
C      1  0.5375870000000  0.5306210000000  0.4207010000000 1.0
C      1  0.4624130000000  0.5306210000000  0.5792990000000 1.0
C      1  0.5375870000000  0.4693790000000  0.5792990000000 1.0
C      1  0.5306210000000  0.4207010000000  0.5375870000000 1.0
C      1  0.4693790000000  0.4207010000000  0.4624130000000 1.0
C      1  0.5306210000000  0.5792990000000  0.4624130000000 1.0
C      1  0.4207010000000  0.5375870000000  0.5306210000000 1.0
C      1  0.5792990000000  0.5375870000000  0.4693790000000 1.0
C      1  0.4207010000000  0.4624130000000  0.4693790000000 1.0
C      1  0.4858800000000  0.5497310000000  0.4924990000000 1.0
C      1  0.5497310000000  0.4924990000000  0.4858800000000 1.0
C      1  0.4924990000000  0.4858800000000  0.5497310000000 1.0
C      1  0.5141200000000  0.4502690000000  0.4924990000000 1.0
C      1  0.4858800000000  0.4502690000000  0.5075010000000 1.0
C      1  0.5141200000000  0.5497310000000  0.5075010000000 1.0
C      1  0.4502690000000  0.5075010000000  0.4858800000000 1.0
C      1  0.5497310000000  0.5075010000000  0.5141200000000 1.0
C      1  0.4502690000000  0.4924990000000  0.5141200000000 1.0
C      1  0.5075010000000  0.5141200000000  0.5497310000000 1.0
C      1  0.4924990000000  0.5141200000000  0.4502690000000 1.0
C      1  0.5075010000000  0.4858800000000  0.4502690000000 1.0
C      1  0.4858800000000  0.5497310000000  0.5075010000000 1.0
C      1  0.5497310000000  0.4924990000000  0.5141200000000 1.0
C      1  0.4924990000000  0.4858800000000  0.4502690000000 1.0
C      1  0.5141200000000  0.4502690000000  0.5075010000000 1.0
C      1  0.4858800000000  0.4502690000000  0.4924990000000 1.0
C      1  0.5141200000000  0.5497310000000  0.4924990000000 1.0
C      1  0.4502690000000  0.5075010000000  0.5141200000000 1.0
C      1  0.5497310000000  0.5075010000000  0.4858800000000 1.0
C      1  0.4502690000000  0.4924990000000  0.4858800000000 1.0
C      1  0.5075010000000  0.5141200000000  0.4502690000000 1.0
C      1  0.4924990000000  0.5141200000000  0.5497310000000 1.0
C      1  0.5075010000000  0.4858800000000  0.5497310000000 1.0
C      1  0.4134130000000  0.4696910000000  0.5194860000000 1.0
C      1  0.4696910000000  0.5194860000000  0.4134130000000 1.0
C      1  0.5194860000000  0.4134130000000  0.4696910000000 1.0
C      1  0.5865870000000  0.5303090000000  0.5194860000000 1.0
C      1  0.4134130000000  0.5303090000000  0.4805140000000 1.0
C      1  0.5865870000000  0.4696910000000  0.4805140000000 1.0
C      1  0.5303090000000  0.4805140000000  0.4134130000000 1.0
C      1  0.4696910000000  0.4805140000000  0.5865870000000 1.0
C      1  0.5303090000000  0.5194860000000  0.5865870000000 1.0
C      1  0.4805140000000  0.5865870000000  0.4696910000000 1.0
C      1  0.5194860000000  0.5865870000000  0.5303090000000 1.0
C      1  0.4805140000000  0.4134130000000  0.5303090000000 1.0
C      1  0.4134130000000  0.4696910000000  0.4805140000000 1.0
C      1  0.4696910000000  0.5194860000000  0.5865870000000 1.0
C      1  0.5194860000000  0.4134130000000  0.5303090000000 1.0
C      1  0.5865870000000  0.5303090000000  0.4805140000000 1.0
C      1  0.4134130000000  0.5303090000000  0.5194860000000 1.0
C      1  0.5865870000000  0.4696910000000  0.5194860000000 1.0
C      1  0.5303090000000  0.4805140000000  0.5865870000000 1.0
C      1  0.4696910000000  0.4805140000000  0.4134130000000 1.0
C      1  0.5303090000000  0.5194860000000  0.4134130000000 1.0
C      1  0.4805140000000  0.5865870000000  0.5303090000000 1.0
C      1  0.5194860000000  0.5865870000000  0.4696910000000 1.0
C      1  0.4805140000000  0.4134130000000  0.4696910000000 1.0
C      1  0.5589620000000  0.5082670000000  0.5397320000000 1.0
C      1  0.5082670000000  0.5397320000000  0.5589620000000 1.0
C      1  0.5397320000000  0.5589620000000  0.5082670000000 1.0
C      1  0.4410380000000  0.4917330000000  0.5397320000000 1.0
C      1  0.5589620000000  0.4917330000000  0.4602680000000 1.0
C      1  0.4410380000000  0.5082670000000  0.4602680000000 1.0
C      1  0.4917330000000  0.4602680000000  0.5589620000000 1.0
C      1  0.5082670000000  0.4602680000000  0.4410380000000 1.0
C      1  0.4917330000000  0.5397320000000  0.4410380000000 1.0
C      1  0.4602680000000  0.4410380000000  0.5082670000000 1.0
C      1  0.5397320000000  0.4410380000000  0.4917330000000 1.0
C      1  0.4602680000000  0.5589620000000  0.4917330000000 1.0
C      1  0.5589620000000  0.5082670000000  0.4602680000000 1.0
C      1  0.5082670000000  0.5397320000000  0.4410380000000 1.0
C      1  0.5397320000000  0.5589620000000  0.4917330000000 1.0
C      1  0.4410380000000  0.4917330000000  0.4602680000000 1.0
C      1  0.5589620000000  0.4917330000000  0.5397320000000 1.0
C      1  0.4410380000000  0.5082670000000  0.5397320000000 1.0
C      1  0.4917330000000  0.4602680000000  0.4410380000000 1.0
C      1  0.5082670000000  0.4602680000000  0.5589620000000 1.0
C      1  0.4917330000000  0.5397320000000  0.5589620000000 1.0
C      1  0.4602680000000  0.4410380000000  0.4917330000000 1.0
C      1  0.5397320000000  0.4410380000000  0.5082670000000 1.0
C      1  0.4602680000000  0.5589620000000  0.5082670000000 1.0
C      1  0.4682050000000  0.4474910000000  0.4506040000000 1.0
C      1  0.4474910000000  0.4506040000000  0.4682050000000 1.0
C      1  0.4506040000000  0.4682050000000  0.4474910000000 1.0
C      1  0.5317950000000  0.5525090000000  0.4506040000000 1.0
C      1  0.4682050000000  0.5525090000000  0.5493960000000 1.0
C      1  0.5317950000000  0.4474910000000  0.5493960000000 1.0
C      1  0.5525090000000  0.5493960000000  0.4682050000000 1.0
C      1  0.4474910000000  0.5493960000000  0.5317950000000 1.0
C      1  0.5525090000000  0.4506040000000  0.5317950000000 1.0
C      1  0.5493960000000  0.5317950000000  0.4474910000000 1.0
C      1  0.4506040000000  0.5317950000000  0.5525090000000 1.0
C      1  0.5493960000000  0.4682050000000  0.5525090000000 1.0
C      1  0.4682050000000  0.4474910000000  0.5493960000000 1.0
C      1  0.4474910000000  0.4506040000000  0.5317950000000 1.0
C      1  0.4506040000000  0.4682050000000  0.5525090000000 1.0
C      1  0.5317950000000  0.5525090000000  0.5493960000000 1.0
C      1  0.4682050000000  0.5525090000000  0.4506040000000 1.0
C      1  0.5317950000000  0.4474910000000  0.4506040000000 1.0
C      1  0.5525090000000  0.5493960000000  0.5317950000000 1.0
C      1  0.4474910000000  0.5493960000000  0.4682050000000 1.0
C      1  0.5525090000000  0.4506040000000  0.4682050000000 1.0
C      1  0.5493960000000  0.5317950000000  0.5525090000000 1.0
C      1  0.4506040000000  0.5317950000000  0.4474910000000 1.0
C      1  0.5493960000000  0.4682050000000  0.4474910000000 1.0
C      1  0.5876140000000  0.4924650000000  0.4921570000000 1.0
C      1  0.4924650000000  0.4921570000000  0.5876140000000 1.0
C      1  0.4921570000000  0.5876140000000  0.4924650000000 1.0
C      1  0.4123860000000  0.5075350000000  0.4921570000000 1.0
C      1  0.5876140000000  0.5075350000000  0.5078430000000 1.0
C      1  0.4123860000000  0.4924650000000  0.5078430000000 1.0
C      1  0.5075350000000  0.5078430000000  0.5876140000000 1.0
C      1  0.4924650000000  0.5078430000000  0.4123860000000 1.0
C      1  0.5075350000000  0.4921570000000  0.4123860000000 1.0
C      1  0.5078430000000  0.4123860000000  0.4924650000000 1.0
C      1  0.4921570000000  0.4123860000000  0.5075350000000 1.0
C      1  0.5078430000000  0.5876140000000  0.5075350000000 1.0
C      1  0.5876140000000  0.4924650000000  0.5078430000000 1.0
C      1  0.4924650000000  0.4921570000000  0.4123860000000 1.0
C      1  0.4921570000000  0.5876140000000  0.5075350000000 1.0
C      1  0.4123860000000  0.5075350000000  0.5078430000000 1.0
C      1  0.5876140000000  0.5075350000000  0.4921570000000 1.0
C      1  0.4123860000000  0.4924650000000  0.4921570000000 1.0
C      1  0.5075350000000  0.5078430000000  0.4123860000000 1.0
C      1  0.4924650000000  0.5078430000000  0.5876140000000 1.0
C      1  0.5075350000000  0.4921570000000  0.5876140000000 1.0
C      1  0.5078430000000  0.4123860000000  0.5075350000000 1.0
C      1  0.4921570000000  0.4123860000000  0.4924650000000 1.0
C      1  0.5078430000000  0.5876140000000  0.4924650000000 1.0
C      1  0.4248200000000  0.4491020000000  0.4726470000000 1.0
C      1  0.4491020000000  0.4726470000000  0.4248200000000 1.0
C      1  0.4726470000000  0.4248200000000  0.4491020000000 1.0
C      1  0.5751800000000  0.5508980000000  0.4726470000000 1.0
C      1  0.4248200000000  0.5508980000000  0.5273530000000 1.0
C      1  0.5751800000000  0.4491020000000  0.5273530000000 1.0
C      1  0.5508980000000  0.5273530000000  0.4248200000000 1.0
C      1  0.4491020000000  0.5273530000000  0.5751800000000 1.0
C      1  0.5508980000000  0.4726470000000  0.5751800000000 1.0
C      1  0.5273530000000  0.5751800000000  0.4491020000000 1.0
C      1  0.4726470000000  0.5751800000000  0.5508980000000 1.0
C      1  0.5273530000000  0.4248200000000  0.5508980000000 1.0
C      1  0.4248200000000  0.4491020000000  0.5273530000000 1.0
C      1  0.4491020000000  0.4726470000000  0.5751800000000 1.0
C      1  0.4726470000000  0.4248200000000  0.5508980000000 1.0
C      1  0.5751800000000  0.5508980000000  0.5273530000000 1.0
C      1  0.4248200000000  0.5508980000000  0.4726470000000 1.0
C      1  0.5751800000000  0.4491020000000  0.4726470000000 1.0
C      1  0.5508980000000  0.5273530000000  0.5751800000000 1.0
C      1  0.4491020000000  0.5273530000000  0.4248200000000 1.0
C      1  0.5508980000000  0.4726470000000  0.4248200000000 1.0
C      1  0.5273530000000  0.5751800000000  0.5508980000000 1.0
C      1  0.4726470000000  0.5751800000000  0.4491020000000 1.0
C      1  0.5273530000000  0.4248200000000  0.4491020000000 1.0
C      1  0.5365030000000  0.4804920000000  0.4599610000000 1.0
C      1  0.4804920000000  0.4599610000000  0.5365030000000 1.0
C      1  0.4599610000000  0.5365030000000  0.4804920000000 1.0
C      1  0.4634970000000  0.5195080000000  0.4599610000000 1.0
C      1  0.5365030000000  0.5195080000000  0.5400390000000 1.0
C      1  0.4634970000000  0.4804920000000  0.5400390000000 1.0
C      1  0.5195080000000  0.5400390000000  0.5365030000000 1.0
C      1  0.4804920000000  0.5400390000000  0.4634970000000 1.0
C      1  0.5195080000000  0.4599610000000  0.4634970000000 1.0
C      1  0.5400390000000  0.4634970000000  0.4804920000000 1.0
C      1  0.4599610000000  0.4634970000000  0.5195080000000 1.0
C      1  0.5400390000000  0.5365030000000  0.5195080000000 1.0
C      1  0.5365030000000  0.4804920000000  0.5400390000000 1.0
C      1  0.4804920000000  0.4599610000000  0.4634970000000 1.0
C      1  0.4599610000000  0.5365030000000  0.5195080000000 1.0
C      1  0.4634970000000  0.5195080000000  0.5400390000000 1.0
C      1  0.5365030000000  0.5195080000000  0.4599610000000 1.0
C      1  0.4634970000000  0.4804920000000  0.4599610000000 1.0
C      1  0.5195080000000  0.5400390000000  0.4634970000000 1.0
C      1  0.4804920000000  0.5400390000000  0.5365030000000 1.0
C      1  0.5195080000000  0.4599610000000  0.5365030000000 1.0
C      1  0.5400390000000  0.4634970000000  0.5195080000000 1.0
C      1  0.4599610000000  0.4634970000000  0.4804920000000 1.0
C      1  0.5400390000000  0.5365030000000  0.4804920000000 1.0
C      1  0.5462370000000  0.4734090000000  0.5298880000000 1.0
C      1  0.4734090000000  0.5298880000000  0.5462370000000 1.0
C      1  0.5298880000000  0.5462370000000  0.4734090000000 1.0
C      1  0.4537630000000  0.5265910000000  0.5298880000000 1.0
C      1  0.5462370000000  0.5265910000000  0.4701120000000 1.0
C      1  0.4537630000000  0.4734090000000  0.4701120000000 1.0
C      1  0.5265910000000  0.4701120000000  0.5462370000000 1.0
C      1  0.4734090000000  0.4701120000000  0.4537630000000 1.0
C      1  0.5265910000000  0.5298880000000  0.4537630000000 1.0
C      1  0.4701120000000  0.4537630000000  0.4734090000000 1.0
C      1  0.5298880000000  0.4537630000000  0.5265910000000 1.0
C      1  0.4701120000000  0.5462370000000  0.5265910000000 1.0
C      1  0.5462370000000  0.4734090000000  0.4701120000000 1.0
C      1  0.4734090000000  0.5298880000000  0.4537630000000 1.0
C      1  0.5298880000000  0.5462370000000  0.5265910000000 1.0
C      1  0.4537630000000  0.5265910000000  0.4701120000000 1.0
C      1  0.5462370000000  0.5265910000000  0.5298880000000 1.0
C      1  0.4537630000000  0.4734090000000  0.5298880000000 1.0
C      1  0.5265910000000  0.4701120000000  0.4537630000000 1.0
C      1  0.4734090000000  0.4701120000000  0.5462370000000 1.0
C      1  0.5265910000000  0.5298880000000  0.5462370000000 1.0
C      1  0.4701120000000  0.4537630000000  0.5265910000000 1.0
C      1  0.5298880000000  0.4537630000000  0.4734090000000 1.0
C      1  0.4701120000000  0.5462370000000  0.4734090000000 1.0
C      1  0.4799670000000  0.4112510000000  0.5159170000000 1.0
C      1  0.4112510000000  0.5159170000000  0.4799670000000 1.0
C      1  0.5159170000000  0.4799670000000  0.4112510000000 1.0
C      1  0.5200330000000  0.5887490000000  0.5159170000000 1.0
C      1  0.4799670000000  0.5887490000000  0.4840830000000 1.0
C      1  0.5200330000000  0.4112510000000  0.4840830000000 1.0
C      1  0.5887490000000  0.4840830000000  0.4799670000000 1.0
C      1  0.4112510000000  0.4840830000000  0.5200330000000 1.0
C      1  0.5887490000000  0.5159170000000  0.5200330000000 1.0
C      1  0.4840830000000  0.5200330000000  0.4112510000000 1.0
C      1  0.5159170000000  0.5200330000000  0.5887490000000 1.0
C      1  0.4840830000000  0.4799670000000  0.5887490000000 1.0
C      1  0.4799670000000  0.4112510000000  0.4840830000000 1.0
C      1  0.4112510000000  0.5159170000000  0.5200330000000 1.0
C      1  0.5159170000000  0.4799670000000  0.5887490000000 1.0
C      1  0.5200330000000  0.5887490000000  0.4840830000000 1.0
C      1  0.4799670000000  0.5887490000000  0.5159170000000 1.0
C      1  0.5200330000000  0.4112510000000  0.5159170000000 1.0
C      1  0.5887490000000  0.4840830000000  0.5200330000000 1.0
C      1  0.4112510000000  0.4840830000000  0.4799670000000 1.0
C      1  0.5887490000000  0.5159170000000  0.4799670000000 1.0
C      1  0.4840830000000  0.5200330000000  0.5887490000000 1.0
C      1  0.5159170000000  0.5200330000000  0.4112510000000 1.0
C      1  0.4840830000000  0.4799670000000  0.4112510000000 1.0
C      1  0.5702880000000  0.5304860000000  0.4593810000000 1.0
C      1  0.5304860000000  0.4593810000000  0.5702880000000 1.0
C      1  0.4593810000000  0.5702880000000  0.5304860000000 1.0
C      1  0.4297120000000  0.4695140000000  0.4593810000000 1.0
C      1  0.5702880000000  0.4695140000000  0.5406190000000 1.0
C      1  0.4297120000000  0.5304860000000  0.5406190000000 1.0
C      1  0.4695140000000  0.5406190000000  0.5702880000000 1.0
C      1  0.5304860000000  0.5406190000000  0.4297120000000 1.0
C      1  0.4695140000000  0.4593810000000  0.4297120000000 1.0
C      1  0.5406190000000  0.4297120000000  0.5304860000000 1.0
C      1  0.4593810000000  0.4297120000000  0.4695140000000 1.0
C      1  0.5406190000000  0.5702880000000  0.4695140000000 1.0
C      1  0.5702880000000  0.5304860000000  0.5406190000000 1.0
C      1  0.5304860000000  0.4593810000000  0.4297120000000 1.0
C      1  0.4593810000000  0.5702880000000  0.4695140000000 1.0
C      1  0.4297120000000  0.4695140000000  0.5406190000000 1.0
C      1  0.5702880000000  0.4695140000000  0.4593810000000 1.0
C      1  0.4297120000000  0.5304860000000  0.4593810000000 1.0
C      1  0.4695140000000  0.5406190000000  0.4297120000000 1.0
C      1  0.5304860000000  0.5406190000000  0.5702880000000 1.0
C      1  0.4695140000000  0.4593810000000  0.5702880000000 1.0
C      1  0.5406190000000  0.4297120000000  0.4695140000000 1.0
C      1  0.4593810000000  0.4297120000000  0.5304860000000 1.0
C      1  0.5406190000000  0.5702880000000  0.5304860000000 1.0
C      1  0.4808830000000  0.4443810000000  0.5791120000000 1.0
C      1  0.4443810000000  0.5791120000000  0.4808830000000 1.0
C      1  0.5791120000000  0.4808830000000  0.4443810000000 1.0
C      1  0.5191170000000  0.5556190000000  0.5791120000000 1.0
C      1  0.4808830000000  0.5556190000000  0.4208880000000 1.0
C      1  0.5191170000000  0.4443810000000  0.4208880000000 1.0
C      1  0.5556190000000  0.4208880000000  0.4808830000000 1.0
C      1  0.4443810000000  0.4208880000000  0.5191170000000 1.0
C      1  0.5556190000000  0.5791120000000  0.5191170000000 1.0
C      1  0.4208880000000  0.5191170000000  0.4443810000000 1.0
C      1  0.5791120000000  0.5191170000000  0.5556190000000 1.0
C      1  0.4208880000000  0.4808830000000  0.5556190000000 1.0
C      1  0.4808830000000  0.4443810000000  0.4208880000000 1.0
C      1  0.4443810000000  0.5791120000000  0.5191170000000 1.0
C      1  0.5791120000000  0.4808830000000  0.5556190000000 1.0
C      1  0.5191170000000  0.5556190000000  0.4208880000000 1.0
C      1  0.4808830000000  0.5556190000000  0.5791120000000 1.0
C      1  0.5191170000000  0.4443810000000  0.5791120000000 1.0
C      1  0.5556190000000  0.4208880000000  0.5191170000000 1.0
C      1  0.4443810000000  0.4208880000000  0.4808830000000 1.0
C      1  0.5556190000000  0.5791120000000  0.4808830000000 1.0
C      1  0.4208880000000  0.5191170000000  0.5556190000000 1.0
C      1  0.5791120000000  0.5191170000000  0.4443810000000 1.0
C      1  0.4208880000000  0.4808830000000  0.4443810000000 1.0
C      1  0.4618870000000  0.4859110000000  0.5082290000000 1.0
C      1  0.4859110000000  0.5082290000000  0.4618870000000 1.0
C      1  0.5082290000000  0.4618860000000  0.4859110000000 1.0
C      1  0.5381130000000  0.5140890000000  0.5082290000000 1.0
C      1  0.4618860000000  0.5140890000000  0.4917710000000 1.0
C      1  0.5381130000000  0.4859110000000  0.4917710000000 1.0
C      1  0.5140890000000  0.4917710000000  0.4618870000000 1.0
C      1  0.4859110000000  0.4917710000000  0.5381130000000 1.0
C      1  0.5140890000000  0.5082290000000  0.5381130000000 1.0
C      1  0.4917710000000  0.5381130000000  0.4859110000000 1.0
C      1  0.5082290000000  0.5381130000000  0.5140890000000 1.0
C      1  0.4917710000000  0.4618870000000  0.5140890000000 1.0
C      1  0.4618870000000  0.4859110000000  0.4917710000000 1.0
C      1  0.4859110000000  0.5082290000000  0.5381130000000 1.0
C      1  0.5082290000000  0.4618860000000  0.5140890000000 1.0
C      1  0.5381130000000  0.5140890000000  0.4917710000000 1.0
C      1  0.4618860000000  0.5140890000000  0.5082290000000 1.0
C      1  0.5381130000000  0.4859110000000  0.5082290000000 1.0
C      1  0.5140890000000  0.4917710000000  0.5381130000000 1.0
C      1  0.4859110000000  0.4917710000000  0.4618870000000 1.0
C      1  0.5140890000000  0.5082290000000  0.4618870000000 1.0
C      1  0.4917710000000  0.5381130000000  0.5140890000000 1.0
C      1  0.5082290000000  0.5381130000000  0.4859110000000 1.0
C      1  0.4917710000000  0.4618870000000  0.4859110000000 1.0
C      1  0.4254410000000  0.5483500000000  0.4868360000000 1.0
C      1  0.5483500000000  0.4868360000000  0.4254410000000 1.0
C      1  0.4868360000000  0.4254410000000  0.5483500000000 1.0
C      1  0.5745590000000  0.4516490000000  0.4868360000000 1.0
C      1  0.4254410000000  0.4516490000000  0.5131640000000 1.0
C      1  0.5745590000000  0.5483510000000  0.5131640000000 1.0
C      1  0.4516490000000  0.5131640000000  0.4254410000000 1.0
C      1  0.5483500000000  0.5131640000000  0.5745590000000 1.0
C      1  0.4516490000000  0.4868360000000  0.5745590000000 1.0
C      1  0.5131640000000  0.5745590000000  0.5483510000000 1.0
C      1  0.4868360000000  0.5745590000000  0.4516490000000 1.0
C      1  0.5131640000000  0.4254410000000  0.4516490000000 1.0
C      1  0.4254410000000  0.5483500000000  0.5131640000000 1.0
C      1  0.5483500000000  0.4868360000000  0.5745590000000 1.0
C      1  0.4868360000000  0.4254410000000  0.4516500000000 1.0
C      1  0.5745590000000  0.4516490000000  0.5131640000000 1.0
C      1  0.4254410000000  0.4516490000000  0.4868360000000 1.0
C      1  0.5745590000000  0.5483510000000  0.4868360000000 1.0
C      1  0.4516490000000  0.5131640000000  0.5745590000000 1.0
C      1  0.5483500000000  0.5131640000000  0.4254410000000 1.0
C      1  0.4516490000000  0.4868360000000  0.4254410000000 1.0
C      1  0.5131640000000  0.5745590000000  0.4516490000000 1.0
C      1  0.4868360000000  0.5745590000000  0.5483510000000 1.0
C      1  0.5131640000000  0.4254410000000  0.5483510000000 1.0
C      1  0.4259310000000  0.5145230000000  0.5416790000000 1.0
C      1  0.5145230000000  0.5416790000000  0.4259310000000 1.0
C      1  0.5416790000000  0.4259310000000  0.5145230000000 1.0
C      1  0.5740690000000  0.4854770000000  0.5416790000000 1.0
C      1  0.4259310000000  0.4854770000000  0.4583210000000 1.0
C      1  0.5740690000000  0.5145230000000  0.4583210000000 1.0
C      1  0.4854770000000  0.4583210000000  0.4259310000000 1.0
C      1  0.5145230000000  0.4583210000000  0.5740690000000 1.0
C      1  0.4854770000000  0.5416790000000  0.5740690000000 1.0
C      1  0.4583210000000  0.5740690000000  0.5145230000000 1.0
C      1  0.5416790000000  0.5740690000000  0.4854770000000 1.0
C      1  0.4583210000000  0.4259310000000  0.4854770000000 1.0
C      1  0.4259310000000  0.5145230000000  0.4583210000000 1.0
C      1  0.5145230000000  0.5416790000000  0.5740690000000 1.0
C      1  0.5416790000000  0.4259310000000  0.4854770000000 1.0
C      1  0.5740690000000  0.4854770000000  0.4583210000000 1.0
C      1  0.4259310000000  0.4854770000000  0.5416790000000 1.0
C      1  0.5740690000000  0.5145230000000  0.5416790000000 1.0
C      1  0.4854770000000  0.4583210000000  0.5740690000000 1.0
C      1  0.5145230000000  0.4583210000000  0.4259310000000 1.0
C      1  0.4854770000000  0.5416790000000  0.4259310000000 1.0
C      1  0.4583210000000  0.5740690000000  0.4854770000000 1.0
C      1  0.5416790000000  0.5740690000000  0.5145230000000 1.0
C      1  0.4583210000000  0.4259310000000  0.5145230000000 1.0
C      1  0.4613270000000  0.4450150000000  0.5351910000000 1.0
C      1  0.4450150000000  0.5351910000000  0.4613270000000 1.0
C      1  0.5351910000000  0.4613270000000  0.4450150000000 1.0
C      1  0.5386730000000  0.5549850000000  0.5351910000000 1.0
C      1  0.4613270000000  0.5549850000000  0.4648090000000 1.0
C      1  0.5386730000000  0.4450150000000  0.4648090000000 1.0
C      1  0.5549850000000  0.4648090000000  0.4613270000000 1.0
C      1  0.4450150000000  0.4648090000000  0.5386730000000 1.0
C      1  0.5549850000000  0.5351910000000  0.5386730000000 1.0
C      1  0.4648090000000  0.5386730000000  0.4450150000000 1.0
C      1  0.5351910000000  0.5386730000000  0.5549850000000 1.0
C      1  0.4648090000000  0.4613270000000  0.5549850000000 1.0
C      1  0.4613270000000  0.4450150000000  0.4648090000000 1.0
C      1  0.4450150000000  0.5351910000000  0.5386730000000 1.0
C      1  0.5351910000000  0.4613270000000  0.5549850000000 1.0
C      1  0.5386730000000  0.5549850000000  0.4648090000000 1.0
C      1  0.4613270000000  0.5549850000000  0.5351910000000 1.0
C      1  0.5386730000000  0.4450150000000  0.5351910000000 1.0
C      1  0.5549850000000  0.4648090000000  0.5386730000000 1.0
C      1  0.4450150000000  0.4648090000000  0.4613270000000 1.0
C      1  0.5549850000000  0.5351910000000  0.4613270000000 1.0
C      1  0.4648090000000  0.5386730000000  0.5549850000000 1.0
C      1  0.5351910000000  0.5386730000000  0.4450150000000 1.0
C      1  0.4648090000000  0.4613270000000  0.4450150000000 1.0
C      1  0.5075070000000  0.5846300000000  0.5388980000000 1.0
C      1  0.5846300000000  0.5388980000000  0.5075070000000 1.0
C      1  0.5388980000000  0.5075070000000  0.5846300000000 1.0
C      1  0.4924930000000  0.4153700000000  0.5388980000000 1.0
C      1  0.5075070000000  0.4153700000000  0.4611020000000 1.0
C      1  0.4924930000000  0.5846300000000  0.4611020000000 1.0
C      1  0.4153700000000  0.4611020000000  0.5075070000000 1.0
C      1  0.5846300000000  0.4611020000000  0.4924930000000 1.0
C      1  0.4153700000000  0.5388980000000  0.4924930000000 1.0
C      1  0.4611020000000  0.4924930000000  0.5846300000000 1.0
C      1  0.5388980000000  0.4924930000000  0.4153700000000 1.0
C      1  0.4611020000000  0.5075070000000  0.4153700000000 1.0
C      1  0.5075070000000  0.5846300000000  0.4611020000000 1.0
C      1  0.5846300000000  0.5388980000000  0.4924930000000 1.0
C      1  0.5388980000000  0.5075070000000  0.4153700000000 1.0
C      1  0.4924930000000  0.4153700000000  0.4611020000000 1.0
C      1  0.5075070000000  0.4153700000000  0.5388980000000 1.0
C      1  0.4924930000000  0.5846300000000  0.5388980000000 1.0
C      1  0.4153700000000  0.4611020000000  0.4924930000000 1.0
C      1  0.5846300000000  0.4611020000000  0.5075070000000 1.0
C      1  0.4153700000000  0.5388980000000  0.5075070000000 1.0
C      1  0.4611020000000  0.4924930000000  0.4153700000000 1.0
C      1  0.5388980000000  0.4924930000000  0.5846300000000 1.0
C      1  0.4611020000000  0.5075070000000  0.5846300000000 1.0
C      1  0.5715210000000  0.4699600000000  0.4431090000000 1.0
C      1  0.4699600000000  0.4431090000000  0.5715210000000 1.0
C      1  0.4431090000000  0.5715210000000  0.4699600000000 1.0
C      1  0.4284790000000  0.5300400000000  0.4431090000000 1.0
C      1  0.5715210000000  0.5300400000000  0.5568910000000 1.0
C      1  0.4284790000000  0.4699600000000  0.5568910000000 1.0
C      1  0.5300400000000  0.5568910000000  0.5715210000000 1.0
C      1  0.4699600000000  0.5568910000000  0.4284790000000 1.0
C      1  0.5300400000000  0.4431090000000  0.4284790000000 1.0
C      1  0.5568910000000  0.4284790000000  0.4699600000000 1.0
C      1  0.4431090000000  0.4284790000000  0.5300400000000 1.0
C      1  0.5568910000000  0.5715210000000  0.5300400000000 1.0
C      1  0.5715210000000  0.4699600000000  0.5568910000000 1.0
C      1  0.4699600000000  0.4431090000000  0.4284790000000 1.0
C      1  0.4431090000000  0.5715210000000  0.5300400000000 1.0
C      1  0.4284790000000  0.5300400000000  0.5568910000000 1.0
C      1  0.5715210000000  0.5300400000000  0.4431090000000 1.0
C      1  0.4284790000000  0.4699600000000  0.4431090000000 1.0
C      1  0.5300400000000  0.5568910000000  0.4284790000000 1.0
C      1  0.4699600000000  0.5568910000000  0.5715210000000 1.0
C      1  0.5300400000000  0.4431090000000  0.5715210000000 1.0
C      1  0.5568910000000  0.4284790000000  0.5300400000000 1.0
C      1  0.4431090000000  0.4284790000000  0.4699600000000 1.0
C      1  0.5568910000000  0.5715210000000  0.4699600000000 1.0
C      1  0.4452230000000  0.4852830000000  0.5262570000000 1.0
C      1  0.4852830000000  0.5262570000000  0.4452230000000 1.0
C      1  0.5262570000000  0.4452230000000  0.4852830000000 1.0
C      1  0.5547770000000  0.5147170000000  0.5262570000000 1.0
C      1  0.4452230000000  0.5147170000000  0.4737430000000 1.0
C      1  0.5547770000000  0.4852830000000  0.4737430000000 1.0
C      1  0.5147170000000  0.4737430000000  0.4452230000000 1.0
C      1  0.4852830000000  0.4737430000000  0.5547770000000 1.0
C      1  0.5147170000000  0.5262570000000  0.5547770000000 1.0
C      1  0.4737430000000  0.5547770000000  0.4852830000000 1.0
C      1  0.5262570000000  0.5547770000000  0.5147170000000 1.0
C      1  0.4737430000000  0.4452230000000  0.5147170000000 1.0
C      1  0.4452230000000  0.4852830000000  0.4737430000000 1.0
C      1  0.4852830000000  0.5262570000000  0.5547770000000 1.0
C      1  0.5262570000000  0.4452230000000  0.5147170000000 1.0
C      1  0.5547770000000  0.5147170000000  0.4737430000000 1.0
C      1  0.4452230000000  0.5147170000000  0.5262570000000 1.0
C      1  0.5547770000000  0.4852830000000  0.5262570000000 1.0
C      1  0.5147170000000  0.4737430000000  0.5547770000000 1.0
C      1  0.4852830000000  0.4737430000000  0.4452230000000 1.0
C      1  0.5147170000000  0.5262570000000  0.4452230000000 1.0
C      1  0.4737430000000  0.5547770000000  0.5147170000000 1.0
C      1  0.5262570000000  0.5547770000000  0.4852830000000 1.0
C      1  0.4737430000000  0.4452230000000  0.4852830000000 1.0
C      1  0.4378480000000  0.5161930000000  0.5137500000000 1.0
C      1  0.5161930000000  0.5137500000000  0.4378480000000 1.0
C      1  0.5137500000000  0.4378480000000  0.5161930000000 1.0
C      1  0.5621520000000  0.4838070000000  0.5137500000000 1.0
C      1  0.4378480000000  0.4838070000000  0.4862500000000 1.0
C      1  0.5621520000000  0.5161930000000  0.4862500000000 1.0
C      1  0.4838070000000  0.4862500000000  0.4378480000000 1.0
C      1  0.5161930000000  0.4862500000000  0.5621520000000 1.0
C      1  0.4838070000000  0.5137500000000  0.5621520000000 1.0
C      1  0.4862500000000  0.5621520000000  0.5161930000000 1.0
