TITL C-1379265-1223-340 -1.56937881950391e-06 1000000 -2621.80819471546 0 0 360 (Th) n - 1
REM
REM in /nfs/bkarasulu/CARBON/AIRSS/Generating-Clusters/GAP-ML-2020/Higher-Symm/Selected-Sizes/TryA-Only_Ih-Symm/Larger-Clusters/Try2-MINAMP_6A
REM
REM
REM
REM
REM
REM ./C.cell (31579ac4e95a012ec27f3239692ae8a5)
REM
REM compiler GCC version 9.2.1 20190827 (Red Hat 9.2.1-1)
REM options -cpp -mtune=generic -march=x86-64 -g -O0 -fpre-include=/usr/include/finclude/math-vector-fortran.h
REM seed 266766526 -639109454 -2100524764 -1134987355 -1006700802 139579784 -857803346 2113946670 -568539135 197904110 780378964 1689370501 209766705 -1456286258 -315505020 299838016 1963216773 622872767 972867603 1330054797 -2071539312 2107443234 531715704 1966839702 -1944987063 -1760590610 -2100841506 1591982675 -102883218 2040558049 1808058673 -1344246209 -1231530491
REM
CELL 1.54180  100.00000  100.00000  100.00000   90.00000   90.00000   90.00000
LATT -1
SFAC C  
C      1  0.5487440000000  0.4858260000000  0.5072260000000 1.0
C      1  0.4858260000000  0.5072260000000  0.5487440000000 1.0
C      1  0.5072260000000  0.5487440000000  0.4858260000000 1.0
C      1  0.4512560000000  0.5141740000000  0.5072260000000 1.0
C      1  0.5487440000000  0.5141740000000  0.4927740000000 1.0
C      1  0.4512560000000  0.4858260000000  0.4927740000000 1.0
C      1  0.5141740000000  0.4927740000000  0.5487440000000 1.0
C      1  0.4858260000000  0.4927740000000  0.4512560000000 1.0
C      1  0.5141740000000  0.5072260000000  0.4512560000000 1.0
C      1  0.4927740000000  0.4512560000000  0.4858260000000 1.0
C      1  0.5072260000000  0.4512560000000  0.5141740000000 1.0
C      1  0.4927740000000  0.5487440000000  0.5141740000000 1.0
C      1  0.5487440000000  0.4858260000000  0.4927740000000 1.0
C      1  0.4858260000000  0.5072260000000  0.4512560000000 1.0
C      1  0.5072260000000  0.5487440000000  0.5141740000000 1.0
C      1  0.4512560000000  0.5141740000000  0.4927740000000 1.0
C      1  0.5487440000000  0.5141740000000  0.5072260000000 1.0
C      1  0.4512560000000  0.4858260000000  0.5072260000000 1.0
C      1  0.5141740000000  0.4927740000000  0.4512560000000 1.0
C      1  0.4858260000000  0.4927740000000  0.5487440000000 1.0
C      1  0.5141740000000  0.5072260000000  0.5487440000000 1.0
C      1  0.4927740000000  0.4512560000000  0.5141740000000 1.0
C      1  0.5072260000000  0.4512560000000  0.4858260000000 1.0
C      1  0.4927740000000  0.5487440000000  0.4858260000000 1.0
C      1  0.4937340000000  0.5129350000000  0.4205960000000 1.0
C      1  0.5129350000000  0.4205960000000  0.4937340000000 1.0
C      1  0.4205960000000  0.4937340000000  0.5129350000000 1.0
C      1  0.5062660000000  0.4870650000000  0.4205960000000 1.0
C      1  0.4937340000000  0.4870650000000  0.5794040000000 1.0
C      1  0.5062660000000  0.5129350000000  0.5794040000000 1.0
C      1  0.4870650000000  0.5794040000000  0.4937340000000 1.0
C      1  0.5129350000000  0.5794040000000  0.5062660000000 1.0
C      1  0.4870650000000  0.4205960000000  0.5062660000000 1.0
C      1  0.5794040000000  0.5062660000000  0.5129350000000 1.0
C      1  0.4205960000000  0.5062660000000  0.4870650000000 1.0
C      1  0.5794040000000  0.4937340000000  0.4870650000000 1.0
C      1  0.4937340000000  0.5129350000000  0.5794040000000 1.0
C      1  0.5129350000000  0.4205960000000  0.5062660000000 1.0
C      1  0.4205960000000  0.4937340000000  0.4870650000000 1.0
C      1  0.5062660000000  0.4870650000000  0.5794040000000 1.0
C      1  0.4937340000000  0.4870650000000  0.4205960000000 1.0
C      1  0.5062660000000  0.5129350000000  0.4205960000000 1.0
C      1  0.4870650000000  0.5794040000000  0.5062660000000 1.0
C      1  0.5129350000000  0.5794040000000  0.4937340000000 1.0
C      1  0.4870650000000  0.4205960000000  0.4937340000000 1.0
C      1  0.5794040000000  0.5062660000000  0.4870650000000 1.0
C      1  0.4205960000000  0.5062660000000  0.5129350000000 1.0
C      1  0.5794040000000  0.4937340000000  0.5129350000000 1.0
C      1  0.5281630000000  0.4442660000000  0.4504870000000 1.0
C      1  0.4442660000000  0.4504870000000  0.5281630000000 1.0
C      1  0.4504870000000  0.5281630000000  0.4442660000000 1.0
C      1  0.4718370000000  0.5557340000000  0.4504870000000 1.0
C      1  0.5281630000000  0.5557340000000  0.5495130000000 1.0
C      1  0.4718370000000  0.4442660000000  0.5495130000000 1.0
C      1  0.5557340000000  0.5495130000000  0.5281630000000 1.0
C      1  0.4442660000000  0.5495130000000  0.4718370000000 1.0
C      1  0.5557340000000  0.4504870000000  0.4718370000000 1.0
C      1  0.5495130000000  0.4718370000000  0.4442660000000 1.0
C      1  0.4504870000000  0.4718370000000  0.5557340000000 1.0
C      1  0.5495130000000  0.5281630000000  0.5557340000000 1.0
C      1  0.5281630000000  0.4442660000000  0.5495130000000 1.0
C      1  0.4442660000000  0.4504870000000  0.4718370000000 1.0
C      1  0.4504870000000  0.5281630000000  0.5557340000000 1.0
C      1  0.4718370000000  0.5557340000000  0.5495130000000 1.0
C      1  0.5281630000000  0.5557340000000  0.4504870000000 1.0
C      1  0.4718370000000  0.4442660000000  0.4504870000000 1.0
C      1  0.5557340000000  0.5495130000000  0.4718370000000 1.0
C      1  0.4442660000000  0.5495130000000  0.5281630000000 1.0
C      1  0.5557340000000  0.4504870000000  0.5281630000000 1.0
C      1  0.5495130000000  0.4718370000000  0.5557340000000 1.0
C      1  0.4504870000000  0.4718370000000  0.4442660000000 1.0
C      1  0.5495130000000  0.5281630000000  0.4442660000000 1.0
C      1  0.4441510000000  0.4928740000000  0.5433790000000 1.0
C      1  0.4928740000000  0.5433790000000  0.4441510000000 1.0
C      1  0.5433790000000  0.4441510000000  0.4928740000000 1.0
C      1  0.5558490000000  0.5071260000000  0.5433790000000 1.0
C      1  0.4441510000000  0.5071260000000  0.4566210000000 1.0
C      1  0.5558490000000  0.4928740000000  0.4566210000000 1.0
C      1  0.5071260000000  0.4566210000000  0.4441510000000 1.0
C      1  0.4928740000000  0.4566210000000  0.5558490000000 1.0
C      1  0.5071260000000  0.5433790000000  0.5558490000000 1.0
C      1  0.4566210000000  0.5558490000000  0.4928740000000 1.0
C      1  0.5433790000000  0.5558490000000  0.5071260000000 1.0
C      1  0.4566210000000  0.4441510000000  0.5071260000000 1.0
C      1  0.4441510000000  0.4928740000000  0.4566210000000 1.0
C      1  0.4928740000000  0.5433790000000  0.5558490000000 1.0
C      1  0.5433790000000  0.4441510000000  0.5071260000000 1.0
C      1  0.5558490000000  0.5071260000000  0.4566210000000 1.0
C      1  0.4441510000000  0.5071260000000  0.5433790000000 1.0
C      1  0.5558490000000  0.4928740000000  0.5433790000000 1.0
C      1  0.5071260000000  0.4566210000000  0.5558490000000 1.0
C      1  0.4928740000000  0.4566210000000  0.4441510000000 1.0
C      1  0.5071260000000  0.5433790000000  0.4441510000000 1.0
C      1  0.4566210000000  0.5558490000000  0.5071260000000 1.0
C      1  0.5433790000000  0.5558490000000  0.4928740000000 1.0
C      1  0.4566210000000  0.4441510000000  0.4928740000000 1.0
C      1  0.4865620000000  0.5306690000000  0.5601560000000 1.0
C      1  0.5306690000000  0.5601560000000  0.4865620000000 1.0
C      1  0.5601560000000  0.4865620000000  0.5306690000000 1.0
C      1  0.5134380000000  0.4693310000000  0.5601560000000 1.0
C      1  0.4865620000000  0.4693310000000  0.4398440000000 1.0
C      1  0.5134380000000  0.5306690000000  0.4398440000000 1.0
C      1  0.4693310000000  0.4398440000000  0.4865620000000 1.0
C      1  0.5306690000000  0.4398440000000  0.5134380000000 1.0
C      1  0.4693310000000  0.5601560000000  0.5134380000000 1.0
C      1  0.4398440000000  0.5134380000000  0.5306690000000 1.0
C      1  0.5601560000000  0.5134380000000  0.4693310000000 1.0
C      1  0.4398440000000  0.4865620000000  0.4693310000000 1.0
C      1  0.4865620000000  0.5306690000000  0.4398440000000 1.0
C      1  0.5306690000000  0.5601560000000  0.5134380000000 1.0
C      1  0.5601560000000  0.4865620000000  0.4693310000000 1.0
C      1  0.5134380000000  0.4693310000000  0.4398440000000 1.0
C      1  0.4865620000000  0.4693310000000  0.5601560000000 1.0
C      1  0.5134380000000  0.5306690000000  0.5601560000000 1.0
C      1  0.4693310000000  0.4398440000000  0.5134380000000 1.0
C      1  0.5306690000000  0.4398440000000  0.4865620000000 1.0
C      1  0.4693310000000  0.5601560000000  0.4865620000000 1.0
C      1  0.4398440000000  0.5134380000000  0.4693310000000 1.0
C      1  0.5601560000000  0.5134380000000  0.5306690000000 1.0
C      1  0.4398440000000  0.4865620000000  0.5306690000000 1.0
C      1  0.5224230000000  0.4871440000000  0.4600580000000 1.0
C      1  0.4871440000000  0.4600580000000  0.5224230000000 1.0
C      1  0.4600580000000  0.5224230000000  0.4871440000000 1.0
C      1  0.4775770000000  0.5128560000000  0.4600580000000 1.0
C      1  0.5224230000000  0.5128560000000  0.5399420000000 1.0
C      1  0.4775770000000  0.4871440000000  0.5399420000000 1.0
C      1  0.5128560000000  0.5399420000000  0.5224230000000 1.0
C      1  0.4871440000000  0.5399420000000  0.4775770000000 1.0
C      1  0.5128560000000  0.4600580000000  0.4775770000000 1.0
C      1  0.5399420000000  0.4775770000000  0.4871440000000 1.0
C      1  0.4600580000000  0.4775770000000  0.5128560000000 1.0
C      1  0.5399420000000  0.5224230000000  0.5128560000000 1.0
C      1  0.5224230000000  0.4871440000000  0.5399420000000 1.0
C      1  0.4871440000000  0.4600580000000  0.4775770000000 1.0
C      1  0.4600580000000  0.5224230000000  0.5128560000000 1.0
C      1  0.4775770000000  0.5128560000000  0.5399420000000 1.0
C      1  0.5224230000000  0.5128560000000  0.4600580000000 1.0
C      1  0.4775770000000  0.4871440000000  0.4600580000000 1.0
C      1  0.5128560000000  0.5399420000000  0.4775770000000 1.0
C      1  0.4871440000000  0.5399420000000  0.5224230000000 1.0
C      1  0.5128560000000  0.4600580000000  0.5224230000000 1.0
C      1  0.5399420000000  0.4775770000000  0.5128560000000 1.0
C      1  0.4600580000000  0.4775770000000  0.4871440000000 1.0
C      1  0.5399420000000  0.5224230000000  0.4871440000000 1.0
C      1  0.4502170000000  0.4860500000000  0.4450810000000 1.0
C      1  0.4860500000000  0.4450810000000  0.4502170000000 1.0
C      1  0.4450810000000  0.4502170000000  0.4860500000000 1.0
C      1  0.5497830000000  0.5139500000000  0.4450810000000 1.0
C      1  0.4502170000000  0.5139500000000  0.5549190000000 1.0
C      1  0.5497830000000  0.4860500000000  0.5549190000000 1.0
C      1  0.5139500000000  0.5549190000000  0.4502170000000 1.0
C      1  0.4860500000000  0.5549190000000  0.5497830000000 1.0
C      1  0.5139500000000  0.4450810000000  0.5497830000000 1.0
C      1  0.5549190000000  0.5497830000000  0.4860500000000 1.0
C      1  0.4450810000000  0.5497830000000  0.5139500000000 1.0
C      1  0.5549190000000  0.4502170000000  0.5139500000000 1.0
C      1  0.4502170000000  0.4860500000000  0.5549190000000 1.0
C      1  0.4860500000000  0.4450810000000  0.5497830000000 1.0
C      1  0.4450810000000  0.4502170000000  0.5139500000000 1.0
C      1  0.5497830000000  0.5139500000000  0.5549190000000 1.0
C      1  0.4502170000000  0.5139500000000  0.4450810000000 1.0
C      1  0.5497830000000  0.4860500000000  0.4450810000000 1.0
C      1  0.5139500000000  0.5549190000000  0.5497830000000 1.0
C      1  0.4860500000000  0.5549190000000  0.4502170000000 1.0
C      1  0.5139500000000  0.4450810000000  0.4502170000000 1.0
C      1  0.5549190000000  0.5497830000000  0.5139500000000 1.0
C      1  0.4450810000000  0.5497830000000  0.4860500000000 1.0
C      1  0.5549190000000  0.4502170000000  0.4860500000000 1.0
C      1  0.4761780000000  0.4649390000000  0.4731420000000 1.0
C      1  0.4649390000000  0.4731420000000  0.4761780000000 1.0
C      1  0.4731420000000  0.4761780000000  0.4649390000000 1.0
C      1  0.5238220000000  0.5350610000000  0.4731420000000 1.0
C      1  0.4761780000000  0.5350610000000  0.5268580000000 1.0
C      1  0.5238220000000  0.4649390000000  0.5268580000000 1.0
C      1  0.5350610000000  0.5268580000000  0.4761780000000 1.0
C      1  0.4649390000000  0.5268580000000  0.5238220000000 1.0
C      1  0.5350610000000  0.4731420000000  0.5238220000000 1.0
C      1  0.5268580000000  0.5238220000000  0.4649390000000 1.0
C      1  0.4731420000000  0.5238220000000  0.5350610000000 1.0
C      1  0.5268580000000  0.4761780000000  0.5350610000000 1.0
C      1  0.4761780000000  0.4649390000000  0.5268580000000 1.0
C      1  0.4649390000000  0.4731420000000  0.5238220000000 1.0
C      1  0.4731420000000  0.4761780000000  0.5350610000000 1.0
C      1  0.5238220000000  0.5350610000000  0.5268580000000 1.0
C      1  0.4761780000000  0.5350610000000  0.4731420000000 1.0
C      1  0.5238220000000  0.4649390000000  0.4731420000000 1.0
C      1  0.5350610000000  0.5268580000000  0.5238220000000 1.0
C      1  0.4649390000000  0.5268580000000  0.4761780000000 1.0
C      1  0.5350610000000  0.4731420000000  0.4761780000000 1.0
C      1  0.5268580000000  0.5238220000000  0.5350610000000 1.0
C      1  0.4731420000000  0.5238220000000  0.4649390000000 1.0
C      1  0.5268580000000  0.4761780000000  0.4649390000000 1.0
C      1  0.4387930000000  0.4619950000000  0.4650250000000 1.0
C      1  0.4619950000000  0.4650250000000  0.4387930000000 1.0
C      1  0.4650250000000  0.4387930000000  0.4619950000000 1.0
C      1  0.5612070000000  0.5380050000000  0.4650250000000 1.0
C      1  0.4387930000000  0.5380050000000  0.5349750000000 1.0
C      1  0.5612070000000  0.4619950000000  0.5349750000000 1.0
C      1  0.5380050000000  0.5349750000000  0.4387930000000 1.0
C      1  0.4619950000000  0.5349750000000  0.5612070000000 1.0
C      1  0.5380050000000  0.4650250000000  0.5612070000000 1.0
C      1  0.5349750000000  0.5612070000000  0.4619950000000 1.0
C      1  0.4650250000000  0.5612070000000  0.5380050000000 1.0
C      1  0.5349750000000  0.4387930000000  0.5380050000000 1.0
C      1  0.4387930000000  0.4619950000000  0.5349750000000 1.0
C      1  0.4619950000000  0.4650250000000  0.5612070000000 1.0
C      1  0.4650250000000  0.4387930000000  0.5380050000000 1.0
C      1  0.5612070000000  0.5380050000000  0.5349750000000 1.0
C      1  0.4387930000000  0.5380050000000  0.4650250000000 1.0
C      1  0.5612070000000  0.4619950000000  0.4650250000000 1.0
C      1  0.5380050000000  0.5349750000000  0.5612070000000 1.0
C      1  0.4619950000000  0.5349750000000  0.4387930000000 1.0
C      1  0.5380050000000  0.4650250000000  0.4387930000000 1.0
C      1  0.5349750000000  0.5612070000000  0.5380050000000 1.0
C      1  0.4650250000000  0.5612070000000  0.4619950000000 1.0
C      1  0.5349750000000  0.4387930000000  0.4619950000000 1.0
C      1  0.5071070000000  0.5640090000000  0.4593420000000 1.0
C      1  0.5640090000000  0.4593420000000  0.5071070000000 1.0
C      1  0.4593420000000  0.5071070000000  0.5640090000000 1.0
C      1  0.4928930000000  0.4359910000000  0.4593420000000 1.0
C      1  0.5071070000000  0.4359910000000  0.5406580000000 1.0
C      1  0.4928930000000  0.5640090000000  0.5406580000000 1.0
C      1  0.4359910000000  0.5406580000000  0.5071070000000 1.0
C      1  0.5640090000000  0.5406580000000  0.4928930000000 1.0
C      1  0.4359910000000  0.4593420000000  0.4928930000000 1.0
C      1  0.5406580000000  0.4928930000000  0.5640090000000 1.0
C      1  0.4593420000000  0.4928930000000  0.4359910000000 1.0
C      1  0.5406580000000  0.5071070000000  0.4359910000000 1.0
C      1  0.5071070000000  0.5640090000000  0.5406580000000 1.0
C      1  0.5640090000000  0.4593420000000  0.4928930000000 1.0
C      1  0.4593420000000  0.5071070000000  0.4359910000000 1.0
C      1  0.4928930000000  0.4359910000000  0.5406580000000 1.0
C      1  0.5071070000000  0.4359910000000  0.4593420000000 1.0
C      1  0.4928930000000  0.5640090000000  0.4593420000000 1.0
C      1  0.4359910000000  0.5406580000000  0.4928930000000 1.0
C      1  0.5640090000000  0.5406580000000  0.5071070000000 1.0
C      1  0.4359910000000  0.4593420000000  0.5071070000000 1.0
C      1  0.5406580000000  0.4928930000000  0.4359910000000 1.0
C      1  0.4593420000000  0.4928930000000  0.5640090000000 1.0
C      1  0.5406580000000  0.5071070000000  0.5640090000000 1.0
C      1  0.4733090000000  0.4722700000000  0.4346140000000 1.0
C      1  0.4722700000000  0.4346140000000  0.4733090000000 1.0
C      1  0.4346140000000  0.4733090000000  0.4722700000000 1.0
C      1  0.5266910000000  0.5277300000000  0.4346140000000 1.0
C      1  0.4733090000000  0.5277300000000  0.5653860000000 1.0
C      1  0.5266910000000  0.4722700000000  0.5653860000000 1.0
C      1  0.5277310000000  0.5653860000000  0.4733090000000 1.0
C      1  0.4722690000000  0.5653860000000  0.5266910000000 1.0
C      1  0.5277300000000  0.4346140000000  0.5266910000000 1.0
C      1  0.5653860000000  0.5266910000000  0.4722700000000 1.0
C      1  0.4346140000000  0.5266910000000  0.5277300000000 1.0
C      1  0.5653860000000  0.4733090000000  0.5277300000000 1.0
C      1  0.4733090000000  0.4722700000000  0.5653860000000 1.0
C      1  0.4722700000000  0.4346140000000  0.5266910000000 1.0
C      1  0.4346140000000  0.4733090000000  0.5277300000000 1.0
C      1  0.5266910000000  0.5277300000000  0.5653860000000 1.0
C      1  0.4733090000000  0.5277310000000  0.4346140000000 1.0
C      1  0.5266910000000  0.4722700000000  0.4346140000000 1.0
C      1  0.5277300000000  0.5653860000000  0.5266910000000 1.0
C      1  0.4722700000000  0.5653860000000  0.4733090000000 1.0
C      1  0.5277300000000  0.4346140000000  0.4733090000000 1.0
C      1  0.5653860000000  0.5266910000000  0.5277310000000 1.0
C      1  0.4346140000000  0.5266910000000  0.4722700000000 1.0
C      1  0.5653860000000  0.4733090000000  0.4722700000000 1.0
C      1  0.4931580000000  0.4813110000000  0.5551400000000 1.0
C      1  0.4813110000000  0.5551400000000  0.4931580000000 1.0
C      1  0.5551400000000  0.4931580000000  0.4813110000000 1.0
C      1  0.5068420000000  0.5186890000000  0.5551400000000 1.0
C      1  0.4931580000000  0.5186890000000  0.4448600000000 1.0
C      1  0.5068420000000  0.4813110000000  0.4448600000000 1.0
C      1  0.5186890000000  0.4448600000000  0.4931580000000 1.0
C      1  0.4813110000000  0.4448600000000  0.5068420000000 1.0
C      1  0.5186890000000  0.5551400000000  0.5068420000000 1.0
C      1  0.4448600000000  0.5068420000000  0.4813110000000 1.0
C      1  0.5551400000000  0.5068420000000  0.5186890000000 1.0
C      1  0.4448600000000  0.4931580000000  0.5186890000000 1.0
C      1  0.4931580000000  0.4813110000000  0.4448600000000 1.0
C      1  0.4813110000000  0.5551400000000  0.5068420000000 1.0
C      1  0.5551400000000  0.4931580000000  0.5186890000000 1.0
C      1  0.5068420000000  0.5186890000000  0.4448600000000 1.0
C      1  0.4931580000000  0.5186890000000  0.5551400000000 1.0
C      1  0.5068420000000  0.4813110000000  0.5551400000000 1.0
C      1  0.5186890000000  0.4448600000000  0.5068420000000 1.0
C      1  0.4813110000000  0.4448600000000  0.4931580000000 1.0
C      1  0.5186890000000  0.5551400000000  0.4931580000000 1.0
C      1  0.4448600000000  0.5068420000000  0.5186890000000 1.0
C      1  0.5551400000000  0.5068420000000  0.4813110000000 1.0
C      1  0.4448600000000  0.4931580000000  0.4813110000000 1.0
C      1  0.5772560000000  0.5189770000000  0.5073340000000 1.0
C      1  0.5189770000000  0.5073340000000  0.5772560000000 1.0
C      1  0.5073340000000  0.5772560000000  0.5189770000000 1.0
C      1  0.4227440000000  0.4810230000000  0.5073340000000 1.0
C      1  0.5772560000000  0.4810230000000  0.4926660000000 1.0
C      1  0.4227440000000  0.5189770000000  0.4926660000000 1.0
C      1  0.4810230000000  0.4926660000000  0.5772560000000 1.0
C      1  0.5189770000000  0.4926660000000  0.4227440000000 1.0
C      1  0.4810230000000  0.5073340000000  0.4227440000000 1.0
C      1  0.4926660000000  0.4227440000000  0.5189770000000 1.0
C      1  0.5073340000000  0.4227440000000  0.4810230000000 1.0
C      1  0.4926660000000  0.5772560000000  0.4810230000000 1.0
C      1  0.5772560000000  0.5189770000000  0.4926660000000 1.0
C      1  0.5189770000000  0.5073340000000  0.4227440000000 1.0
C      1  0.5073340000000  0.5772560000000  0.4810230000000 1.0
C      1  0.4227440000000  0.4810230000000  0.4926660000000 1.0
C      1  0.5772560000000  0.4810230000000  0.5073340000000 1.0
C      1  0.4227440000000  0.5189770000000  0.5073340000000 1.0
C      1  0.4810230000000  0.4926660000000  0.4227440000000 1.0
C      1  0.5189770000000  0.4926660000000  0.5772560000000 1.0
C      1  0.4810230000000  0.5073340000000  0.5772560000000 1.0
C      1  0.4926660000000  0.4227440000000  0.4810230000000 1.0
C      1  0.5073340000000  0.4227440000000  0.5189770000000 1.0
C      1  0.4926660000000  0.5772560000000  0.5189770000000 1.0
C      1  0.5553520000000  0.5374900000000  0.4525850000000 1.0
C      1  0.5374900000000  0.4525850000000  0.5553520000000 1.0
C      1  0.4525850000000  0.5553520000000  0.5374900000000 1.0
C      1  0.4446480000000  0.4625100000000  0.4525850000000 1.0
C      1  0.5553520000000  0.4625100000000  0.5474150000000 1.0
C      1  0.4446480000000  0.5374900000000  0.5474150000000 1.0
C      1  0.4625100000000  0.5474150000000  0.5553520000000 1.0
C      1  0.5374900000000  0.5474150000000  0.4446480000000 1.0
C      1  0.4625100000000  0.4525850000000  0.4446480000000 1.0
C      1  0.5474150000000  0.4446480000000  0.5374900000000 1.0
C      1  0.4525850000000  0.4446480000000  0.4625100000000 1.0
C      1  0.5474150000000  0.5553520000000  0.4625100000000 1.0
C      1  0.5553520000000  0.5374900000000  0.5474150000000 1.0
C      1  0.5374900000000  0.4525850000000  0.4446480000000 1.0
C      1  0.4525850000000  0.5553520000000  0.4625100000000 1.0
C      1  0.4446480000000  0.4625100000000  0.5474150000000 1.0
C      1  0.5553520000000  0.4625100000000  0.4525850000000 1.0
C      1  0.4446480000000  0.5374900000000  0.4525850000000 1.0
C      1  0.4625100000000  0.5474150000000  0.4446480000000 1.0
C      1  0.5374900000000  0.5474150000000  0.5553520000000 1.0
C      1  0.4625100000000  0.4525850000000  0.5553520000000 1.0
C      1  0.5474150000000  0.4446480000000  0.4625100000000 1.0
C      1  0.4525850000000  0.4446480000000  0.5374900000000 1.0
C      1  0.5474150000000  0.5553520000000  0.5374900000000 1.0
C      1  0.5143420000000  0.5702180000000  0.4705580000000 1.0
C      1  0.5702180000000  0.4705580000000  0.5143420000000 1.0
C      1  0.4705580000000  0.5143420000000  0.5702180000000 1.0
C      1  0.4856580000000  0.4297820000000  0.4705580000000 1.0
C      1  0.5143420000000  0.4297820000000  0.5294420000000 1.0
C      1  0.4856580000000  0.5702180000000  0.5294420000000 1.0
C      1  0.4297820000000  0.5294420000000  0.5143420000000 1.0
C      1  0.5702180000000  0.5294420000000  0.4856580000000 1.0
C      1  0.4297820000000  0.4705580000000  0.4856580000000 1.0
C      1  0.5294420000000  0.4856580000000  0.5702180000000 1.0
C      1  0.4705580000000  0.4856580000000  0.4297820000000 1.0
C      1  0.5294420000000  0.5143420000000  0.4297820000000 1.0
C      1  0.5143420000000  0.5702180000000  0.5294420000000 1.0
C      1  0.5702180000000  0.4705580000000  0.4856580000000 1.0
C      1  0.4705580000000  0.5143420000000  0.4297820000000 1.0
C      1  0.4856580000000  0.4297820000000  0.5294420000000 1.0
C      1  0.5143420000000  0.4297820000000  0.4705580000000 1.0
C      1  0.4856580000000  0.5702180000000  0.4705580000000 1.0
C      1  0.4297820000000  0.5294420000000  0.4856580000000 1.0
C      1  0.5702180000000  0.5294420000000  0.5143420000000 1.0
C      1  0.4297820000000  0.4705580000000  0.5143420000000 1.0
C      1  0.5294420000000  0.4856580000000  0.4297820000000 1.0
C      1  0.4705580000000  0.4856580000000  0.5702180000000 1.0
C      1  0.5294420000000  0.5143420000000  0.5702180000000 1.0
END
