TITL C-1379266-1300-210 -4.11954691616844e-06 1000000 -3312.34948332187 0 0 480 (Th) n - 1
REM
REM in /nfs/bkarasulu/CARBON/AIRSS/Generating-Clusters/GAP-ML-2020/Higher-Symm/Selected-Sizes/TryA-Only_Ih-Symm/Larger-Clusters/Try2-MINAMP_6A
REM
REM
REM
REM
REM
REM ./C.cell (31579ac4e95a012ec27f3239692ae8a5)
REM
REM compiler GCC version 9.2.1 20190827 (Red Hat 9.2.1-1)
REM options -cpp -mtune=generic -march=x86-64 -g -O0 -fpre-include=/usr/include/finclude/math-vector-fortran.h
REM seed -1512786163 -1013476698 424204183 -1086531062 1191477480 1621920582 770038118 -1386540550 1309917868 1443603053 1818585066 -236662318 -1053510235 1349813868 754718622 -1053251683 -1994745758 -194873049 -1035132474 629109332 -2101780728 -1620098113 -1019515965 -994722636 619636334 1620039274 261185224 -1329850983 483206234 -1921561800 1684616095 621246701 -567058667
REM
CELL 1.54180  100.00000  100.00000  100.00000   90.00000   90.00000   90.00000
LATT -1
SFAC C  
C      1  0.5697670000000  0.4587640000000  0.5250910000000 1.0
C      1  0.4587640000000  0.5250910000000  0.5697670000000 1.0
C      1  0.5250910000000  0.5697670000000  0.4587640000000 1.0
C      1  0.4302330000000  0.5412360000000  0.5250910000000 1.0
C      1  0.5697670000000  0.5412360000000  0.4749090000000 1.0
C      1  0.4302330000000  0.4587640000000  0.4749090000000 1.0
C      1  0.5412360000000  0.4749090000000  0.5697670000000 1.0
C      1  0.4587640000000  0.4749090000000  0.4302330000000 1.0
C      1  0.5412360000000  0.5250910000000  0.4302330000000 1.0
C      1  0.4749090000000  0.4302330000000  0.4587640000000 1.0
C      1  0.5250910000000  0.4302330000000  0.5412360000000 1.0
C      1  0.4749090000000  0.5697670000000  0.5412360000000 1.0
C      1  0.5697670000000  0.4587640000000  0.4749090000000 1.0
C      1  0.4587640000000  0.5250910000000  0.4302330000000 1.0
C      1  0.5250910000000  0.5697670000000  0.5412360000000 1.0
C      1  0.4302330000000  0.5412360000000  0.4749090000000 1.0
C      1  0.5697670000000  0.5412360000000  0.5250910000000 1.0
C      1  0.4302330000000  0.4587640000000  0.5250910000000 1.0
C      1  0.5412360000000  0.4749090000000  0.4302330000000 1.0
C      1  0.4587640000000  0.4749090000000  0.5697670000000 1.0
C      1  0.5412360000000  0.5250910000000  0.5697670000000 1.0
C      1  0.4749090000000  0.4302330000000  0.5412360000000 1.0
C      1  0.5250910000000  0.4302330000000  0.4587640000000 1.0
C      1  0.4749090000000  0.5697670000000  0.4587640000000 1.0
C      1  0.5440070000000  0.4924700000000  0.5448440000000 1.0
C      1  0.4924700000000  0.5448440000000  0.5440070000000 1.0
C      1  0.5448440000000  0.5440070000000  0.4924700000000 1.0
C      1  0.4559930000000  0.5075300000000  0.5448440000000 1.0
C      1  0.5440070000000  0.5075300000000  0.4551560000000 1.0
C      1  0.4559930000000  0.4924700000000  0.4551560000000 1.0
C      1  0.5075300000000  0.4551560000000  0.5440070000000 1.0
C      1  0.4924700000000  0.4551560000000  0.4559930000000 1.0
C      1  0.5075300000000  0.5448440000000  0.4559930000000 1.0
C      1  0.4551560000000  0.4559930000000  0.4924700000000 1.0
C      1  0.5448440000000  0.4559930000000  0.5075300000000 1.0
C      1  0.4551560000000  0.5440070000000  0.5075300000000 1.0
C      1  0.5440070000000  0.4924700000000  0.4551560000000 1.0
C      1  0.4924700000000  0.5448440000000  0.4559930000000 1.0
C      1  0.5448440000000  0.5440070000000  0.5075300000000 1.0
C      1  0.4559930000000  0.5075300000000  0.4551560000000 1.0
C      1  0.5440070000000  0.5075300000000  0.5448440000000 1.0
C      1  0.4559930000000  0.4924700000000  0.5448440000000 1.0
C      1  0.5075300000000  0.4551560000000  0.4559930000000 1.0
C      1  0.4924700000000  0.4551560000000  0.5440070000000 1.0
C      1  0.5075300000000  0.5448440000000  0.5440070000000 1.0
C      1  0.4551560000000  0.4559930000000  0.5075300000000 1.0
C      1  0.5448440000000  0.4559930000000  0.4924700000000 1.0
C      1  0.4551560000000  0.5440070000000  0.4924700000000 1.0
C      1  0.4868830000000  0.5601390000000  0.4810770000000 1.0
C      1  0.5601390000000  0.4810770000000  0.4868830000000 1.0
C      1  0.4810770000000  0.4868830000000  0.5601390000000 1.0
C      1  0.5131170000000  0.4398610000000  0.4810770000000 1.0
C      1  0.4868830000000  0.4398610000000  0.5189230000000 1.0
C      1  0.5131170000000  0.5601390000000  0.5189230000000 1.0
C      1  0.4398610000000  0.5189230000000  0.4868830000000 1.0
C      1  0.5601390000000  0.5189230000000  0.5131170000000 1.0
C      1  0.4398610000000  0.4810770000000  0.5131170000000 1.0
C      1  0.5189230000000  0.5131170000000  0.5601390000000 1.0
C      1  0.4810770000000  0.5131170000000  0.4398610000000 1.0
C      1  0.5189230000000  0.4868830000000  0.4398610000000 1.0
C      1  0.4868830000000  0.5601390000000  0.5189230000000 1.0
C      1  0.5601390000000  0.4810770000000  0.5131170000000 1.0
C      1  0.4810770000000  0.4868830000000  0.4398610000000 1.0
C      1  0.5131170000000  0.4398610000000  0.5189230000000 1.0
C      1  0.4868830000000  0.4398610000000  0.4810770000000 1.0
C      1  0.5131170000000  0.5601390000000  0.4810770000000 1.0
C      1  0.4398610000000  0.5189230000000  0.5131170000000 1.0
C      1  0.5601390000000  0.5189230000000  0.4868830000000 1.0
C      1  0.4398610000000  0.4810770000000  0.4868830000000 1.0
C      1  0.5189230000000  0.5131170000000  0.4398610000000 1.0
C      1  0.4810770000000  0.5131170000000  0.5601390000000 1.0
C      1  0.5189230000000  0.4868830000000  0.5601390000000 1.0
C      1  0.4803640000000  0.5083630000000  0.5750550000000 1.0
C      1  0.5083630000000  0.5750550000000  0.4803640000000 1.0
C      1  0.5750550000000  0.4803640000000  0.5083630000000 1.0
C      1  0.5196360000000  0.4916370000000  0.5750550000000 1.0
C      1  0.4803640000000  0.4916370000000  0.4249450000000 1.0
C      1  0.5196360000000  0.5083630000000  0.4249450000000 1.0
C      1  0.4916370000000  0.4249450000000  0.4803640000000 1.0
C      1  0.5083630000000  0.4249450000000  0.5196360000000 1.0
C      1  0.4916370000000  0.5750550000000  0.5196360000000 1.0
C      1  0.4249450000000  0.5196360000000  0.5083630000000 1.0
C      1  0.5750550000000  0.5196360000000  0.4916370000000 1.0
C      1  0.4249450000000  0.4803640000000  0.4916370000000 1.0
C      1  0.4803640000000  0.5083630000000  0.4249450000000 1.0
C      1  0.5083630000000  0.5750550000000  0.5196360000000 1.0
C      1  0.5750550000000  0.4803640000000  0.4916370000000 1.0
C      1  0.5196360000000  0.4916370000000  0.4249450000000 1.0
C      1  0.4803640000000  0.4916370000000  0.5750550000000 1.0
C      1  0.5196360000000  0.5083630000000  0.5750550000000 1.0
C      1  0.4916370000000  0.4249450000000  0.5196360000000 1.0
C      1  0.5083630000000  0.4249450000000  0.4803640000000 1.0
C      1  0.4916370000000  0.5750550000000  0.4803640000000 1.0
C      1  0.4249450000000  0.5196360000000  0.4916370000000 1.0
C      1  0.5750550000000  0.5196360000000  0.5083630000000 1.0
C      1  0.4249450000000  0.4803640000000  0.5083630000000 1.0
C      1  0.5172850000000  0.5396450000000  0.4773880000000 1.0
C      1  0.5396450000000  0.4773880000000  0.5172850000000 1.0
C      1  0.4773880000000  0.5172850000000  0.5396450000000 1.0
C      1  0.4827150000000  0.4603550000000  0.4773880000000 1.0
C      1  0.5172850000000  0.4603550000000  0.5226120000000 1.0
C      1  0.4827150000000  0.5396450000000  0.5226120000000 1.0
C      1  0.4603550000000  0.5226120000000  0.5172850000000 1.0
C      1  0.5396450000000  0.5226120000000  0.4827150000000 1.0
C      1  0.4603550000000  0.4773880000000  0.4827150000000 1.0
C      1  0.5226120000000  0.4827150000000  0.5396450000000 1.0
C      1  0.4773880000000  0.4827150000000  0.4603550000000 1.0
C      1  0.5226120000000  0.5172850000000  0.4603550000000 1.0
C      1  0.5172850000000  0.5396450000000  0.5226120000000 1.0
C      1  0.5396450000000  0.4773880000000  0.4827150000000 1.0
C      1  0.4773880000000  0.5172850000000  0.4603550000000 1.0
C      1  0.4827150000000  0.4603550000000  0.5226120000000 1.0
C      1  0.5172850000000  0.4603550000000  0.4773880000000 1.0
C      1  0.4827150000000  0.5396450000000  0.4773880000000 1.0
C      1  0.4603550000000  0.5226120000000  0.4827150000000 1.0
C      1  0.5396450000000  0.5226120000000  0.5172850000000 1.0
C      1  0.4603550000000  0.4773880000000  0.5172850000000 1.0
C      1  0.5226120000000  0.4827150000000  0.4603550000000 1.0
C      1  0.4773880000000  0.4827150000000  0.5396450000000 1.0
C      1  0.5226120000000  0.5172850000000  0.5396450000000 1.0
C      1  0.4347390000000  0.5534050000000  0.5179430000000 1.0
C      1  0.5534050000000  0.5179430000000  0.4347390000000 1.0
C      1  0.5179430000000  0.4347390000000  0.5534050000000 1.0
C      1  0.5652610000000  0.4465950000000  0.5179430000000 1.0
C      1  0.4347390000000  0.4465950000000  0.4820570000000 1.0
C      1  0.5652610000000  0.5534050000000  0.4820570000000 1.0
C      1  0.4465950000000  0.4820570000000  0.4347390000000 1.0
C      1  0.5534050000000  0.4820570000000  0.5652610000000 1.0
C      1  0.4465950000000  0.5179430000000  0.5652610000000 1.0
C      1  0.4820570000000  0.5652610000000  0.5534050000000 1.0
C      1  0.5179430000000  0.5652610000000  0.4465950000000 1.0
C      1  0.4820570000000  0.4347390000000  0.4465950000000 1.0
C      1  0.4347390000000  0.5534050000000  0.4820570000000 1.0
C      1  0.5534050000000  0.5179430000000  0.5652610000000 1.0
C      1  0.5179430000000  0.4347390000000  0.4465950000000 1.0
C      1  0.5652610000000  0.4465950000000  0.4820570000000 1.0
C      1  0.4347390000000  0.4465950000000  0.5179430000000 1.0
C      1  0.5652610000000  0.5534050000000  0.5179430000000 1.0
C      1  0.4465950000000  0.4820570000000  0.5652610000000 1.0
C      1  0.5534050000000  0.4820570000000  0.4347390000000 1.0
C      1  0.4465950000000  0.5179430000000  0.4347390000000 1.0
C      1  0.4820570000000  0.5652610000000  0.4465950000000 1.0
C      1  0.5179430000000  0.5652610000000  0.5534050000000 1.0
C      1  0.4820570000000  0.4347390000000  0.5534050000000 1.0
C      1  0.4928350000000  0.5743230000000  0.5552560000000 1.0
C      1  0.5743230000000  0.5552560000000  0.4928350000000 1.0
C      1  0.5552560000000  0.4928350000000  0.5743230000000 1.0
C      1  0.5071650000000  0.4256770000000  0.5552560000000 1.0
C      1  0.4928350000000  0.4256770000000  0.4447440000000 1.0
C      1  0.5071650000000  0.5743230000000  0.4447440000000 1.0
C      1  0.4256770000000  0.4447440000000  0.4928350000000 1.0
C      1  0.5743230000000  0.4447440000000  0.5071650000000 1.0
C      1  0.4256770000000  0.5552560000000  0.5071650000000 1.0
C      1  0.4447440000000  0.5071650000000  0.5743230000000 1.0
C      1  0.5552560000000  0.5071650000000  0.4256770000000 1.0
C      1  0.4447440000000  0.4928350000000  0.4256770000000 1.0
C      1  0.4928350000000  0.5743230000000  0.4447440000000 1.0
C      1  0.5743230000000  0.5552560000000  0.5071650000000 1.0
C      1  0.5552560000000  0.4928350000000  0.4256770000000 1.0
C      1  0.5071650000000  0.4256770000000  0.4447440000000 1.0
C      1  0.4928350000000  0.4256770000000  0.5552560000000 1.0
C      1  0.5071650000000  0.5743230000000  0.5552560000000 1.0
C      1  0.4256770000000  0.4447440000000  0.5071650000000 1.0
C      1  0.5743230000000  0.4447440000000  0.4928350000000 1.0
C      1  0.4256770000000  0.5552560000000  0.4928350000000 1.0
C      1  0.4447440000000  0.5071650000000  0.4256770000000 1.0
C      1  0.5552560000000  0.5071650000000  0.5743230000000 1.0
C      1  0.4447440000000  0.4928350000000  0.5743230000000 1.0
C      1  0.4358640000000  0.5374460000000  0.4621030000000 1.0
C      1  0.5374460000000  0.4621030000000  0.4358640000000 1.0
C      1  0.4621030000000  0.4358640000000  0.5374460000000 1.0
C      1  0.5641360000000  0.4625540000000  0.4621030000000 1.0
C      1  0.4358640000000  0.4625540000000  0.5378970000000 1.0
C      1  0.5641360000000  0.5374460000000  0.5378970000000 1.0
C      1  0.4625540000000  0.5378970000000  0.4358640000000 1.0
C      1  0.5374460000000  0.5378970000000  0.5641360000000 1.0
C      1  0.4625540000000  0.4621030000000  0.5641360000000 1.0
C      1  0.5378970000000  0.5641360000000  0.5374460000000 1.0
C      1  0.4621030000000  0.5641360000000  0.4625540000000 1.0
C      1  0.5378970000000  0.4358640000000  0.4625540000000 1.0
C      1  0.4358640000000  0.5374460000000  0.5378970000000 1.0
C      1  0.5374460000000  0.4621030000000  0.5641360000000 1.0
C      1  0.4621030000000  0.4358640000000  0.4625540000000 1.0
C      1  0.5641360000000  0.4625540000000  0.5378970000000 1.0
C      1  0.4358640000000  0.4625540000000  0.4621030000000 1.0
C      1  0.5641360000000  0.5374460000000  0.4621030000000 1.0
C      1  0.4625540000000  0.5378970000000  0.5641360000000 1.0
C      1  0.5374460000000  0.5378970000000  0.4358640000000 1.0
C      1  0.4625540000000  0.4621030000000  0.4358640000000 1.0
C      1  0.5378970000000  0.5641360000000  0.4625540000000 1.0
C      1  0.4621030000000  0.5641360000000  0.5374460000000 1.0
C      1  0.5378970000000  0.4358640000000  0.5374460000000 1.0
C      1  0.5334770000000  0.4845210000000  0.4219020000000 1.0
C      1  0.4845210000000  0.4219020000000  0.5334770000000 1.0
C      1  0.4219020000000  0.5334770000000  0.4845210000000 1.0
C      1  0.4665230000000  0.5154790000000  0.4219020000000 1.0
C      1  0.5334770000000  0.5154790000000  0.5780980000000 1.0
C      1  0.4665230000000  0.4845210000000  0.5780980000000 1.0
C      1  0.5154790000000  0.5780980000000  0.5334770000000 1.0
C      1  0.4845210000000  0.5780980000000  0.4665230000000 1.0
C      1  0.5154790000000  0.4219020000000  0.4665230000000 1.0
C      1  0.5780980000000  0.4665230000000  0.4845210000000 1.0
C      1  0.4219020000000  0.4665230000000  0.5154790000000 1.0
C      1  0.5780980000000  0.5334770000000  0.5154790000000 1.0
C      1  0.5334770000000  0.4845210000000  0.5780980000000 1.0
C      1  0.4845210000000  0.4219020000000  0.4665230000000 1.0
C      1  0.4219020000000  0.5334770000000  0.5154790000000 1.0
C      1  0.4665230000000  0.5154790000000  0.5780980000000 1.0
C      1  0.5334770000000  0.5154790000000  0.4219020000000 1.0
C      1  0.4665230000000  0.4845210000000  0.4219020000000 1.0
C      1  0.5154790000000  0.5780980000000  0.4665230000000 1.0
C      1  0.4845210000000  0.5780980000000  0.5334770000000 1.0
C      1  0.5154790000000  0.4219020000000  0.5334770000000 1.0
C      1  0.5780980000000  0.4665230000000  0.5154790000000 1.0
C      1  0.4219020000000  0.4665230000000  0.4845210000000 1.0
C      1  0.5780980000000  0.5334770000000  0.4845210000000 1.0
C      1  0.4929900000000  0.5834340000000  0.5432900000000 1.0
C      1  0.5834340000000  0.5432900000000  0.4929900000000 1.0
C      1  0.5432900000000  0.4929900000000  0.5834340000000 1.0
C      1  0.5070100000000  0.4165660000000  0.5432900000000 1.0
C      1  0.4929900000000  0.4165660000000  0.4567100000000 1.0
C      1  0.5070100000000  0.5834340000000  0.4567100000000 1.0
C      1  0.4165660000000  0.4567100000000  0.4929900000000 1.0
C      1  0.5834340000000  0.4567100000000  0.5070100000000 1.0
C      1  0.4165660000000  0.5432900000000  0.5070100000000 1.0
C      1  0.4567100000000  0.5070100000000  0.5834340000000 1.0
C      1  0.5432900000000  0.5070100000000  0.4165660000000 1.0
C      1  0.4567100000000  0.4929900000000  0.4165660000000 1.0
C      1  0.4929900000000  0.5834340000000  0.4567100000000 1.0
C      1  0.5834340000000  0.5432900000000  0.5070100000000 1.0
C      1  0.5432900000000  0.4929900000000  0.4165660000000 1.0
C      1  0.5070100000000  0.4165660000000  0.4567100000000 1.0
C      1  0.4929900000000  0.4165660000000  0.5432900000000 1.0
C      1  0.5070100000000  0.5834340000000  0.5432900000000 1.0
C      1  0.4165660000000  0.4567100000000  0.5070100000000 1.0
C      1  0.5834340000000  0.4567100000000  0.4929900000000 1.0
C      1  0.4165660000000  0.5432900000000  0.4929900000000 1.0
C      1  0.4567100000000  0.5070100000000  0.4165660000000 1.0
C      1  0.5432900000000  0.5070100000000  0.5834340000000 1.0
C      1  0.4567100000000  0.4929900000000  0.5834340000000 1.0
C      1  0.4638460000000  0.4654550000000  0.4753340000000 1.0
C      1  0.4654550000000  0.4753340000000  0.4638460000000 1.0
C      1  0.4753340000000  0.4638460000000  0.4654550000000 1.0
C      1  0.5361540000000  0.5345450000000  0.4753340000000 1.0
C      1  0.4638460000000  0.5345450000000  0.5246660000000 1.0
C      1  0.5361540000000  0.4654550000000  0.5246660000000 1.0
C      1  0.5345450000000  0.5246660000000  0.4638460000000 1.0
C      1  0.4654550000000  0.5246660000000  0.5361540000000 1.0
C      1  0.5345450000000  0.4753340000000  0.5361540000000 1.0
C      1  0.5246660000000  0.5361540000000  0.4654550000000 1.0
C      1  0.4753340000000  0.5361540000000  0.5345450000000 1.0
C      1  0.5246660000000  0.4638460000000  0.5345450000000 1.0
C      1  0.4638460000000  0.4654550000000  0.5246660000000 1.0
C      1  0.4654550000000  0.4753340000000  0.5361540000000 1.0
C      1  0.4753340000000  0.4638460000000  0.5345450000000 1.0
C      1  0.5361540000000  0.5345450000000  0.5246660000000 1.0
C      1  0.4638460000000  0.5345450000000  0.4753340000000 1.0
C      1  0.5361540000000  0.4654550000000  0.4753340000000 1.0
C      1  0.5345450000000  0.5246660000000  0.5361540000000 1.0
C      1  0.4654550000000  0.5246660000000  0.4638460000000 1.0
C      1  0.5345450000000  0.4753340000000  0.4638460000000 1.0
C      1  0.5246660000000  0.5361540000000  0.5345450000000 1.0
C      1  0.4753340000000  0.5361540000000  0.4654550000000 1.0
C      1  0.5246660000000  0.4638460000000  0.4654550000000 1.0
C      1  0.4282130000000  0.4929310000000  0.4709010000000 1.0
C      1  0.4929310000000  0.4709010000000  0.4282130000000 1.0
C      1  0.4709010000000  0.4282130000000  0.4929310000000 1.0
C      1  0.5717870000000  0.5070690000000  0.4709010000000 1.0
C      1  0.4282130000000  0.5070690000000  0.5290990000000 1.0
C      1  0.5717870000000  0.4929310000000  0.5290990000000 1.0
C      1  0.5070690000000  0.5290990000000  0.4282130000000 1.0
C      1  0.4929310000000  0.5290990000000  0.5717870000000 1.0
C      1  0.5070690000000  0.4709010000000  0.5717870000000 1.0
C      1  0.5290990000000  0.5717870000000  0.4929310000000 1.0
C      1  0.4709010000000  0.5717870000000  0.5070690000000 1.0
C      1  0.5290990000000  0.4282130000000  0.5070690000000 1.0
C      1  0.4282130000000  0.4929310000000  0.5290990000000 1.0
C      1  0.4929310000000  0.4709010000000  0.5717870000000 1.0
C      1  0.4709010000000  0.4282130000000  0.5070690000000 1.0
C      1  0.5717870000000  0.5070690000000  0.5290990000000 1.0
C      1  0.4282130000000  0.5070690000000  0.4709010000000 1.0
C      1  0.5717870000000  0.4929310000000  0.4709010000000 1.0
C      1  0.5070690000000  0.5290990000000  0.5717870000000 1.0
C      1  0.4929310000000  0.5290990000000  0.4282130000000 1.0
C      1  0.5070690000000  0.4709010000000  0.4282130000000 1.0
C      1  0.5290990000000  0.5717870000000  0.5070690000000 1.0
C      1  0.4709010000000  0.5717870000000  0.4929310000000 1.0
C      1  0.5290990000000  0.4282130000000  0.4929310000000 1.0
C      1  0.4556660000000  0.4859320000000  0.5299480000000 1.0
C      1  0.4859320000000  0.5299480000000  0.4556660000000 1.0
C      1  0.5299480000000  0.4556660000000  0.4859320000000 1.0
C      1  0.5443340000000  0.5140680000000  0.5299480000000 1.0
C      1  0.4556660000000  0.5140680000000  0.4700520000000 1.0
C      1  0.5443340000000  0.4859320000000  0.4700520000000 1.0
C      1  0.5140680000000  0.4700520000000  0.4556660000000 1.0
C      1  0.4859320000000  0.4700520000000  0.5443340000000 1.0
C      1  0.5140680000000  0.5299480000000  0.5443340000000 1.0
C      1  0.4700520000000  0.5443340000000  0.4859320000000 1.0
C      1  0.5299480000000  0.5443340000000  0.5140680000000 1.0
C      1  0.4700520000000  0.4556660000000  0.5140680000000 1.0
C      1  0.4556660000000  0.4859320000000  0.4700520000000 1.0
C      1  0.4859320000000  0.5299480000000  0.5443340000000 1.0
C      1  0.5299480000000  0.4556660000000  0.5140680000000 1.0
C      1  0.5443340000000  0.5140680000000  0.4700520000000 1.0
C      1  0.4556660000000  0.5140680000000  0.5299480000000 1.0
C      1  0.5443340000000  0.4859320000000  0.5299480000000 1.0
C      1  0.5140680000000  0.4700520000000  0.5443340000000 1.0
C      1  0.4859320000000  0.4700520000000  0.4556660000000 1.0
C      1  0.5140680000000  0.5299480000000  0.4556660000000 1.0
C      1  0.4700520000000  0.5443340000000  0.5140680000000 1.0
C      1  0.5299480000000  0.5443340000000  0.4859320000000 1.0
C      1  0.4700520000000  0.4556660000000  0.4859320000000 1.0
C      1  0.4841990000000  0.5281670000000  0.4402680000000 1.0
C      1  0.5281670000000  0.4402680000000  0.4841990000000 1.0
C      1  0.4402680000000  0.4841990000000  0.5281670000000 1.0
C      1  0.5158010000000  0.4718330000000  0.4402680000000 1.0
C      1  0.4841990000000  0.4718330000000  0.5597320000000 1.0
C      1  0.5158010000000  0.5281670000000  0.5597320000000 1.0
C      1  0.4718330000000  0.5597320000000  0.4841990000000 1.0
C      1  0.5281670000000  0.5597320000000  0.5158010000000 1.0
C      1  0.4718330000000  0.4402680000000  0.5158010000000 1.0
C      1  0.5597320000000  0.5158010000000  0.5281670000000 1.0
C      1  0.4402680000000  0.5158010000000  0.4718330000000 1.0
C      1  0.5597320000000  0.4841990000000  0.4718330000000 1.0
C      1  0.4841990000000  0.5281670000000  0.5597320000000 1.0
C      1  0.5281670000000  0.4402680000000  0.5158010000000 1.0
C      1  0.4402680000000  0.4841990000000  0.4718330000000 1.0
C      1  0.5158010000000  0.4718330000000  0.5597320000000 1.0
C      1  0.4841990000000  0.4718330000000  0.4402680000000 1.0
C      1  0.5158010000000  0.5281670000000  0.4402680000000 1.0
C      1  0.4718330000000  0.5597320000000  0.5158010000000 1.0
C      1  0.5281670000000  0.5597320000000  0.4841990000000 1.0
C      1  0.4718330000000  0.4402680000000  0.4841990000000 1.0
C      1  0.5597320000000  0.5158010000000  0.4718330000000 1.0
C      1  0.4402680000000  0.5158010000000  0.5281670000000 1.0
C      1  0.5597320000000  0.4841990000000  0.5281670000000 1.0
C      1  0.5406120000000  0.5619890000000  0.4764130000000 1.0
C      1  0.5619890000000  0.4764130000000  0.5406120000000 1.0
C      1  0.4764130000000  0.5406120000000  0.5619890000000 1.0
C      1  0.4593880000000  0.4380110000000  0.4764130000000 1.0
C      1  0.5406120000000  0.4380110000000  0.5235870000000 1.0
C      1  0.4593880000000  0.5619890000000  0.5235870000000 1.0
C      1  0.4380110000000  0.5235870000000  0.5406120000000 1.0
C      1  0.5619890000000  0.5235870000000  0.4593880000000 1.0
C      1  0.4380110000000  0.4764130000000  0.4593880000000 1.0
C      1  0.5235870000000  0.4593880000000  0.5619890000000 1.0
C      1  0.4764130000000  0.4593880000000  0.4380110000000 1.0
C      1  0.5235870000000  0.5406120000000  0.4380110000000 1.0
C      1  0.5406120000000  0.5619890000000  0.5235870000000 1.0
C      1  0.5619890000000  0.4764130000000  0.4593880000000 1.0
C      1  0.4764130000000  0.5406120000000  0.4380110000000 1.0
C      1  0.4593880000000  0.4380110000000  0.5235870000000 1.0
C      1  0.5406120000000  0.4380110000000  0.4764130000000 1.0
C      1  0.4593880000000  0.5619890000000  0.4764130000000 1.0
C      1  0.4380110000000  0.5235870000000  0.4593880000000 1.0
C      1  0.5619890000000  0.5235870000000  0.5406120000000 1.0
C      1  0.4380110000000  0.4764130000000  0.5406120000000 1.0
C      1  0.5235870000000  0.4593880000000  0.4380110000000 1.0
C      1  0.4764130000000  0.4593880000000  0.5619890000000 1.0
C      1  0.5235870000000  0.5406120000000  0.5619890000000 1.0
C      1  0.4466960000000  0.5070230000000  0.5071710000000 1.0
C      1  0.5070230000000  0.5071710000000  0.4466960000000 1.0
C      1  0.5071710000000  0.4466960000000  0.5070230000000 1.0
C      1  0.5533040000000  0.4929770000000  0.5071710000000 1.0
C      1  0.4466960000000  0.4929770000000  0.4928290000000 1.0
C      1  0.5533040000000  0.5070230000000  0.4928290000000 1.0
C      1  0.4929770000000  0.4928290000000  0.4466960000000 1.0
C      1  0.5070230000000  0.4928290000000  0.5533040000000 1.0
C      1  0.4929770000000  0.5071710000000  0.5533040000000 1.0
C      1  0.4928290000000  0.5533040000000  0.5070230000000 1.0
C      1  0.5071710000000  0.5533040000000  0.4929770000000 1.0
C      1  0.4928290000000  0.4466960000000  0.4929770000000 1.0
C      1  0.4466960000000  0.5070230000000  0.4928290000000 1.0
C      1  0.5070230000000  0.5071710000000  0.5533040000000 1.0
C      1  0.5071710000000  0.4466960000000  0.4929770000000 1.0
C      1  0.5533040000000  0.4929770000000  0.4928290000000 1.0
C      1  0.4466960000000  0.4929770000000  0.5071710000000 1.0
C      1  0.5533040000000  0.5070230000000  0.5071710000000 1.0
C      1  0.4929770000000  0.4928290000000  0.5533040000000 1.0
C      1  0.5070230000000  0.4928290000000  0.4466960000000 1.0
C      1  0.4929770000000  0.5071710000000  0.4466960000000 1.0
C      1  0.4928290000000  0.5533040000000  0.4929770000000 1.0
C      1  0.5071710000000  0.5533040000000  0.5070230000000 1.0
C      1  0.4928290000000  0.4466960000000  0.5070230000000 1.0
C      1  0.5451420000000  0.4445510000000  0.4537830000000 1.0
C      1  0.4445510000000  0.4537830000000  0.5451420000000 1.0
C      1  0.4537830000000  0.5451420000000  0.4445510000000 1.0
C      1  0.4548580000000  0.5554490000000  0.4537830000000 1.0
C      1  0.5451420000000  0.5554490000000  0.5462170000000 1.0
C      1  0.4548580000000  0.4445510000000  0.5462170000000 1.0
C      1  0.5554490000000  0.5462170000000  0.5451420000000 1.0
C      1  0.4445510000000  0.5462170000000  0.4548580000000 1.0
C      1  0.5554490000000  0.4537830000000  0.4548580000000 1.0
C      1  0.5462170000000  0.4548580000000  0.4445510000000 1.0
C      1  0.4537830000000  0.4548580000000  0.5554490000000 1.0
C      1  0.5462170000000  0.5451420000000  0.5554490000000 1.0
C      1  0.5451420000000  0.4445510000000  0.5462170000000 1.0
C      1  0.4445510000000  0.4537830000000  0.4548580000000 1.0
C      1  0.4537830000000  0.5451420000000  0.5554490000000 1.0
C      1  0.4548580000000  0.5554490000000  0.5462170000000 1.0
C      1  0.5451420000000  0.5554490000000  0.4537830000000 1.0
C      1  0.4548580000000  0.4445510000000  0.4537830000000 1.0
C      1  0.5554490000000  0.5462170000000  0.4548580000000 1.0
C      1  0.4445510000000  0.5462170000000  0.5451420000000 1.0
C      1  0.5554490000000  0.4537830000000  0.5451420000000 1.0
C      1  0.5462170000000  0.4548580000000  0.5554490000000 1.0
C      1  0.4537830000000  0.4548580000000  0.4445510000000 1.0
C      1  0.5462170000000  0.5451420000000  0.4445510000000 1.0
C      1  0.4719890000000  0.4922970000000  0.5490250000000 1.0
C      1  0.4922970000000  0.5490250000000  0.4719890000000 1.0
C      1  0.5490250000000  0.4719890000000  0.4922970000000 1.0
C      1  0.5280110000000  0.5077030000000  0.5490250000000 1.0
C      1  0.4719890000000  0.5077030000000  0.4509750000000 1.0
C      1  0.5280110000000  0.4922970000000  0.4509750000000 1.0
C      1  0.5077030000000  0.4509750000000  0.4719890000000 1.0
C      1  0.4922970000000  0.4509750000000  0.5280110000000 1.0
C      1  0.5077030000000  0.5490250000000  0.5280110000000 1.0
C      1  0.4509750000000  0.5280110000000  0.4922970000000 1.0
C      1  0.5490250000000  0.5280110000000  0.5077030000000 1.0
C      1  0.4509750000000  0.4719890000000  0.5077030000000 1.0
C      1  0.4719890000000  0.4922970000000  0.4509750000000 1.0
C      1  0.4922970000000  0.5490250000000  0.5280110000000 1.0
C      1  0.5490250000000  0.4719890000000  0.5077030000000 1.0
C      1  0.5280110000000  0.5077030000000  0.4509750000000 1.0
C      1  0.4719890000000  0.5077030000000  0.5490250000000 1.0
C      1  0.5280110000000  0.4922970000000  0.5490250000000 1.0
C      1  0.5077030000000  0.4509750000000  0.5280110000000 1.0
C      1  0.4922970000000  0.4509750000000  0.4719890000000 1.0
C      1  0.5077030000000  0.5490250000000  0.4719890000000 1.0
C      1  0.4509750000000  0.5280110000000  0.5077030000000 1.0
C      1  0.5490250000000  0.5280110000000  0.4922970000000 1.0
C      1  0.4509750000000  0.4719890000000  0.4922970000000 1.0
C      1  0.5072170000000  0.4832870000000  0.4203070000000 1.0
C      1  0.4832870000000  0.4203070000000  0.5072170000000 1.0
C      1  0.4203070000000  0.5072170000000  0.4832870000000 1.0
C      1  0.4927830000000  0.5167130000000  0.4203070000000 1.0
C      1  0.5072170000000  0.5167130000000  0.5796930000000 1.0
C      1  0.4927830000000  0.4832870000000  0.5796930000000 1.0
C      1  0.5167130000000  0.5796930000000  0.5072170000000 1.0
C      1  0.4832870000000  0.5796930000000  0.4927830000000 1.0
C      1  0.5167130000000  0.4203070000000  0.4927830000000 1.0
C      1  0.5796930000000  0.4927830000000  0.4832870000000 1.0
C      1  0.4203070000000  0.4927830000000  0.5167130000000 1.0
C      1  0.5796930000000  0.5072170000000  0.5167130000000 1.0
C      1  0.5072170000000  0.4832870000000  0.5796930000000 1.0
C      1  0.4832870000000  0.4203070000000  0.4927830000000 1.0
C      1  0.4203070000000  0.5072170000000  0.5167130000000 1.0
C      1  0.4927830000000  0.5167130000000  0.5796930000000 1.0
C      1  0.5072170000000  0.5167130000000  0.4203070000000 1.0
C      1  0.4927830000000  0.4832870000000  0.4203070000000 1.0
C      1  0.5167130000000  0.5796930000000  0.4927830000000 1.0
C      1  0.4832870000000  0.5796930000000  0.5072170000000 1.0
C      1  0.5167130000000  0.4203070000000  0.5072170000000 1.0
C      1  0.5796930000000  0.4927830000000  0.5167130000000 1.0
C      1  0.4203070000000  0.4927830000000  0.4832870000000 1.0
C      1  0.5796930000000  0.5072170000000  0.4832870000000 1.0
C      1  0.4448510000000  0.4834120000000  0.4488580000000 1.0
C      1  0.4834120000000  0.4488580000000  0.4448510000000 1.0
C      1  0.4488580000000  0.4448510000000  0.4834120000000 1.0
C      1  0.5551490000000  0.5165880000000  0.4488580000000 1.0
C      1  0.4448510000000  0.5165880000000  0.5511420000000 1.0
C      1  0.5551490000000  0.4834120000000  0.5511420000000 1.0
C      1  0.5165880000000  0.5511420000000  0.4448510000000 1.0
C      1  0.4834120000000  0.5511420000000  0.5551490000000 1.0
C      1  0.5165880000000  0.4488580000000  0.5551490000000 1.0
C      1  0.5511420000000  0.5551490000000  0.4834120000000 1.0
C      1  0.4488580000000  0.5551490000000  0.5165880000000 1.0
C      1  0.5511420000000  0.4448510000000  0.5165880000000 1.0
C      1  0.4448510000000  0.4834120000000  0.5511420000000 1.0
C      1  0.4834120000000  0.4488580000000  0.5551490000000 1.0
C      1  0.4488580000000  0.4448510000000  0.5165880000000 1.0
C      1  0.5551490000000  0.5165880000000  0.5511420000000 1.0
C      1  0.4448510000000  0.5165880000000  0.4488580000000 1.0
C      1  0.5551490000000  0.4834120000000  0.4488580000000 1.0
C      1  0.5165880000000  0.5511420000000  0.5551490000000 1.0
C      1  0.4834120000000  0.5511420000000  0.4448510000000 1.0
C      1  0.5165880000000  0.4488580000000  0.4448510000000 1.0
C      1  0.5511420000000  0.5551490000000  0.5165880000000 1.0
C      1  0.4488580000000  0.5551490000000  0.4834120000000 1.0
C      1  0.5511420000000  0.4448510000000  0.4834120000000 1.0
END
