TITL C-1379268-1316-146 2.50501801482286e-06 1000000 -4651.71434060759 0 0 660 (Th) n - 1
REM
REM in /nfs/bkarasulu/CARBON/AIRSS/Generating-Clusters/GAP-ML-2020/Higher-Symm/Selected-Sizes/TryA-Only_Ih-Symm/Larger-Clusters/Try2-MINAMP_6A
REM
REM
REM
REM
REM
REM ./C.cell (31579ac4e95a012ec27f3239692ae8a5)
REM
REM compiler GCC version 9.2.1 20190827 (Red Hat 9.2.1-1)
REM options -cpp -mtune=generic -march=x86-64 -g -O0 -fpre-include=/usr/include/finclude/math-vector-fortran.h
REM seed -584881949 -1497499981 286429890 297867016 1995375616 1144943765 -1901671021 1512717505 1138146134 1783676684 -1208521875 -512247639 -432707367 322177496 -944901094 -41859333 -1742448162 -1507895335 663671683 -525087036 -1419976524 -42129565 -1815826230 983913767 1252010824 1293614494 -545416819 1594697081 -208869405 644420474 535585836 819744371 -1548236747
REM
CELL 1.54180  100.00000  100.00000  100.00000   90.00000   90.00000   90.00000
LATT -1
SFAC C  
C      1  0.5126870000000  0.5512050000000  0.4253050000000 1.0
C      1  0.5512050000000  0.4253050000000  0.5126870000000 1.0
C      1  0.4253050000000  0.5126870000000  0.5512050000000 1.0
C      1  0.4873130000000  0.4487950000000  0.4253050000000 1.0
C      1  0.5126870000000  0.4487950000000  0.5746950000000 1.0
C      1  0.4873130000000  0.5512050000000  0.5746950000000 1.0
C      1  0.4487950000000  0.5746950000000  0.5126870000000 1.0
C      1  0.5512050000000  0.5746950000000  0.4873130000000 1.0
C      1  0.4487950000000  0.4253050000000  0.4873130000000 1.0
C      1  0.5746950000000  0.4873130000000  0.5512050000000 1.0
C      1  0.4253050000000  0.4873130000000  0.4487950000000 1.0
C      1  0.5746950000000  0.5126870000000  0.4487950000000 1.0
C      1  0.5126870000000  0.5512050000000  0.5746950000000 1.0
C      1  0.5512050000000  0.4253050000000  0.4873130000000 1.0
C      1  0.4253050000000  0.5126870000000  0.4487950000000 1.0
C      1  0.4873130000000  0.4487950000000  0.5746950000000 1.0
C      1  0.5126870000000  0.4487950000000  0.4253050000000 1.0
C      1  0.4873130000000  0.5512050000000  0.4253050000000 1.0
C      1  0.4487950000000  0.5746950000000  0.4873130000000 1.0
C      1  0.5512050000000  0.5746950000000  0.5126870000000 1.0
C      1  0.4487950000000  0.4253050000000  0.5126870000000 1.0
C      1  0.5746950000000  0.4873130000000  0.4487950000000 1.0
C      1  0.4253050000000  0.4873130000000  0.5512050000000 1.0
C      1  0.5746950000000  0.5126870000000  0.5512050000000 1.0
C      1  0.5359910000000  0.5443940000000  0.4930490000000 1.0
C      1  0.5443940000000  0.4930490000000  0.5359910000000 1.0
C      1  0.4930490000000  0.5359910000000  0.5443940000000 1.0
C      1  0.4640090000000  0.4556060000000  0.4930490000000 1.0
C      1  0.5359910000000  0.4556060000000  0.5069510000000 1.0
C      1  0.4640090000000  0.5443940000000  0.5069510000000 1.0
C      1  0.4556060000000  0.5069510000000  0.5359910000000 1.0
C      1  0.5443940000000  0.5069510000000  0.4640090000000 1.0
C      1  0.4556060000000  0.4930490000000  0.4640090000000 1.0
C      1  0.5069510000000  0.4640090000000  0.5443940000000 1.0
C      1  0.4930490000000  0.4640090000000  0.4556060000000 1.0
C      1  0.5069510000000  0.5359910000000  0.4556060000000 1.0
C      1  0.5359910000000  0.5443940000000  0.5069510000000 1.0
C      1  0.5443940000000  0.4930490000000  0.4640090000000 1.0
C      1  0.4930490000000  0.5359910000000  0.4556060000000 1.0
C      1  0.4640090000000  0.4556060000000  0.5069510000000 1.0
C      1  0.5359910000000  0.4556060000000  0.4930490000000 1.0
C      1  0.4640090000000  0.5443940000000  0.4930490000000 1.0
C      1  0.4556060000000  0.5069510000000  0.4640090000000 1.0
C      1  0.5443940000000  0.5069510000000  0.5359910000000 1.0
C      1  0.4556060000000  0.4930490000000  0.5359910000000 1.0
C      1  0.5069510000000  0.4640090000000  0.4556060000000 1.0
C      1  0.4930490000000  0.4640090000000  0.5443940000000 1.0
C      1  0.5069510000000  0.5359910000000  0.5443940000000 1.0
C      1  0.4488280000000  0.4486190000000  0.4703000000000 1.0
C      1  0.4486190000000  0.4703000000000  0.4488280000000 1.0
C      1  0.4703000000000  0.4488280000000  0.4486190000000 1.0
C      1  0.5511720000000  0.5513810000000  0.4703000000000 1.0
C      1  0.4488280000000  0.5513810000000  0.5297000000000 1.0
C      1  0.5511720000000  0.4486190000000  0.5297000000000 1.0
C      1  0.5513810000000  0.5297000000000  0.4488280000000 1.0
C      1  0.4486190000000  0.5297000000000  0.5511720000000 1.0
C      1  0.5513810000000  0.4703000000000  0.5511720000000 1.0
C      1  0.5297000000000  0.5511720000000  0.4486190000000 1.0
C      1  0.4703000000000  0.5511720000000  0.5513810000000 1.0
C      1  0.5297000000000  0.4488280000000  0.5513810000000 1.0
C      1  0.4488280000000  0.4486190000000  0.5297000000000 1.0
C      1  0.4486190000000  0.4703000000000  0.5511720000000 1.0
C      1  0.4703000000000  0.4488280000000  0.5513810000000 1.0
C      1  0.5511720000000  0.5513810000000  0.5297000000000 1.0
C      1  0.4488280000000  0.5513810000000  0.4703000000000 1.0
C      1  0.5511720000000  0.4486190000000  0.4703000000000 1.0
C      1  0.5513810000000  0.5297000000000  0.5511720000000 1.0
C      1  0.4486190000000  0.5297000000000  0.4488280000000 1.0
C      1  0.5513810000000  0.4703000000000  0.4488280000000 1.0
C      1  0.5297000000000  0.5511720000000  0.5513810000000 1.0
C      1  0.4703000000000  0.5511720000000  0.4486190000000 1.0
C      1  0.5297000000000  0.4488280000000  0.4486190000000 1.0
C      1  0.5646670000000  0.5069220000000  0.4383630000000 1.0
C      1  0.5069220000000  0.4383630000000  0.5646670000000 1.0
C      1  0.4383630000000  0.5646670000000  0.5069220000000 1.0
C      1  0.4353330000000  0.4930780000000  0.4383630000000 1.0
C      1  0.5646670000000  0.4930780000000  0.5616370000000 1.0
C      1  0.4353330000000  0.5069220000000  0.5616370000000 1.0
C      1  0.4930780000000  0.5616370000000  0.5646670000000 1.0
C      1  0.5069220000000  0.5616370000000  0.4353330000000 1.0
C      1  0.4930780000000  0.4383630000000  0.4353330000000 1.0
C      1  0.5616370000000  0.4353330000000  0.5069220000000 1.0
C      1  0.4383630000000  0.4353330000000  0.4930780000000 1.0
C      1  0.5616370000000  0.5646670000000  0.4930780000000 1.0
C      1  0.5646670000000  0.5069220000000  0.5616370000000 1.0
C      1  0.5069220000000  0.4383630000000  0.4353330000000 1.0
C      1  0.4383630000000  0.5646670000000  0.4930780000000 1.0
C      1  0.4353330000000  0.4930780000000  0.5616370000000 1.0
C      1  0.5646670000000  0.4930780000000  0.4383630000000 1.0
C      1  0.4353330000000  0.5069220000000  0.4383630000000 1.0
C      1  0.4930780000000  0.5616370000000  0.4353330000000 1.0
C      1  0.5069220000000  0.5616370000000  0.5646670000000 1.0
C      1  0.4930780000000  0.4383630000000  0.5646670000000 1.0
C      1  0.5616370000000  0.4353330000000  0.4930780000000 1.0
C      1  0.4383630000000  0.4353330000000  0.5069220000000 1.0
C      1  0.5616370000000  0.5646670000000  0.5069220000000 1.0
C      1  0.5370090000000  0.4934710000000  0.4173190000000 1.0
C      1  0.4934710000000  0.4173190000000  0.5370090000000 1.0
C      1  0.4173190000000  0.5370090000000  0.4934710000000 1.0
C      1  0.4629910000000  0.5065290000000  0.4173190000000 1.0
C      1  0.5370090000000  0.5065290000000  0.5826810000000 1.0
C      1  0.4629910000000  0.4934710000000  0.5826810000000 1.0
C      1  0.5065290000000  0.5826810000000  0.5370090000000 1.0
C      1  0.4934710000000  0.5826810000000  0.4629910000000 1.0
C      1  0.5065290000000  0.4173190000000  0.4629910000000 1.0
C      1  0.5826810000000  0.4629910000000  0.4934710000000 1.0
C      1  0.4173190000000  0.4629910000000  0.5065290000000 1.0
C      1  0.5826810000000  0.5370090000000  0.5065290000000 1.0
C      1  0.5370090000000  0.4934710000000  0.5826810000000 1.0
C      1  0.4934710000000  0.4173190000000  0.4629910000000 1.0
C      1  0.4173190000000  0.5370090000000  0.5065290000000 1.0
C      1  0.4629910000000  0.5065290000000  0.5826810000000 1.0
C      1  0.5370090000000  0.5065290000000  0.4173190000000 1.0
C      1  0.4629910000000  0.4934710000000  0.4173190000000 1.0
C      1  0.5065290000000  0.5826810000000  0.4629910000000 1.0
C      1  0.4934710000000  0.5826810000000  0.5370090000000 1.0
C      1  0.5065290000000  0.4173190000000  0.5370090000000 1.0
C      1  0.5826810000000  0.4629910000000  0.5065290000000 1.0
C      1  0.4173190000000  0.4629910000000  0.4934710000000 1.0
C      1  0.5826810000000  0.5370090000000  0.4934710000000 1.0
C      1  0.5519340000000  0.5372610000000  0.5274910000000 1.0
C      1  0.5372610000000  0.5274910000000  0.5519340000000 1.0
C      1  0.5274910000000  0.5519340000000  0.5372610000000 1.0
C      1  0.4480660000000  0.4627390000000  0.5274910000000 1.0
C      1  0.5519340000000  0.4627390000000  0.4725090000000 1.0
C      1  0.4480660000000  0.5372610000000  0.4725090000000 1.0
C      1  0.4627390000000  0.4725090000000  0.5519340000000 1.0
C      1  0.5372610000000  0.4725090000000  0.4480660000000 1.0
C      1  0.4627390000000  0.5274910000000  0.4480660000000 1.0
C      1  0.4725090000000  0.4480660000000  0.5372610000000 1.0
C      1  0.5274910000000  0.4480660000000  0.4627390000000 1.0
C      1  0.4725090000000  0.5519340000000  0.4627390000000 1.0
C      1  0.5519340000000  0.5372610000000  0.4725090000000 1.0
C      1  0.5372610000000  0.5274910000000  0.4480660000000 1.0
C      1  0.5274910000000  0.5519340000000  0.4627390000000 1.0
C      1  0.4480660000000  0.4627390000000  0.4725090000000 1.0
C      1  0.5519340000000  0.4627390000000  0.5274910000000 1.0
C      1  0.4480660000000  0.5372610000000  0.5274910000000 1.0
C      1  0.4627390000000  0.4725090000000  0.4480660000000 1.0
C      1  0.5372610000000  0.4725090000000  0.5519340000000 1.0
C      1  0.4627390000000  0.5274910000000  0.5519340000000 1.0
C      1  0.4725090000000  0.4480660000000  0.4627390000000 1.0
C      1  0.5274910000000  0.4480660000000  0.5372610000000 1.0
C      1  0.4725090000000  0.5519340000000  0.5372610000000 1.0
C      1  0.5242080000000  0.5120870000000  0.5211260000000 1.0
C      1  0.5120870000000  0.5211260000000  0.5242080000000 1.0
C      1  0.5211260000000  0.5242080000000  0.5120870000000 1.0
C      1  0.4757920000000  0.4879130000000  0.5211260000000 1.0
C      1  0.5242080000000  0.4879130000000  0.4788740000000 1.0
C      1  0.4757920000000  0.5120870000000  0.4788740000000 1.0
C      1  0.4879130000000  0.4788740000000  0.5242080000000 1.0
C      1  0.5120870000000  0.4788740000000  0.4757920000000 1.0
C      1  0.4879130000000  0.5211260000000  0.4757920000000 1.0
C      1  0.4788740000000  0.4757920000000  0.5120870000000 1.0
C      1  0.5211260000000  0.4757920000000  0.4879130000000 1.0
C      1  0.4788740000000  0.5242080000000  0.4879130000000 1.0
C      1  0.5242080000000  0.5120870000000  0.4788740000000 1.0
C      1  0.5120870000000  0.5211260000000  0.4757920000000 1.0
C      1  0.5211260000000  0.5242080000000  0.4879130000000 1.0
C      1  0.4757920000000  0.4879130000000  0.4788740000000 1.0
C      1  0.5242080000000  0.4879130000000  0.5211260000000 1.0
C      1  0.4757920000000  0.5120870000000  0.5211260000000 1.0
C      1  0.4879130000000  0.4788740000000  0.4757920000000 1.0
C      1  0.5120870000000  0.4788740000000  0.5242080000000 1.0
C      1  0.4879130000000  0.5211260000000  0.5242080000000 1.0
C      1  0.4788740000000  0.4757920000000  0.4879130000000 1.0
C      1  0.5211260000000  0.4757920000000  0.5120870000000 1.0
C      1  0.4788740000000  0.5242080000000  0.5120870000000 1.0
C      1  0.4854770000000  0.4877910000000  0.4193490000000 1.0
C      1  0.4877910000000  0.4193490000000  0.4854770000000 1.0
C      1  0.4193490000000  0.4854770000000  0.4877910000000 1.0
C      1  0.5145230000000  0.5122090000000  0.4193490000000 1.0
C      1  0.4854770000000  0.5122090000000  0.5806510000000 1.0
C      1  0.5145230000000  0.4877910000000  0.5806510000000 1.0
C      1  0.5122090000000  0.5806510000000  0.4854770000000 1.0
C      1  0.4877910000000  0.5806510000000  0.5145230000000 1.0
C      1  0.5122090000000  0.4193490000000  0.5145230000000 1.0
C      1  0.5806510000000  0.5145230000000  0.4877910000000 1.0
C      1  0.4193490000000  0.5145230000000  0.5122090000000 1.0
C      1  0.5806510000000  0.4854770000000  0.5122090000000 1.0
C      1  0.4854770000000  0.4877910000000  0.5806510000000 1.0
C      1  0.4877910000000  0.4193490000000  0.5145230000000 1.0
C      1  0.4193490000000  0.4854770000000  0.5122090000000 1.0
C      1  0.5145230000000  0.5122090000000  0.5806510000000 1.0
C      1  0.4854770000000  0.5122090000000  0.4193490000000 1.0
C      1  0.5145230000000  0.4877910000000  0.4193490000000 1.0
C      1  0.5122090000000  0.5806510000000  0.5145230000000 1.0
C      1  0.4877910000000  0.5806510000000  0.4854770000000 1.0
C      1  0.5122090000000  0.4193490000000  0.4854770000000 1.0
C      1  0.5806510000000  0.5145230000000  0.5122090000000 1.0
C      1  0.4193490000000  0.5145230000000  0.4877910000000 1.0
C      1  0.5806510000000  0.4854770000000  0.4877910000000 1.0
C      1  0.4462710000000  0.5734350000000  0.4739610000000 1.0
C      1  0.5734350000000  0.4739610000000  0.4462710000000 1.0
C      1  0.4739610000000  0.4462710000000  0.5734350000000 1.0
C      1  0.5537290000000  0.4265650000000  0.4739610000000 1.0
C      1  0.4462710000000  0.4265650000000  0.5260390000000 1.0
C      1  0.5537290000000  0.5734350000000  0.5260390000000 1.0
C      1  0.4265650000000  0.5260390000000  0.4462710000000 1.0
C      1  0.5734350000000  0.5260390000000  0.5537290000000 1.0
C      1  0.4265650000000  0.4739610000000  0.5537290000000 1.0
C      1  0.5260390000000  0.5537290000000  0.5734350000000 1.0
C      1  0.4739610000000  0.5537290000000  0.4265650000000 1.0
C      1  0.5260390000000  0.4462710000000  0.4265650000000 1.0
C      1  0.4462710000000  0.5734350000000  0.5260390000000 1.0
C      1  0.5734350000000  0.4739610000000  0.5537290000000 1.0
C      1  0.4739610000000  0.4462710000000  0.4265650000000 1.0
C      1  0.5537290000000  0.4265650000000  0.5260390000000 1.0
C      1  0.4462710000000  0.4265650000000  0.4739610000000 1.0
C      1  0.5537290000000  0.5734350000000  0.4739610000000 1.0
C      1  0.4265650000000  0.5260390000000  0.5537290000000 1.0
C      1  0.5734350000000  0.5260390000000  0.4462710000000 1.0
C      1  0.4265650000000  0.4739610000000  0.4462710000000 1.0
C      1  0.5260390000000  0.5537290000000  0.4265650000000 1.0
C      1  0.4739610000000  0.5537290000000  0.5734350000000 1.0
C      1  0.5260390000000  0.4462710000000  0.5734350000000 1.0
C      1  0.4392450000000  0.4411740000000  0.5429610000000 1.0
C      1  0.4411740000000  0.5429610000000  0.4392450000000 1.0
C      1  0.5429610000000  0.4392450000000  0.4411740000000 1.0
C      1  0.5607550000000  0.5588260000000  0.5429610000000 1.0
C      1  0.4392450000000  0.5588260000000  0.4570390000000 1.0
C      1  0.5607550000000  0.4411740000000  0.4570390000000 1.0
C      1  0.5588260000000  0.4570390000000  0.4392450000000 1.0
C      1  0.4411740000000  0.4570390000000  0.5607550000000 1.0
C      1  0.5588260000000  0.5429610000000  0.5607550000000 1.0
C      1  0.4570390000000  0.5607550000000  0.4411740000000 1.0
C      1  0.5429610000000  0.5607550000000  0.5588260000000 1.0
C      1  0.4570390000000  0.4392450000000  0.5588260000000 1.0
C      1  0.4392450000000  0.4411740000000  0.4570390000000 1.0
C      1  0.4411740000000  0.5429610000000  0.5607550000000 1.0
C      1  0.5429610000000  0.4392450000000  0.5588260000000 1.0
C      1  0.5607550000000  0.5588260000000  0.4570390000000 1.0
C      1  0.4392450000000  0.5588260000000  0.5429610000000 1.0
C      1  0.5607550000000  0.4411740000000  0.5429610000000 1.0
C      1  0.5588260000000  0.4570390000000  0.5607550000000 1.0
C      1  0.4411740000000  0.4570390000000  0.4392450000000 1.0
C      1  0.5588260000000  0.5429610000000  0.4392450000000 1.0
C      1  0.4570390000000  0.5607550000000  0.5588260000000 1.0
C      1  0.5429610000000  0.5607550000000  0.4411740000000 1.0
C      1  0.4570390000000  0.4392450000000  0.4411740000000 1.0
C      1  0.4423090000000  0.4715060000000  0.5383470000000 1.0
C      1  0.4715060000000  0.5383470000000  0.4423090000000 1.0
C      1  0.5383470000000  0.4423090000000  0.4715060000000 1.0
C      1  0.5576910000000  0.5284940000000  0.5383470000000 1.0
C      1  0.4423090000000  0.5284940000000  0.4616530000000 1.0
C      1  0.5576910000000  0.4715060000000  0.4616530000000 1.0
C      1  0.5284940000000  0.4616530000000  0.4423090000000 1.0
C      1  0.4715060000000  0.4616530000000  0.5576910000000 1.0
C      1  0.5284940000000  0.5383470000000  0.5576910000000 1.0
C      1  0.4616530000000  0.5576910000000  0.4715060000000 1.0
C      1  0.5383470000000  0.5576910000000  0.5284940000000 1.0
C      1  0.4616530000000  0.4423090000000  0.5284940000000 1.0
C      1  0.4423090000000  0.4715060000000  0.4616530000000 1.0
C      1  0.4715060000000  0.5383470000000  0.5576910000000 1.0
C      1  0.5383470000000  0.4423090000000  0.5284940000000 1.0
C      1  0.5576910000000  0.5284940000000  0.4616530000000 1.0
C      1  0.4423090000000  0.5284940000000  0.5383470000000 1.0
C      1  0.5576910000000  0.4715060000000  0.5383470000000 1.0
C      1  0.5284940000000  0.4616530000000  0.5576910000000 1.0
C      1  0.4715060000000  0.4616530000000  0.4423090000000 1.0
C      1  0.5284940000000  0.5383470000000  0.4423090000000 1.0
C      1  0.4616530000000  0.5576910000000  0.5284940000000 1.0
C      1  0.5383470000000  0.5576910000000  0.4715060000000 1.0
C      1  0.4616530000000  0.4423090000000  0.4715060000000 1.0
C      1  0.5816750000000  0.5179900000000  0.5268200000000 1.0
C      1  0.5179900000000  0.5268200000000  0.5816750000000 1.0
C      1  0.5268200000000  0.5816750000000  0.5179900000000 1.0
C      1  0.4183250000000  0.4820100000000  0.5268200000000 1.0
C      1  0.5816750000000  0.4820100000000  0.4731800000000 1.0
C      1  0.4183250000000  0.5179900000000  0.4731800000000 1.0
C      1  0.4820100000000  0.4731800000000  0.5816750000000 1.0
C      1  0.5179900000000  0.4731800000000  0.4183250000000 1.0
C      1  0.4820100000000  0.5268200000000  0.4183250000000 1.0
C      1  0.4731800000000  0.4183250000000  0.5179900000000 1.0
C      1  0.5268200000000  0.4183250000000  0.4820100000000 1.0
C      1  0.4731800000000  0.5816750000000  0.4820100000000 1.0
C      1  0.5816750000000  0.5179900000000  0.4731800000000 1.0
C      1  0.5179900000000  0.5268200000000  0.4183250000000 1.0
C      1  0.5268200000000  0.5816750000000  0.4820100000000 1.0
C      1  0.4183250000000  0.4820100000000  0.4731800000000 1.0
C      1  0.5816750000000  0.4820100000000  0.5268200000000 1.0
C      1  0.4183250000000  0.5179900000000  0.5268200000000 1.0
C      1  0.4820100000000  0.4731800000000  0.4183250000000 1.0
C      1  0.5179900000000  0.4731800000000  0.5816750000000 1.0
C      1  0.4820100000000  0.5268200000000  0.5816750000000 1.0
C      1  0.4731800000000  0.4183250000000  0.4820100000000 1.0
C      1  0.5268200000000  0.4183250000000  0.5179900000000 1.0
C      1  0.4731800000000  0.5816750000000  0.5179900000000 1.0
C      1  0.4844570000000  0.5598610000000  0.4671780000000 1.0
C      1  0.5598610000000  0.4671780000000  0.4844570000000 1.0
C      1  0.4671780000000  0.4844570000000  0.5598610000000 1.0
C      1  0.5155430000000  0.4401390000000  0.4671780000000 1.0
C      1  0.4844570000000  0.4401390000000  0.5328220000000 1.0
C      1  0.5155430000000  0.5598610000000  0.5328220000000 1.0
C      1  0.4401390000000  0.5328220000000  0.4844570000000 1.0
C      1  0.5598610000000  0.5328220000000  0.5155430000000 1.0
C      1  0.4401390000000  0.4671780000000  0.5155430000000 1.0
C      1  0.5328220000000  0.5155430000000  0.5598610000000 1.0
C      1  0.4671780000000  0.5155430000000  0.4401390000000 1.0
C      1  0.5328220000000  0.4844570000000  0.4401390000000 1.0
C      1  0.4844570000000  0.5598610000000  0.5328220000000 1.0
C      1  0.5598610000000  0.4671780000000  0.5155430000000 1.0
C      1  0.4671780000000  0.4844570000000  0.4401390000000 1.0
C      1  0.5155430000000  0.4401390000000  0.5328220000000 1.0
C      1  0.4844570000000  0.4401390000000  0.4671780000000 1.0
C      1  0.5155430000000  0.5598610000000  0.4671780000000 1.0
C      1  0.4401390000000  0.5328220000000  0.5155430000000 1.0
C      1  0.5598610000000  0.5328220000000  0.4844570000000 1.0
C      1  0.4401390000000  0.4671780000000  0.4844570000000 1.0
C      1  0.5328220000000  0.5155430000000  0.4401390000000 1.0
C      1  0.4671780000000  0.5155430000000  0.5598610000000 1.0
C      1  0.5328220000000  0.4844570000000  0.5598610000000 1.0
C      1  0.5322370000000  0.5296650000000  0.4212890000000 1.0
C      1  0.5296650000000  0.4212890000000  0.5322370000000 1.0
C      1  0.4212890000000  0.5322370000000  0.5296650000000 1.0
C      1  0.4677630000000  0.4703350000000  0.4212890000000 1.0
C      1  0.5322370000000  0.4703350000000  0.5787110000000 1.0
C      1  0.4677630000000  0.5296650000000  0.5787110000000 1.0
C      1  0.4703350000000  0.5787110000000  0.5322370000000 1.0
C      1  0.5296650000000  0.5787110000000  0.4677630000000 1.0
C      1  0.4703350000000  0.4212890000000  0.4677630000000 1.0
C      1  0.5787110000000  0.4677630000000  0.5296650000000 1.0
C      1  0.4212890000000  0.4677630000000  0.4703350000000 1.0
C      1  0.5787110000000  0.5322370000000  0.4703350000000 1.0
C      1  0.5322370000000  0.5296650000000  0.5787110000000 1.0
C      1  0.5296650000000  0.4212890000000  0.4677630000000 1.0
C      1  0.4212890000000  0.5322370000000  0.4703350000000 1.0
C      1  0.4677630000000  0.4703350000000  0.5787110000000 1.0
C      1  0.5322370000000  0.4703350000000  0.4212890000000 1.0
C      1  0.4677630000000  0.5296650000000  0.4212890000000 1.0
C      1  0.4703350000000  0.5787110000000  0.4677630000000 1.0
C      1  0.5296650000000  0.5787110000000  0.5322370000000 1.0
C      1  0.4703350000000  0.4212890000000  0.5322370000000 1.0
C      1  0.5787110000000  0.4677630000000  0.4703350000000 1.0
C      1  0.4212890000000  0.4677630000000  0.5296650000000 1.0
C      1  0.5787110000000  0.5322370000000  0.5296650000000 1.0
C      1  0.5551130000000  0.4851210000000  0.4693720000000 1.0
C      1  0.4851210000000  0.4693720000000  0.5551130000000 1.0
C      1  0.4693720000000  0.5551130000000  0.4851210000000 1.0
C      1  0.4448870000000  0.5148790000000  0.4693720000000 1.0
C      1  0.5551130000000  0.5148790000000  0.5306280000000 1.0
C      1  0.4448870000000  0.4851210000000  0.5306280000000 1.0
C      1  0.5148790000000  0.5306280000000  0.5551130000000 1.0
C      1  0.4851210000000  0.5306280000000  0.4448870000000 1.0
C      1  0.5148790000000  0.4693720000000  0.4448870000000 1.0
C      1  0.5306280000000  0.4448870000000  0.4851210000000 1.0
C      1  0.4693720000000  0.4448870000000  0.5148790000000 1.0
C      1  0.5306280000000  0.5551130000000  0.5148790000000 1.0
C      1  0.5551130000000  0.4851210000000  0.5306280000000 1.0
C      1  0.4851210000000  0.4693720000000  0.4448870000000 1.0
C      1  0.4693720000000  0.5551130000000  0.5148790000000 1.0
C      1  0.4448870000000  0.5148790000000  0.5306280000000 1.0
C      1  0.5551130000000  0.5148790000000  0.4693720000000 1.0
C      1  0.4448870000000  0.4851210000000  0.4693720000000 1.0
C      1  0.5148790000000  0.5306280000000  0.4448870000000 1.0
C      1  0.4851210000000  0.5306280000000  0.5551130000000 1.0
C      1  0.5148790000000  0.4693720000000  0.5551130000000 1.0
C      1  0.5306280000000  0.4448870000000  0.5148790000000 1.0
C      1  0.4693720000000  0.4448870000000  0.4851210000000 1.0
C      1  0.5306280000000  0.5551130000000  0.4851210000000 1.0
C      1  0.5123170000000  0.4646410000000  0.5300000000000 1.0
C      1  0.4646410000000  0.5300000000000  0.5123170000000 1.0
C      1  0.5300000000000  0.5123170000000  0.4646410000000 1.0
C      1  0.4876830000000  0.5353590000000  0.5300000000000 1.0
C      1  0.5123170000000  0.5353590000000  0.4700000000000 1.0
C      1  0.4876830000000  0.4646410000000  0.4700000000000 1.0
C      1  0.5353590000000  0.4700000000000  0.5123170000000 1.0
C      1  0.4646410000000  0.4700000000000  0.4876830000000 1.0
C      1  0.5353590000000  0.5300000000000  0.4876830000000 1.0
C      1  0.4700000000000  0.4876830000000  0.4646410000000 1.0
C      1  0.5300000000000  0.4876830000000  0.5353590000000 1.0
C      1  0.4700000000000  0.5123170000000  0.5353590000000 1.0
C      1  0.5123170000000  0.4646410000000  0.4700000000000 1.0
C      1  0.4646410000000  0.5300000000000  0.4876830000000 1.0
C      1  0.5300000000000  0.5123170000000  0.5353590000000 1.0
C      1  0.4876830000000  0.5353590000000  0.4700000000000 1.0
C      1  0.5123170000000  0.5353590000000  0.5300000000000 1.0
C      1  0.4876830000000  0.4646410000000  0.5300000000000 1.0
C      1  0.5353590000000  0.4700000000000  0.4876830000000 1.0
C      1  0.4646410000000  0.4700000000000  0.5123170000000 1.0
C      1  0.5353590000000  0.5300000000000  0.5123170000000 1.0
C      1  0.4700000000000  0.4876830000000  0.5353590000000 1.0
C      1  0.5300000000000  0.4876830000000  0.4646410000000 1.0
C      1  0.4700000000000  0.5123170000000  0.4646410000000 1.0
C      1  0.4919180000000  0.4324200000000  0.5079250000000 1.0
C      1  0.4324200000000  0.5079250000000  0.4919180000000 1.0
C      1  0.5079250000000  0.4919180000000  0.4324200000000 1.0
C      1  0.5080820000000  0.5675800000000  0.5079250000000 1.0
C      1  0.4919180000000  0.5675800000000  0.4920750000000 1.0
C      1  0.5080820000000  0.4324200000000  0.4920750000000 1.0
C      1  0.5675800000000  0.4920750000000  0.4919180000000 1.0
C      1  0.4324200000000  0.4920750000000  0.5080820000000 1.0
C      1  0.5675800000000  0.5079250000000  0.5080820000000 1.0
C      1  0.4920750000000  0.5080820000000  0.4324200000000 1.0
C      1  0.5079250000000  0.5080820000000  0.5675800000000 1.0
C      1  0.4920750000000  0.4919180000000  0.5675800000000 1.0
C      1  0.4919180000000  0.4324200000000  0.4920750000000 1.0
C      1  0.4324200000000  0.5079250000000  0.5080820000000 1.0
C      1  0.5079250000000  0.4919180000000  0.5675800000000 1.0
C      1  0.5080820000000  0.5675800000000  0.4920750000000 1.0
C      1  0.4919180000000  0.5675800000000  0.5079250000000 1.0
C      1  0.5080820000000  0.4324200000000  0.5079250000000 1.0
C      1  0.5675800000000  0.4920750000000  0.5080820000000 1.0
C      1  0.4324200000000  0.4920750000000  0.4919180000000 1.0
C      1  0.5675800000000  0.5079250000000  0.4919180000000 1.0
C      1  0.4920750000000  0.5080820000000  0.5675800000000 1.0
C      1  0.5079250000000  0.5080820000000  0.4324200000000 1.0
C      1  0.4920750000000  0.4919180000000  0.4324200000000 1.0
C      1  0.4925500000000  0.5379330000000  0.5799480000000 1.0
C      1  0.5379330000000  0.5799480000000  0.4925500000000 1.0
C      1  0.5799480000000  0.4925500000000  0.5379330000000 1.0
C      1  0.5074500000000  0.4620670000000  0.5799480000000 1.0
C      1  0.4925500000000  0.4620670000000  0.4200520000000 1.0
C      1  0.5074500000000  0.5379330000000  0.4200520000000 1.0
C      1  0.4620670000000  0.4200520000000  0.4925500000000 1.0
C      1  0.5379330000000  0.4200520000000  0.5074500000000 1.0
C      1  0.4620670000000  0.5799480000000  0.5074500000000 1.0
C      1  0.4200520000000  0.5074500000000  0.5379330000000 1.0
C      1  0.5799480000000  0.5074500000000  0.4620670000000 1.0
C      1  0.4200520000000  0.4925500000000  0.4620670000000 1.0
C      1  0.4925500000000  0.5379330000000  0.4200520000000 1.0
C      1  0.5379330000000  0.5799480000000  0.5074500000000 1.0
C      1  0.5799480000000  0.4925500000000  0.4620670000000 1.0
C      1  0.5074500000000  0.4620670000000  0.4200520000000 1.0
C      1  0.4925500000000  0.4620670000000  0.5799480000000 1.0
C      1  0.5074500000000  0.5379330000000  0.5799480000000 1.0
C      1  0.4620670000000  0.4200520000000  0.5074500000000 1.0
C      1  0.5379330000000  0.4200520000000  0.4925500000000 1.0
C      1  0.4620670000000  0.5799480000000  0.4925500000000 1.0
C      1  0.4200520000000  0.5074500000000  0.4620670000000 1.0
C      1  0.5799480000000  0.5074500000000  0.5379330000000 1.0
C      1  0.4200520000000  0.4925500000000  0.5379330000000 1.0
C      1  0.4674930000000  0.5260930000000  0.5384040000000 1.0
C      1  0.5260930000000  0.5384040000000  0.4674930000000 1.0
C      1  0.5384040000000  0.4674930000000  0.5260930000000 1.0
C      1  0.5325070000000  0.4739070000000  0.5384040000000 1.0
C      1  0.4674930000000  0.4739070000000  0.4615960000000 1.0
C      1  0.5325070000000  0.5260930000000  0.4615960000000 1.0
C      1  0.4739070000000  0.4615960000000  0.4674930000000 1.0
C      1  0.5260930000000  0.4615960000000  0.5325070000000 1.0
C      1  0.4739070000000  0.5384040000000  0.5325070000000 1.0
C      1  0.4615960000000  0.5325070000000  0.5260930000000 1.0
C      1  0.5384040000000  0.5325070000000  0.4739070000000 1.0
C      1  0.4615960000000  0.4674930000000  0.4739070000000 1.0
C      1  0.4674930000000  0.5260930000000  0.4615960000000 1.0
C      1  0.5260930000000  0.5384040000000  0.5325070000000 1.0
C      1  0.5384040000000  0.4674930000000  0.4739070000000 1.0
C      1  0.5325070000000  0.4739070000000  0.4615960000000 1.0
C      1  0.4674930000000  0.4739070000000  0.5384040000000 1.0
C      1  0.5325070000000  0.5260930000000  0.5384040000000 1.0
C      1  0.4739070000000  0.4615960000000  0.5325070000000 1.0
C      1  0.5260930000000  0.4615960000000  0.4674930000000 1.0
C      1  0.4739070000000  0.5384040000000  0.4674930000000 1.0
C      1  0.4615960000000  0.5325070000000  0.4739070000000 1.0
C      1  0.5384040000000  0.5325070000000  0.5260930000000 1.0
C      1  0.4615960000000  0.4674930000000  0.5260930000000 1.0
C      1  0.4522380000000  0.5497630000000  0.5666340000000 1.0
C      1  0.5497630000000  0.5666340000000  0.4522380000000 1.0
C      1  0.5666340000000  0.4522380000000  0.5497630000000 1.0
C      1  0.5477620000000  0.4502370000000  0.5666340000000 1.0
C      1  0.4522380000000  0.4502370000000  0.4333660000000 1.0
C      1  0.5477620000000  0.5497630000000  0.4333660000000 1.0
C      1  0.4502370000000  0.4333660000000  0.4522380000000 1.0
C      1  0.5497630000000  0.4333660000000  0.5477620000000 1.0
C      1  0.4502370000000  0.5666340000000  0.5477620000000 1.0
C      1  0.4333660000000  0.5477620000000  0.5497630000000 1.0
C      1  0.5666340000000  0.5477620000000  0.4502370000000 1.0
C      1  0.4333660000000  0.4522380000000  0.4502370000000 1.0
C      1  0.4522380000000  0.5497630000000  0.4333660000000 1.0
C      1  0.5497630000000  0.5666340000000  0.5477620000000 1.0
C      1  0.5666340000000  0.4522380000000  0.4502370000000 1.0
C      1  0.5477620000000  0.4502370000000  0.4333660000000 1.0
C      1  0.4522380000000  0.4502370000000  0.5666340000000 1.0
C      1  0.5477620000000  0.5497630000000  0.5666340000000 1.0
C      1  0.4502370000000  0.4333660000000  0.5477620000000 1.0
C      1  0.5497630000000  0.4333660000000  0.4522380000000 1.0
C      1  0.4502370000000  0.5666340000000  0.4522380000000 1.0
C      1  0.4333660000000  0.5477620000000  0.4502370000000 1.0
C      1  0.5666340000000  0.5477620000000  0.5497630000000 1.0
C      1  0.4333660000000  0.4522380000000  0.5497630000000 1.0
C      1  0.5571430000000  0.5176070000000  0.4850040000000 1.0
C      1  0.5176070000000  0.4850040000000  0.5571430000000 1.0
C      1  0.4850040000000  0.5571430000000  0.5176070000000 1.0
C      1  0.4428570000000  0.4823930000000  0.4850040000000 1.0
C      1  0.5571430000000  0.4823930000000  0.5149960000000 1.0
C      1  0.4428570000000  0.5176070000000  0.5149960000000 1.0
C      1  0.4823930000000  0.5149960000000  0.5571430000000 1.0
C      1  0.5176070000000  0.5149960000000  0.4428570000000 1.0
C      1  0.4823930000000  0.4850040000000  0.4428570000000 1.0
C      1  0.5149960000000  0.4428570000000  0.5176070000000 1.0
C      1  0.4850040000000  0.4428570000000  0.4823930000000 1.0
C      1  0.5149960000000  0.5571430000000  0.4823930000000 1.0
C      1  0.5571430000000  0.5176070000000  0.5149960000000 1.0
C      1  0.5176070000000  0.4850040000000  0.4428570000000 1.0
C      1  0.4850040000000  0.5571430000000  0.4823930000000 1.0
C      1  0.4428570000000  0.4823930000000  0.5149960000000 1.0
C      1  0.5571430000000  0.4823930000000  0.4850040000000 1.0
C      1  0.4428570000000  0.5176070000000  0.4850040000000 1.0
C      1  0.4823930000000  0.5149960000000  0.4428570000000 1.0
C      1  0.5176070000000  0.5149960000000  0.5571430000000 1.0
C      1  0.4823930000000  0.4850040000000  0.5571430000000 1.0
C      1  0.5149960000000  0.4428570000000  0.4823930000000 1.0
C      1  0.4850040000000  0.4428570000000  0.5176070000000 1.0
C      1  0.5149960000000  0.5571430000000  0.5176070000000 1.0
C      1  0.5167970000000  0.4317350000000  0.4439080000000 1.0
C      1  0.4317350000000  0.4439080000000  0.5167970000000 1.0
C      1  0.4439080000000  0.5167970000000  0.4317350000000 1.0
C      1  0.4832030000000  0.5682650000000  0.4439080000000 1.0
C      1  0.5167970000000  0.5682650000000  0.5560920000000 1.0
C      1  0.4832030000000  0.4317350000000  0.5560920000000 1.0
C      1  0.5682650000000  0.5560920000000  0.5167970000000 1.0
C      1  0.4317350000000  0.5560920000000  0.4832030000000 1.0
C      1  0.5682650000000  0.4439080000000  0.4832030000000 1.0
C      1  0.5560920000000  0.4832030000000  0.4317350000000 1.0
C      1  0.4439080000000  0.4832030000000  0.5682650000000 1.0
C      1  0.5560920000000  0.5167970000000  0.5682650000000 1.0
C      1  0.5167970000000  0.4317350000000  0.5560920000000 1.0
C      1  0.4317350000000  0.4439080000000  0.4832030000000 1.0
C      1  0.4439080000000  0.5167970000000  0.5682650000000 1.0
C      1  0.4832030000000  0.5682650000000  0.5560920000000 1.0
C      1  0.5167970000000  0.5682650000000  0.4439080000000 1.0
C      1  0.4832030000000  0.4317350000000  0.4439080000000 1.0
C      1  0.5682650000000  0.5560920000000  0.4832030000000 1.0
C      1  0.4317350000000  0.5560920000000  0.5167970000000 1.0
C      1  0.5682650000000  0.4439080000000  0.5167970000000 1.0
C      1  0.5560920000000  0.4832030000000  0.5682650000000 1.0
C      1  0.4439080000000  0.4832030000000  0.4317350000000 1.0
C      1  0.5560920000000  0.5167970000000  0.4317350000000 1.0
C      1  0.4573810000000  0.4280840000000  0.5352110000000 1.0
C      1  0.4280840000000  0.5352110000000  0.4573810000000 1.0
C      1  0.5352110000000  0.4573810000000  0.4280840000000 1.0
C      1  0.5426190000000  0.5719160000000  0.5352110000000 1.0
C      1  0.4573810000000  0.5719160000000  0.4647890000000 1.0
C      1  0.5426190000000  0.4280840000000  0.4647890000000 1.0
C      1  0.5719160000000  0.4647890000000  0.4573810000000 1.0
C      1  0.4280840000000  0.4647890000000  0.5426190000000 1.0
C      1  0.5719160000000  0.5352110000000  0.5426190000000 1.0
C      1  0.4647890000000  0.5426190000000  0.4280840000000 1.0
C      1  0.5352110000000  0.5426190000000  0.5719160000000 1.0
C      1  0.4647890000000  0.4573810000000  0.5719160000000 1.0
C      1  0.4573810000000  0.4280840000000  0.4647890000000 1.0
C      1  0.4280840000000  0.5352110000000  0.5426190000000 1.0
C      1  0.5352110000000  0.4573810000000  0.5719160000000 1.0
C      1  0.5426190000000  0.5719160000000  0.4647890000000 1.0
C      1  0.4573810000000  0.5719160000000  0.5352110000000 1.0
C      1  0.5426190000000  0.4280840000000  0.5352110000000 1.0
C      1  0.5719160000000  0.4647890000000  0.5426190000000 1.0
C      1  0.4280840000000  0.4647890000000  0.4573810000000 1.0
C      1  0.5719160000000  0.5352110000000  0.4573810000000 1.0
C      1  0.4647890000000  0.5426190000000  0.5719160000000 1.0
C      1  0.5352110000000  0.5426190000000  0.4280840000000 1.0
C      1  0.4647890000000  0.4573810000000  0.4280840000000 1.0
C      1  0.5614670000000  0.4713210000000  0.5619830000000 1.0
C      1  0.4713210000000  0.5619830000000  0.5614670000000 1.0
C      1  0.5619830000000  0.5614670000000  0.4713210000000 1.0
C      1  0.4385330000000  0.5286790000000  0.5619830000000 1.0
C      1  0.5614670000000  0.5286790000000  0.4380170000000 1.0
C      1  0.4385330000000  0.4713210000000  0.4380170000000 1.0
C      1  0.5286790000000  0.4380170000000  0.5614670000000 1.0
C      1  0.4713210000000  0.4380170000000  0.4385330000000 1.0
C      1  0.5286790000000  0.5619830000000  0.4385330000000 1.0
C      1  0.4380170000000  0.4385330000000  0.4713210000000 1.0
C      1  0.5619830000000  0.4385330000000  0.5286790000000 1.0
C      1  0.4380170000000  0.5614670000000  0.5286790000000 1.0
C      1  0.5614670000000  0.4713210000000  0.4380170000000 1.0
C      1  0.4713210000000  0.5619830000000  0.4385330000000 1.0
C      1  0.5619830000000  0.5614670000000  0.5286790000000 1.0
C      1  0.4385330000000  0.5286790000000  0.4380170000000 1.0
C      1  0.5614670000000  0.5286790000000  0.5619830000000 1.0
C      1  0.4385330000000  0.4713210000000  0.5619830000000 1.0
C      1  0.5286790000000  0.4380170000000  0.4385330000000 1.0
C      1  0.4713210000000  0.4380170000000  0.5614670000000 1.0
C      1  0.5286790000000  0.5619830000000  0.5614670000000 1.0
C      1  0.4380170000000  0.4385330000000  0.5286790000000 1.0
C      1  0.5619830000000  0.4385330000000  0.4713210000000 1.0
C      1  0.4380170000000  0.5614670000000  0.4713210000000 1.0
C      1  0.4831650000000  0.5728940000000  0.5404700000000 1.0
C      1  0.5728940000000  0.5404700000000  0.4831650000000 1.0
C      1  0.5404700000000  0.4831650000000  0.5728940000000 1.0
C      1  0.5168350000000  0.4271060000000  0.5404700000000 1.0
C      1  0.4831650000000  0.4271060000000  0.4595300000000 1.0
C      1  0.5168350000000  0.5728940000000  0.4595300000000 1.0
C      1  0.4271060000000  0.4595300000000  0.4831650000000 1.0
C      1  0.5728940000000  0.4595300000000  0.5168350000000 1.0
C      1  0.4271060000000  0.5404700000000  0.5168350000000 1.0
C      1  0.4595300000000  0.5168350000000  0.5728940000000 1.0
C      1  0.5404700000000  0.5168350000000  0.4271060000000 1.0
C      1  0.4595300000000  0.4831650000000  0.4271060000000 1.0
C      1  0.4831650000000  0.5728940000000  0.4595300000000 1.0
C      1  0.5728940000000  0.5404700000000  0.5168350000000 1.0
C      1  0.5404700000000  0.4831650000000  0.4271060000000 1.0
C      1  0.5168350000000  0.4271060000000  0.4595300000000 1.0
C      1  0.4831650000000  0.4271060000000  0.5404700000000 1.0
C      1  0.5168350000000  0.5728940000000  0.5404700000000 1.0
C      1  0.4271060000000  0.4595300000000  0.5168350000000 1.0
C      1  0.5728940000000  0.4595300000000  0.4831650000000 1.0
C      1  0.4271060000000  0.5404700000000  0.4831650000000 1.0
C      1  0.4595300000000  0.5168350000000  0.4271060000000 1.0
C      1  0.5404700000000  0.5168350000000  0.5728940000000 1.0
C      1  0.4595300000000  0.4831650000000  0.5728940000000 1.0
C      1  0.5122630000000  0.5344340000000  0.4931880000000 1.0
C      1  0.5344340000000  0.4931880000000  0.5122630000000 1.0
C      1  0.4931880000000  0.5122630000000  0.5344340000000 1.0
C      1  0.4877370000000  0.4655660000000  0.4931880000000 1.0
C      1  0.5122630000000  0.4655660000000  0.5068120000000 1.0
C      1  0.4877370000000  0.5344340000000  0.5068120000000 1.0
C      1  0.4655660000000  0.5068120000000  0.5122630000000 1.0
C      1  0.5344340000000  0.5068120000000  0.4877370000000 1.0
C      1  0.4655660000000  0.4931880000000  0.4877370000000 1.0
C      1  0.5068120000000  0.4877370000000  0.5344340000000 1.0
