TITL C-1379267-1329-131 -5.38030765631428e-07 1000000 -3422.67933138265 0 0 480 (Th) n - 1
REM
REM in /nfs/bkarasulu/CARBON/AIRSS/Generating-Clusters/GAP-ML-2020/Higher-Symm/Selected-Sizes/TryA-Only_Ih-Symm/Larger-Clusters/Try2-MINAMP_6A
REM
REM
REM
REM
REM
REM ./C.cell (31579ac4e95a012ec27f3239692ae8a5)
REM
REM compiler GCC version 9.2.1 20190827 (Red Hat 9.2.1-1)
REM options -cpp -mtune=generic -march=x86-64 -g -O0 -fpre-include=/usr/include/finclude/math-vector-fortran.h
REM seed -1300676269 847272157 -1728031925 -788791520 -1807132876 -886579784 -1788657830 -168566489 332661718 1667546497 -1440968731 -1858749389 -1402856286 480141080 921571994 479082337 1668690335 -1811016322 1955951258 189794467 -1030531016 -920837230 1802902870 -668953455 21335968 -1957304460 412014488 909729247 -1588532839 -1022574713 -922398582 -245589054 550725060
REM
CELL 1.54180  100.00000  100.00000  100.00000   90.00000   90.00000   90.00000
LATT -1
SFAC C  
C      1  0.5503660000000  0.5272440000000  0.5267980000000 1.0
C      1  0.5272440000000  0.5267980000000  0.5503660000000 1.0
C      1  0.5267980000000  0.5503660000000  0.5272440000000 1.0
C      1  0.4496340000000  0.4727560000000  0.5267980000000 1.0
C      1  0.5503660000000  0.4727560000000  0.4732020000000 1.0
C      1  0.4496340000000  0.5272440000000  0.4732020000000 1.0
C      1  0.4727560000000  0.4732020000000  0.5503660000000 1.0
C      1  0.5272440000000  0.4732020000000  0.4496340000000 1.0
C      1  0.4727560000000  0.5267980000000  0.4496340000000 1.0
C      1  0.4732020000000  0.4496340000000  0.5272440000000 1.0
C      1  0.5267980000000  0.4496340000000  0.4727560000000 1.0
C      1  0.4732020000000  0.5503660000000  0.4727560000000 1.0
C      1  0.5503660000000  0.5272440000000  0.4732020000000 1.0
C      1  0.5272440000000  0.5267980000000  0.4496340000000 1.0
C      1  0.5267980000000  0.5503660000000  0.4727560000000 1.0
C      1  0.4496340000000  0.4727560000000  0.4732020000000 1.0
C      1  0.5503660000000  0.4727560000000  0.5267980000000 1.0
C      1  0.4496340000000  0.5272440000000  0.5267980000000 1.0
C      1  0.4727560000000  0.4732020000000  0.4496340000000 1.0
C      1  0.5272440000000  0.4732020000000  0.5503660000000 1.0
C      1  0.4727560000000  0.5267980000000  0.5503660000000 1.0
C      1  0.4732020000000  0.4496340000000  0.4727560000000 1.0
C      1  0.5267980000000  0.4496340000000  0.5272440000000 1.0
C      1  0.4732020000000  0.5503660000000  0.5272440000000 1.0
C      1  0.5509740000000  0.5344670000000  0.5149940000000 1.0
C      1  0.5344670000000  0.5149940000000  0.5509740000000 1.0
C      1  0.5149940000000  0.5509740000000  0.5344670000000 1.0
C      1  0.4490260000000  0.4655330000000  0.5149940000000 1.0
C      1  0.5509740000000  0.4655330000000  0.4850060000000 1.0
C      1  0.4490260000000  0.5344670000000  0.4850060000000 1.0
C      1  0.4655330000000  0.4850060000000  0.5509740000000 1.0
C      1  0.5344670000000  0.4850060000000  0.4490260000000 1.0
C      1  0.4655330000000  0.5149940000000  0.4490260000000 1.0
C      1  0.4850060000000  0.4490260000000  0.5344670000000 1.0
C      1  0.5149940000000  0.4490260000000  0.4655330000000 1.0
C      1  0.4850060000000  0.5509740000000  0.4655330000000 1.0
C      1  0.5509740000000  0.5344670000000  0.4850060000000 1.0
C      1  0.5344670000000  0.5149940000000  0.4490260000000 1.0
C      1  0.5149940000000  0.5509740000000  0.4655330000000 1.0
C      1  0.4490260000000  0.4655330000000  0.4850060000000 1.0
C      1  0.5509740000000  0.4655330000000  0.5149940000000 1.0
C      1  0.4490260000000  0.5344670000000  0.5149940000000 1.0
C      1  0.4655330000000  0.4850060000000  0.4490260000000 1.0
C      1  0.5344670000000  0.4850060000000  0.5509740000000 1.0
C      1  0.4655330000000  0.5149940000000  0.5509740000000 1.0
C      1  0.4850060000000  0.4490260000000  0.4655330000000 1.0
C      1  0.5149940000000  0.4490260000000  0.5344670000000 1.0
C      1  0.4850060000000  0.5509740000000  0.5344670000000 1.0
C      1  0.4838940000000  0.5742120000000  0.4614710000000 1.0
C      1  0.5742120000000  0.4614710000000  0.4838940000000 1.0
C      1  0.4614710000000  0.4838940000000  0.5742120000000 1.0
C      1  0.5161060000000  0.4257880000000  0.4614710000000 1.0
C      1  0.4838940000000  0.4257880000000  0.5385290000000 1.0
C      1  0.5161060000000  0.5742120000000  0.5385290000000 1.0
C      1  0.4257880000000  0.5385290000000  0.4838940000000 1.0
C      1  0.5742120000000  0.5385290000000  0.5161060000000 1.0
C      1  0.4257880000000  0.4614710000000  0.5161060000000 1.0
C      1  0.5385290000000  0.5161060000000  0.5742120000000 1.0
C      1  0.4614710000000  0.5161060000000  0.4257880000000 1.0
C      1  0.5385290000000  0.4838940000000  0.4257880000000 1.0
C      1  0.4838940000000  0.5742120000000  0.5385290000000 1.0
C      1  0.5742120000000  0.4614710000000  0.5161060000000 1.0
C      1  0.4614710000000  0.4838940000000  0.4257880000000 1.0
C      1  0.5161060000000  0.4257880000000  0.5385290000000 1.0
C      1  0.4838940000000  0.4257880000000  0.4614710000000 1.0
C      1  0.5161060000000  0.5742120000000  0.4614710000000 1.0
C      1  0.4257880000000  0.5385290000000  0.5161060000000 1.0
C      1  0.5742120000000  0.5385290000000  0.4838940000000 1.0
C      1  0.4257880000000  0.4614710000000  0.4838940000000 1.0
C      1  0.5385290000000  0.5161060000000  0.4257880000000 1.0
C      1  0.4614710000000  0.5161060000000  0.5742120000000 1.0
C      1  0.5385290000000  0.4838940000000  0.5742120000000 1.0
C      1  0.5512320000000  0.4662470000000  0.4353980000000 1.0
C      1  0.4662470000000  0.4353980000000  0.5512320000000 1.0
C      1  0.4353980000000  0.5512320000000  0.4662470000000 1.0
C      1  0.4487680000000  0.5337530000000  0.4353980000000 1.0
C      1  0.5512320000000  0.5337530000000  0.5646020000000 1.0
C      1  0.4487680000000  0.4662470000000  0.5646020000000 1.0
C      1  0.5337530000000  0.5646020000000  0.5512320000000 1.0
C      1  0.4662470000000  0.5646020000000  0.4487680000000 1.0
C      1  0.5337530000000  0.4353980000000  0.4487680000000 1.0
C      1  0.5646020000000  0.4487680000000  0.4662470000000 1.0
C      1  0.4353980000000  0.4487680000000  0.5337530000000 1.0
C      1  0.5646020000000  0.5512320000000  0.5337530000000 1.0
C      1  0.5512320000000  0.4662470000000  0.5646020000000 1.0
C      1  0.4662470000000  0.4353980000000  0.4487680000000 1.0
C      1  0.4353980000000  0.5512320000000  0.5337530000000 1.0
C      1  0.4487680000000  0.5337530000000  0.5646020000000 1.0
C      1  0.5512320000000  0.5337530000000  0.4353980000000 1.0
C      1  0.4487680000000  0.4662470000000  0.4353980000000 1.0
C      1  0.5337530000000  0.5646020000000  0.4487680000000 1.0
C      1  0.4662470000000  0.5646020000000  0.5512320000000 1.0
C      1  0.5337530000000  0.4353980000000  0.5512320000000 1.0
C      1  0.5646020000000  0.4487680000000  0.5337530000000 1.0
C      1  0.4353980000000  0.4487680000000  0.4662470000000 1.0
C      1  0.5646020000000  0.5512320000000  0.4662470000000 1.0
C      1  0.5787440000000  0.4841280000000  0.4787300000000 1.0
C      1  0.4841280000000  0.4787300000000  0.5787440000000 1.0
C      1  0.4787300000000  0.5787440000000  0.4841280000000 1.0
C      1  0.4212560000000  0.5158720000000  0.4787300000000 1.0
C      1  0.5787440000000  0.5158720000000  0.5212700000000 1.0
C      1  0.4212560000000  0.4841280000000  0.5212700000000 1.0
C      1  0.5158720000000  0.5212700000000  0.5787440000000 1.0
C      1  0.4841280000000  0.5212700000000  0.4212560000000 1.0
C      1  0.5158720000000  0.4787300000000  0.4212560000000 1.0
C      1  0.5212700000000  0.4212560000000  0.4841280000000 1.0
C      1  0.4787300000000  0.4212560000000  0.5158720000000 1.0
C      1  0.5212700000000  0.5787440000000  0.5158720000000 1.0
C      1  0.5787440000000  0.4841280000000  0.5212700000000 1.0
C      1  0.4841280000000  0.4787300000000  0.4212560000000 1.0
C      1  0.4787300000000  0.5787440000000  0.5158720000000 1.0
C      1  0.4212560000000  0.5158720000000  0.5212700000000 1.0
C      1  0.5787440000000  0.5158720000000  0.4787300000000 1.0
C      1  0.4212560000000  0.4841280000000  0.4787300000000 1.0
C      1  0.5158720000000  0.5212700000000  0.4212560000000 1.0
C      1  0.4841280000000  0.5212700000000  0.5787440000000 1.0
C      1  0.5158720000000  0.4787300000000  0.5787440000000 1.0
C      1  0.5212700000000  0.4212560000000  0.5158720000000 1.0
C      1  0.4787300000000  0.4212560000000  0.4841280000000 1.0
C      1  0.5212700000000  0.5787440000000  0.4841280000000 1.0
C      1  0.5498780000000  0.4722410000000  0.4584690000000 1.0
C      1  0.4722410000000  0.4584690000000  0.5498780000000 1.0
C      1  0.4584690000000  0.5498780000000  0.4722410000000 1.0
C      1  0.4501220000000  0.5277590000000  0.4584690000000 1.0
C      1  0.5498780000000  0.5277590000000  0.5415310000000 1.0
C      1  0.4501220000000  0.4722410000000  0.5415310000000 1.0
C      1  0.5277590000000  0.5415310000000  0.5498780000000 1.0
C      1  0.4722410000000  0.5415310000000  0.4501220000000 1.0
C      1  0.5277590000000  0.4584690000000  0.4501220000000 1.0
C      1  0.5415310000000  0.4501220000000  0.4722410000000 1.0
C      1  0.4584690000000  0.4501220000000  0.5277590000000 1.0
C      1  0.5415310000000  0.5498780000000  0.5277590000000 1.0
C      1  0.5498780000000  0.4722410000000  0.5415310000000 1.0
C      1  0.4722410000000  0.4584690000000  0.4501220000000 1.0
C      1  0.4584690000000  0.5498780000000  0.5277590000000 1.0
C      1  0.4501220000000  0.5277590000000  0.5415310000000 1.0
C      1  0.5498780000000  0.5277590000000  0.4584690000000 1.0
C      1  0.4501220000000  0.4722410000000  0.4584690000000 1.0
C      1  0.5277590000000  0.5415310000000  0.4501220000000 1.0
C      1  0.4722410000000  0.5415310000000  0.5498780000000 1.0
C      1  0.5277590000000  0.4584690000000  0.5498780000000 1.0
C      1  0.5415310000000  0.4501220000000  0.5277590000000 1.0
C      1  0.4584690000000  0.4501220000000  0.4722410000000 1.0
C      1  0.5415310000000  0.5498780000000  0.4722410000000 1.0
C      1  0.4489570000000  0.4803770000000  0.5687690000000 1.0
C      1  0.4803770000000  0.5687690000000  0.4489570000000 1.0
C      1  0.5687690000000  0.4489570000000  0.4803770000000 1.0
C      1  0.5510430000000  0.5196230000000  0.5687690000000 1.0
C      1  0.4489570000000  0.5196230000000  0.4312310000000 1.0
C      1  0.5510430000000  0.4803770000000  0.4312310000000 1.0
C      1  0.5196230000000  0.4312310000000  0.4489570000000 1.0
C      1  0.4803770000000  0.4312310000000  0.5510430000000 1.0
C      1  0.5196230000000  0.5687690000000  0.5510430000000 1.0
C      1  0.4312310000000  0.5510430000000  0.4803770000000 1.0
C      1  0.5687690000000  0.5510430000000  0.5196230000000 1.0
C      1  0.4312310000000  0.4489570000000  0.5196230000000 1.0
C      1  0.4489570000000  0.4803770000000  0.4312310000000 1.0
C      1  0.4803770000000  0.5687690000000  0.5510430000000 1.0
C      1  0.5687690000000  0.4489570000000  0.5196230000000 1.0
C      1  0.5510430000000  0.5196230000000  0.4312310000000 1.0
C      1  0.4489570000000  0.5196230000000  0.5687690000000 1.0
C      1  0.5510430000000  0.4803770000000  0.5687690000000 1.0
C      1  0.5196230000000  0.4312310000000  0.5510430000000 1.0
C      1  0.4803770000000  0.4312310000000  0.4489570000000 1.0
C      1  0.5196230000000  0.5687690000000  0.4489570000000 1.0
C      1  0.4312310000000  0.5510430000000  0.5196230000000 1.0
C      1  0.5687690000000  0.5510430000000  0.4803770000000 1.0
C      1  0.4312310000000  0.4489570000000  0.4803770000000 1.0
C      1  0.5395380000000  0.5769660000000  0.5298180000000 1.0
C      1  0.5769660000000  0.5298180000000  0.5395380000000 1.0
C      1  0.5298180000000  0.5395380000000  0.5769660000000 1.0
C      1  0.4604620000000  0.4230340000000  0.5298180000000 1.0
C      1  0.5395380000000  0.4230340000000  0.4701820000000 1.0
C      1  0.4604620000000  0.5769660000000  0.4701820000000 1.0
C      1  0.4230340000000  0.4701820000000  0.5395380000000 1.0
C      1  0.5769660000000  0.4701820000000  0.4604620000000 1.0
C      1  0.4230340000000  0.5298180000000  0.4604620000000 1.0
C      1  0.4701820000000  0.4604620000000  0.5769660000000 1.0
C      1  0.5298180000000  0.4604620000000  0.4230340000000 1.0
C      1  0.4701820000000  0.5395380000000  0.4230340000000 1.0
C      1  0.5395380000000  0.5769660000000  0.4701820000000 1.0
C      1  0.5769660000000  0.5298180000000  0.4604620000000 1.0
C      1  0.5298180000000  0.5395380000000  0.4230340000000 1.0
C      1  0.4604620000000  0.4230340000000  0.4701820000000 1.0
C      1  0.5395380000000  0.4230340000000  0.5298180000000 1.0
C      1  0.4604620000000  0.5769660000000  0.5298180000000 1.0
C      1  0.4230340000000  0.4701820000000  0.4604620000000 1.0
C      1  0.5769660000000  0.4701820000000  0.5395380000000 1.0
C      1  0.4230340000000  0.5298180000000  0.5395380000000 1.0
C      1  0.4701820000000  0.4604620000000  0.4230340000000 1.0
C      1  0.5298180000000  0.4604620000000  0.5769660000000 1.0
C      1  0.4701820000000  0.5395380000000  0.5769660000000 1.0
C      1  0.5134780000000  0.4541120000000  0.5475920000000 1.0
C      1  0.4541120000000  0.5475920000000  0.5134780000000 1.0
C      1  0.5475920000000  0.5134780000000  0.4541120000000 1.0
C      1  0.4865220000000  0.5458880000000  0.5475920000000 1.0
C      1  0.5134780000000  0.5458880000000  0.4524080000000 1.0
C      1  0.4865220000000  0.4541120000000  0.4524080000000 1.0
C      1  0.5458880000000  0.4524080000000  0.5134780000000 1.0
C      1  0.4541120000000  0.4524080000000  0.4865220000000 1.0
C      1  0.5458880000000  0.5475920000000  0.4865220000000 1.0
C      1  0.4524080000000  0.4865220000000  0.4541120000000 1.0
C      1  0.5475920000000  0.4865220000000  0.5458880000000 1.0
C      1  0.4524080000000  0.5134780000000  0.5458880000000 1.0
C      1  0.5134780000000  0.4541120000000  0.4524080000000 1.0
C      1  0.4541120000000  0.5475920000000  0.4865220000000 1.0
C      1  0.5475920000000  0.5134780000000  0.5458880000000 1.0
C      1  0.4865220000000  0.5458880000000  0.4524080000000 1.0
C      1  0.5134780000000  0.5458880000000  0.5475920000000 1.0
C      1  0.4865220000000  0.4541120000000  0.5475920000000 1.0
C      1  0.5458880000000  0.4524080000000  0.4865220000000 1.0
C      1  0.4541120000000  0.4524080000000  0.5134780000000 1.0
C      1  0.5458880000000  0.5475920000000  0.5134780000000 1.0
C      1  0.4524080000000  0.4865220000000  0.5458880000000 1.0
C      1  0.5475920000000  0.4865220000000  0.4541120000000 1.0
C      1  0.4524080000000  0.5134780000000  0.4541120000000 1.0
C      1  0.4675200000000  0.5810260000000  0.5071360000000 1.0
C      1  0.5810260000000  0.5071360000000  0.4675200000000 1.0
C      1  0.5071360000000  0.4675200000000  0.5810260000000 1.0
C      1  0.5324800000000  0.4189740000000  0.5071360000000 1.0
C      1  0.4675200000000  0.4189740000000  0.4928640000000 1.0
C      1  0.5324800000000  0.5810260000000  0.4928640000000 1.0
C      1  0.4189740000000  0.4928640000000  0.4675200000000 1.0
C      1  0.5810260000000  0.4928640000000  0.5324800000000 1.0
C      1  0.4189740000000  0.5071360000000  0.5324800000000 1.0
C      1  0.4928640000000  0.5324800000000  0.5810260000000 1.0
C      1  0.5071360000000  0.5324800000000  0.4189740000000 1.0
C      1  0.4928640000000  0.4675200000000  0.4189740000000 1.0
C      1  0.4675200000000  0.5810260000000  0.4928640000000 1.0
C      1  0.5810260000000  0.5071360000000  0.5324800000000 1.0
C      1  0.5071360000000  0.4675200000000  0.4189740000000 1.0
C      1  0.5324800000000  0.4189740000000  0.4928640000000 1.0
C      1  0.4675200000000  0.4189740000000  0.5071360000000 1.0
C      1  0.5324800000000  0.5810260000000  0.5071360000000 1.0
C      1  0.4189740000000  0.4928640000000  0.5324800000000 1.0
C      1  0.5810260000000  0.4928640000000  0.4675200000000 1.0
C      1  0.4189740000000  0.5071360000000  0.4675200000000 1.0
C      1  0.4928640000000  0.5324800000000  0.4189740000000 1.0
C      1  0.5071360000000  0.5324800000000  0.5810260000000 1.0
C      1  0.4928640000000  0.4675200000000  0.5810260000000 1.0
C      1  0.4771840000000  0.4453250000000  0.5144330000000 1.0
C      1  0.4453250000000  0.5144330000000  0.4771840000000 1.0
C      1  0.5144330000000  0.4771840000000  0.4453250000000 1.0
C      1  0.5228160000000  0.5546750000000  0.5144330000000 1.0
C      1  0.4771840000000  0.5546750000000  0.4855670000000 1.0
C      1  0.5228160000000  0.4453250000000  0.4855670000000 1.0
C      1  0.5546750000000  0.4855670000000  0.4771840000000 1.0
C      1  0.4453250000000  0.4855670000000  0.5228160000000 1.0
C      1  0.5546750000000  0.5144330000000  0.5228160000000 1.0
C      1  0.4855670000000  0.5228160000000  0.4453250000000 1.0
C      1  0.5144330000000  0.5228160000000  0.5546750000000 1.0
C      1  0.4855670000000  0.4771840000000  0.5546750000000 1.0
C      1  0.4771840000000  0.4453250000000  0.4855670000000 1.0
C      1  0.4453250000000  0.5144330000000  0.5228160000000 1.0
C      1  0.5144330000000  0.4771840000000  0.5546750000000 1.0
C      1  0.5228160000000  0.5546750000000  0.4855670000000 1.0
C      1  0.4771840000000  0.5546750000000  0.5144330000000 1.0
C      1  0.5228160000000  0.4453250000000  0.5144330000000 1.0
C      1  0.5546750000000  0.4855670000000  0.5228160000000 1.0
C      1  0.4453250000000  0.4855670000000  0.4771840000000 1.0
C      1  0.5546750000000  0.5144330000000  0.4771840000000 1.0
C      1  0.4855670000000  0.5228160000000  0.5546750000000 1.0
C      1  0.5144330000000  0.5228160000000  0.4453250000000 1.0
C      1  0.4855670000000  0.4771840000000  0.4453250000000 1.0
C      1  0.4743710000000  0.5798920000000  0.5298310000000 1.0
C      1  0.5798920000000  0.5298310000000  0.4743710000000 1.0
C      1  0.5298310000000  0.4743710000000  0.5798920000000 1.0
C      1  0.5256290000000  0.4201080000000  0.5298310000000 1.0
C      1  0.4743710000000  0.4201080000000  0.4701690000000 1.0
C      1  0.5256290000000  0.5798920000000  0.4701690000000 1.0
C      1  0.4201080000000  0.4701690000000  0.4743710000000 1.0
C      1  0.5798920000000  0.4701690000000  0.5256290000000 1.0
C      1  0.4201080000000  0.5298310000000  0.5256290000000 1.0
C      1  0.4701690000000  0.5256290000000  0.5798920000000 1.0
C      1  0.5298310000000  0.5256290000000  0.4201080000000 1.0
C      1  0.4701690000000  0.4743710000000  0.4201080000000 1.0
C      1  0.4743710000000  0.5798920000000  0.4701690000000 1.0
C      1  0.5798920000000  0.5298310000000  0.5256290000000 1.0
C      1  0.5298310000000  0.4743710000000  0.4201080000000 1.0
C      1  0.5256290000000  0.4201080000000  0.4701690000000 1.0
C      1  0.4743710000000  0.4201080000000  0.5298310000000 1.0
C      1  0.5256290000000  0.5798920000000  0.5298310000000 1.0
C      1  0.4201080000000  0.4701690000000  0.5256290000000 1.0
C      1  0.5798920000000  0.4701690000000  0.4743710000000 1.0
C      1  0.4201080000000  0.5298310000000  0.4743710000000 1.0
C      1  0.4701690000000  0.5256290000000  0.4201080000000 1.0
C      1  0.5298310000000  0.5256290000000  0.5798920000000 1.0
C      1  0.4701690000000  0.4743710000000  0.5798920000000 1.0
C      1  0.4859450000000  0.5661260000000  0.5159070000000 1.0
C      1  0.5661260000000  0.5159070000000  0.4859450000000 1.0
C      1  0.5159070000000  0.4859450000000  0.5661260000000 1.0
C      1  0.5140550000000  0.4338740000000  0.5159070000000 1.0
C      1  0.4859450000000  0.4338740000000  0.4840930000000 1.0
C      1  0.5140550000000  0.5661260000000  0.4840930000000 1.0
C      1  0.4338740000000  0.4840930000000  0.4859450000000 1.0
C      1  0.5661260000000  0.4840930000000  0.5140550000000 1.0
C      1  0.4338740000000  0.5159070000000  0.5140550000000 1.0
C      1  0.4840930000000  0.5140550000000  0.5661260000000 1.0
C      1  0.5159070000000  0.5140550000000  0.4338740000000 1.0
C      1  0.4840930000000  0.4859450000000  0.4338740000000 1.0
C      1  0.4859450000000  0.5661260000000  0.4840930000000 1.0
C      1  0.5661260000000  0.5159070000000  0.5140550000000 1.0
C      1  0.5159070000000  0.4859450000000  0.4338740000000 1.0
C      1  0.5140550000000  0.4338740000000  0.4840930000000 1.0
C      1  0.4859450000000  0.4338740000000  0.5159070000000 1.0
C      1  0.5140550000000  0.5661260000000  0.5159070000000 1.0
C      1  0.4338740000000  0.4840930000000  0.5140550000000 1.0
C      1  0.5661260000000  0.4840930000000  0.4859450000000 1.0
C      1  0.4338740000000  0.5159070000000  0.4859450000000 1.0
C      1  0.4840930000000  0.5140550000000  0.4338740000000 1.0
C      1  0.5159070000000  0.5140550000000  0.5661260000000 1.0
C      1  0.4840930000000  0.4859450000000  0.5661260000000 1.0
C      1  0.5075520000000  0.4359070000000  0.5298250000000 1.0
C      1  0.4359070000000  0.5298250000000  0.5075520000000 1.0
C      1  0.5298250000000  0.5075520000000  0.4359070000000 1.0
C      1  0.4924480000000  0.5640930000000  0.5298250000000 1.0
C      1  0.5075520000000  0.5640930000000  0.4701750000000 1.0
C      1  0.4924480000000  0.4359070000000  0.4701750000000 1.0
C      1  0.5640930000000  0.4701750000000  0.5075520000000 1.0
C      1  0.4359070000000  0.4701750000000  0.4924480000000 1.0
C      1  0.5640930000000  0.5298250000000  0.4924480000000 1.0
C      1  0.4701750000000  0.4924480000000  0.4359070000000 1.0
C      1  0.5298250000000  0.4924480000000  0.5640930000000 1.0
C      1  0.4701750000000  0.5075520000000  0.5640930000000 1.0
C      1  0.5075520000000  0.4359070000000  0.4701750000000 1.0
C      1  0.4359070000000  0.5298250000000  0.4924480000000 1.0
C      1  0.5298250000000  0.5075520000000  0.5640930000000 1.0
C      1  0.4924480000000  0.5640930000000  0.4701750000000 1.0
C      1  0.5075520000000  0.5640930000000  0.5298250000000 1.0
C      1  0.4924480000000  0.4359070000000  0.5298250000000 1.0
C      1  0.5640930000000  0.4701750000000  0.4924480000000 1.0
C      1  0.4359070000000  0.4701750000000  0.5075520000000 1.0
C      1  0.5640930000000  0.5298250000000  0.5075520000000 1.0
C      1  0.4701750000000  0.4924480000000  0.5640930000000 1.0
C      1  0.5298250000000  0.4924480000000  0.4359070000000 1.0
C      1  0.4701750000000  0.5075520000000  0.4359070000000 1.0
C      1  0.5439040000000  0.4229430000000  0.4846990000000 1.0
C      1  0.4229430000000  0.4846990000000  0.5439040000000 1.0
C      1  0.4846990000000  0.5439040000000  0.4229430000000 1.0
C      1  0.4560960000000  0.5770570000000  0.4846990000000 1.0
C      1  0.5439040000000  0.5770570000000  0.5153010000000 1.0
C      1  0.4560960000000  0.4229430000000  0.5153010000000 1.0
C      1  0.5770570000000  0.5153010000000  0.5439040000000 1.0
C      1  0.4229430000000  0.5153010000000  0.4560960000000 1.0
C      1  0.5770570000000  0.4846990000000  0.4560960000000 1.0
C      1  0.5153010000000  0.4560960000000  0.4229430000000 1.0
C      1  0.4846990000000  0.4560960000000  0.5770570000000 1.0
C      1  0.5153010000000  0.5439040000000  0.5770570000000 1.0
C      1  0.5439040000000  0.4229430000000  0.5153010000000 1.0
C      1  0.4229430000000  0.4846990000000  0.4560960000000 1.0
C      1  0.4846990000000  0.5439040000000  0.5770570000000 1.0
C      1  0.4560960000000  0.5770570000000  0.5153010000000 1.0
C      1  0.5439040000000  0.5770570000000  0.4846990000000 1.0
C      1  0.4560960000000  0.4229430000000  0.4846990000000 1.0
C      1  0.5770570000000  0.5153010000000  0.4560960000000 1.0
C      1  0.4229430000000  0.5153010000000  0.5439040000000 1.0
C      1  0.5770570000000  0.4846990000000  0.5439040000000 1.0
C      1  0.5153010000000  0.4560960000000  0.5770570000000 1.0
C      1  0.4846990000000  0.4560960000000  0.4229430000000 1.0
C      1  0.5153010000000  0.5439040000000  0.4229430000000 1.0
C      1  0.4427920000000  0.5355720000000  0.5513490000000 1.0
C      1  0.5355720000000  0.5513490000000  0.4427920000000 1.0
C      1  0.5513490000000  0.4427920000000  0.5355720000000 1.0
C      1  0.5572080000000  0.4644280000000  0.5513490000000 1.0
C      1  0.4427920000000  0.4644280000000  0.4486510000000 1.0
C      1  0.5572080000000  0.5355720000000  0.4486510000000 1.0
C      1  0.4644280000000  0.4486510000000  0.4427920000000 1.0
C      1  0.5355720000000  0.4486510000000  0.5572080000000 1.0
C      1  0.4644280000000  0.5513490000000  0.5572080000000 1.0
C      1  0.4486510000000  0.5572080000000  0.5355720000000 1.0
C      1  0.5513490000000  0.5572080000000  0.4644280000000 1.0
C      1  0.4486510000000  0.4427920000000  0.4644280000000 1.0
C      1  0.4427920000000  0.5355720000000  0.4486510000000 1.0
C      1  0.5355720000000  0.5513490000000  0.5572080000000 1.0
C      1  0.5513490000000  0.4427920000000  0.4644280000000 1.0
C      1  0.5572080000000  0.4644280000000  0.4486510000000 1.0
C      1  0.4427920000000  0.4644280000000  0.5513490000000 1.0
C      1  0.5572080000000  0.5355720000000  0.5513490000000 1.0
C      1  0.4644280000000  0.4486510000000  0.5572080000000 1.0
C      1  0.5355720000000  0.4486510000000  0.4427920000000 1.0
C      1  0.4644280000000  0.5513490000000  0.4427920000000 1.0
C      1  0.4486510000000  0.5572080000000  0.4644280000000 1.0
C      1  0.5513490000000  0.5572080000000  0.5355720000000 1.0
C      1  0.4486510000000  0.4427920000000  0.5355720000000 1.0
C      1  0.5085720000000  0.5588720000000  0.4435040000000 1.0
C      1  0.5588720000000  0.4435040000000  0.5085720000000 1.0
C      1  0.4435040000000  0.5085720000000  0.5588720000000 1.0
C      1  0.4914280000000  0.4411280000000  0.4435040000000 1.0
C      1  0.5085720000000  0.4411280000000  0.5564960000000 1.0
C      1  0.4914280000000  0.5588720000000  0.5564960000000 1.0
C      1  0.4411280000000  0.5564960000000  0.5085720000000 1.0
C      1  0.5588720000000  0.5564960000000  0.4914280000000 1.0
C      1  0.4411280000000  0.4435040000000  0.4914280000000 1.0
C      1  0.5564960000000  0.4914280000000  0.5588720000000 1.0
C      1  0.4435040000000  0.4914280000000  0.4411280000000 1.0
C      1  0.5564960000000  0.5085720000000  0.4411280000000 1.0
C      1  0.5085720000000  0.5588720000000  0.5564960000000 1.0
C      1  0.5588720000000  0.4435040000000  0.4914280000000 1.0
C      1  0.4435040000000  0.5085720000000  0.4411280000000 1.0
C      1  0.4914280000000  0.4411280000000  0.5564960000000 1.0
C      1  0.5085720000000  0.4411280000000  0.4435040000000 1.0
C      1  0.4914280000000  0.5588720000000  0.4435040000000 1.0
C      1  0.4411280000000  0.5564960000000  0.4914280000000 1.0
C      1  0.5588720000000  0.5564960000000  0.5085720000000 1.0
C      1  0.4411280000000  0.4435040000000  0.5085720000000 1.0
C      1  0.5564960000000  0.4914280000000  0.4411280000000 1.0
C      1  0.4435040000000  0.4914280000000  0.5588720000000 1.0
C      1  0.5564960000000  0.5085720000000  0.5588720000000 1.0
C      1  0.5435090000000  0.5684980000000  0.4590430000000 1.0
C      1  0.5684980000000  0.4590430000000  0.5435090000000 1.0
C      1  0.4590430000000  0.5435090000000  0.5684980000000 1.0
C      1  0.4564910000000  0.4315020000000  0.4590430000000 1.0
C      1  0.5435090000000  0.4315020000000  0.5409570000000 1.0
C      1  0.4564910000000  0.5684980000000  0.5409570000000 1.0
C      1  0.4315020000000  0.5409570000000  0.5435090000000 1.0
C      1  0.5684980000000  0.5409570000000  0.4564910000000 1.0
C      1  0.4315020000000  0.4590430000000  0.4564910000000 1.0
C      1  0.5409570000000  0.4564910000000  0.5684980000000 1.0
C      1  0.4590430000000  0.4564910000000  0.4315020000000 1.0
C      1  0.5409570000000  0.5435090000000  0.4315020000000 1.0
C      1  0.5435090000000  0.5684980000000  0.5409570000000 1.0
C      1  0.5684980000000  0.4590430000000  0.4564910000000 1.0
C      1  0.4590430000000  0.5435090000000  0.4315020000000 1.0
C      1  0.4564910000000  0.4315020000000  0.5409570000000 1.0
C      1  0.5435090000000  0.4315020000000  0.4590430000000 1.0
C      1  0.4564910000000  0.5684980000000  0.4590430000000 1.0
C      1  0.4315020000000  0.5409570000000  0.4564910000000 1.0
C      1  0.5684980000000  0.5409570000000  0.5435090000000 1.0
C      1  0.4315020000000  0.4590430000000  0.5435090000000 1.0
C      1  0.5409570000000  0.4564910000000  0.4315020000000 1.0
C      1  0.4590430000000  0.4564910000000  0.5684980000000 1.0
C      1  0.5409570000000  0.5435090000000  0.5684980000000 1.0
C      1  0.5072130000000  0.5541120000000  0.4291430000000 1.0
C      1  0.5541120000000  0.4291430000000  0.5072130000000 1.0
C      1  0.4291430000000  0.5072130000000  0.5541120000000 1.0
C      1  0.4927870000000  0.4458880000000  0.4291430000000 1.0
C      1  0.5072130000000  0.4458880000000  0.5708570000000 1.0
C      1  0.4927870000000  0.5541120000000  0.5708570000000 1.0
C      1  0.4458880000000  0.5708570000000  0.5072130000000 1.0
C      1  0.5541120000000  0.5708570000000  0.4927870000000 1.0
C      1  0.4458880000000  0.4291430000000  0.4927870000000 1.0
C      1  0.5708570000000  0.4927870000000  0.5541120000000 1.0
C      1  0.4291430000000  0.4927870000000  0.4458880000000 1.0
C      1  0.5708570000000  0.5072130000000  0.4458880000000 1.0
C      1  0.5072130000000  0.5541120000000  0.5708570000000 1.0
C      1  0.5541120000000  0.4291430000000  0.4927870000000 1.0
C      1  0.4291430000000  0.5072130000000  0.4458880000000 1.0
C      1  0.4927870000000  0.4458880000000  0.5708570000000 1.0
C      1  0.5072130000000  0.4458880000000  0.4291430000000 1.0
C      1  0.4927870000000  0.5541120000000  0.4291430000000 1.0
C      1  0.4458880000000  0.5708570000000  0.4927870000000 1.0
C      1  0.5541120000000  0.5708570000000  0.5072130000000 1.0
C      1  0.4458880000000  0.4291430000000  0.5072130000000 1.0
C      1  0.5708570000000  0.4927870000000  0.4458880000000 1.0
C      1  0.4291430000000  0.4927870000000  0.5541120000000 1.0
C      1  0.5708570000000  0.5072130000000  0.5541120000000 1.0
C      1  0.5066240000000  0.4671720000000  0.5497030000000 1.0
C      1  0.4671720000000  0.5497030000000  0.5066240000000 1.0
C      1  0.5497030000000  0.5066240000000  0.4671720000000 1.0
C      1  0.4933760000000  0.5328280000000  0.5497030000000 1.0
C      1  0.5066240000000  0.5328280000000  0.4502970000000 1.0
C      1  0.4933760000000  0.4671720000000  0.4502970000000 1.0
C      1  0.5328280000000  0.4502970000000  0.5066240000000 1.0
C      1  0.4671720000000  0.4502970000000  0.4933760000000 1.0
C      1  0.5328280000000  0.5497030000000  0.4933760000000 1.0
C      1  0.4502970000000  0.4933760000000  0.4671720000000 1.0
C      1  0.5497030000000  0.4933760000000  0.5328280000000 1.0
C      1  0.4502970000000  0.5066240000000  0.5328280000000 1.0
C      1  0.5066240000000  0.4671720000000  0.4502970000000 1.0
C      1  0.4671720000000  0.5497030000000  0.4933760000000 1.0
C      1  0.5497030000000  0.5066240000000  0.5328280000000 1.0
C      1  0.4933760000000  0.5328280000000  0.4502970000000 1.0
C      1  0.5066240000000  0.5328280000000  0.5497030000000 1.0
C      1  0.4933760000000  0.4671720000000  0.5497030000000 1.0
C      1  0.5328280000000  0.4502970000000  0.4933760000000 1.0
C      1  0.4671720000000  0.4502970000000  0.5066240000000 1.0
C      1  0.5328280000000  0.5497030000000  0.5066240000000 1.0
C      1  0.4502970000000  0.4933760000000  0.5328280000000 1.0
C      1  0.5497030000000  0.4933760000000  0.4671720000000 1.0
C      1  0.4502970000000  0.5066240000000  0.4671720000000 1.0
END
