TITL C-1379266-1300-169 2.5467485526079e-06 1000000 -4979.15756894024 0 0 720 (Th) n - 1
REM
REM in /nfs/bkarasulu/CARBON/AIRSS/Generating-Clusters/GAP-ML-2020/Higher-Symm/Selected-Sizes/TryA-Only_Ih-Symm/Larger-Clusters/Try2-MINAMP_6A
REM
REM
REM
REM
REM
REM ./C.cell (31579ac4e95a012ec27f3239692ae8a5)
REM
REM compiler GCC version 9.2.1 20190827 (Red Hat 9.2.1-1)
REM options -cpp -mtune=generic -march=x86-64 -g -O0 -fpre-include=/usr/include/finclude/math-vector-fortran.h
REM seed 1114646700 -547392419 -1712857027 -1822899533 -690568930 1792037237 2107889599 723627425 1101657312 -1983871143 783698936 1362139235 549837799 -1027270855 1892079976 -1171180575 -585805585 1320605742 -223306782 -427704828 -365840124 -1884333926 850997937 -687203786 1851408111 1396712191 -456720631 343206878 1587841240 -1928969060 -1434368854 -373087914 -181282902
REM
CELL 1.54180  100.00000  100.00000  100.00000   90.00000   90.00000   90.00000
LATT -1
SFAC C  
C      1  0.4328810000000  0.5337360000000  0.4876980000000 1.0
C      1  0.5337360000000  0.4876980000000  0.4328810000000 1.0
C      1  0.4876980000000  0.4328810000000  0.5337360000000 1.0
C      1  0.5671190000000  0.4662640000000  0.4876980000000 1.0
C      1  0.4328810000000  0.4662640000000  0.5123020000000 1.0
C      1  0.5671190000000  0.5337360000000  0.5123020000000 1.0
C      1  0.4662640000000  0.5123020000000  0.4328810000000 1.0
C      1  0.5337360000000  0.5123020000000  0.5671190000000 1.0
C      1  0.4662640000000  0.4876980000000  0.5671190000000 1.0
C      1  0.5123020000000  0.5671190000000  0.5337360000000 1.0
C      1  0.4876980000000  0.5671190000000  0.4662640000000 1.0
C      1  0.5123020000000  0.4328810000000  0.4662640000000 1.0
C      1  0.4328810000000  0.5337360000000  0.5123020000000 1.0
C      1  0.5337360000000  0.4876980000000  0.5671190000000 1.0
C      1  0.4876980000000  0.4328810000000  0.4662640000000 1.0
C      1  0.5671190000000  0.4662640000000  0.5123020000000 1.0
C      1  0.4328810000000  0.4662640000000  0.4876980000000 1.0
C      1  0.5671190000000  0.5337360000000  0.4876980000000 1.0
C      1  0.4662640000000  0.5123020000000  0.5671190000000 1.0
C      1  0.5337360000000  0.5123020000000  0.4328810000000 1.0
C      1  0.4662640000000  0.4876980000000  0.4328810000000 1.0
C      1  0.5123020000000  0.5671190000000  0.4662640000000 1.0
C      1  0.4876980000000  0.5671190000000  0.5337360000000 1.0
C      1  0.5123020000000  0.4328810000000  0.5337360000000 1.0
C      1  0.5346090000000  0.4497230000000  0.4278900000000 1.0
C      1  0.4497230000000  0.4278900000000  0.5346090000000 1.0
C      1  0.4278900000000  0.5346090000000  0.4497230000000 1.0
C      1  0.4653910000000  0.5502770000000  0.4278900000000 1.0
C      1  0.5346090000000  0.5502770000000  0.5721100000000 1.0
C      1  0.4653910000000  0.4497230000000  0.5721100000000 1.0
C      1  0.5502770000000  0.5721100000000  0.5346090000000 1.0
C      1  0.4497230000000  0.5721100000000  0.4653910000000 1.0
C      1  0.5502770000000  0.4278900000000  0.4653910000000 1.0
C      1  0.5721100000000  0.4653910000000  0.4497230000000 1.0
C      1  0.4278900000000  0.4653910000000  0.5502770000000 1.0
C      1  0.5721100000000  0.5346090000000  0.5502770000000 1.0
C      1  0.5346090000000  0.4497230000000  0.5721100000000 1.0
C      1  0.4497230000000  0.4278900000000  0.4653910000000 1.0
C      1  0.4278900000000  0.5346090000000  0.5502770000000 1.0
C      1  0.4653910000000  0.5502770000000  0.5721100000000 1.0
C      1  0.5346090000000  0.5502770000000  0.4278900000000 1.0
C      1  0.4653910000000  0.4497230000000  0.4278900000000 1.0
C      1  0.5502770000000  0.5721100000000  0.4653910000000 1.0
C      1  0.4497230000000  0.5721100000000  0.5346090000000 1.0
C      1  0.5502770000000  0.4278900000000  0.5346090000000 1.0
C      1  0.5721100000000  0.4653910000000  0.5502770000000 1.0
C      1  0.4278900000000  0.4653910000000  0.4497230000000 1.0
C      1  0.5721100000000  0.5346090000000  0.4497230000000 1.0
C      1  0.5163810000000  0.4659690000000  0.5174180000000 1.0
C      1  0.4659690000000  0.5174180000000  0.5163810000000 1.0
C      1  0.5174180000000  0.5163810000000  0.4659690000000 1.0
C      1  0.4836190000000  0.5340310000000  0.5174180000000 1.0
C      1  0.5163810000000  0.5340310000000  0.4825820000000 1.0
C      1  0.4836190000000  0.4659690000000  0.4825820000000 1.0
C      1  0.5340310000000  0.4825820000000  0.5163810000000 1.0
C      1  0.4659690000000  0.4825820000000  0.4836190000000 1.0
C      1  0.5340310000000  0.5174180000000  0.4836190000000 1.0
C      1  0.4825820000000  0.4836190000000  0.4659690000000 1.0
C      1  0.5174180000000  0.4836190000000  0.5340310000000 1.0
C      1  0.4825820000000  0.5163810000000  0.5340310000000 1.0
C      1  0.5163810000000  0.4659690000000  0.4825820000000 1.0
C      1  0.4659690000000  0.5174180000000  0.4836190000000 1.0
C      1  0.5174180000000  0.5163810000000  0.5340310000000 1.0
C      1  0.4836190000000  0.5340310000000  0.4825820000000 1.0
C      1  0.5163810000000  0.5340310000000  0.5174180000000 1.0
C      1  0.4836190000000  0.4659690000000  0.5174180000000 1.0
C      1  0.5340310000000  0.4825820000000  0.4836190000000 1.0
C      1  0.4659690000000  0.4825820000000  0.5163810000000 1.0
C      1  0.5340310000000  0.5174180000000  0.5163810000000 1.0
C      1  0.4825820000000  0.4836190000000  0.5340310000000 1.0
C      1  0.5174180000000  0.4836190000000  0.4659690000000 1.0
C      1  0.4825820000000  0.5163810000000  0.4659690000000 1.0
C      1  0.5070000000000  0.5810370000000  0.5345550000000 1.0
C      1  0.5810370000000  0.5345550000000  0.5070000000000 1.0
C      1  0.5345550000000  0.5070000000000  0.5810370000000 1.0
C      1  0.4930000000000  0.4189630000000  0.5345550000000 1.0
C      1  0.5070000000000  0.4189630000000  0.4654450000000 1.0
C      1  0.4930000000000  0.5810370000000  0.4654450000000 1.0
C      1  0.4189630000000  0.4654450000000  0.5070000000000 1.0
C      1  0.5810370000000  0.4654450000000  0.4930000000000 1.0
C      1  0.4189630000000  0.5345550000000  0.4930000000000 1.0
C      1  0.4654450000000  0.4930000000000  0.5810370000000 1.0
C      1  0.5345550000000  0.4930000000000  0.4189630000000 1.0
C      1  0.4654450000000  0.5070000000000  0.4189630000000 1.0
C      1  0.5070000000000  0.5810370000000  0.4654450000000 1.0
C      1  0.5810370000000  0.5345550000000  0.4930000000000 1.0
C      1  0.5345550000000  0.5070000000000  0.4189630000000 1.0
C      1  0.4930000000000  0.4189630000000  0.4654450000000 1.0
C      1  0.5070000000000  0.4189630000000  0.5345550000000 1.0
C      1  0.4930000000000  0.5810370000000  0.5345550000000 1.0
C      1  0.4189630000000  0.4654450000000  0.4930000000000 1.0
C      1  0.5810370000000  0.4654450000000  0.5070000000000 1.0
C      1  0.4189630000000  0.5345550000000  0.5070000000000 1.0
C      1  0.4654450000000  0.4930000000000  0.4189630000000 1.0
C      1  0.5345550000000  0.4930000000000  0.5810370000000 1.0
C      1  0.4654450000000  0.5070000000000  0.5810370000000 1.0
C      1  0.4476340000000  0.4555010000000  0.5406030000000 1.0
C      1  0.4555010000000  0.5406030000000  0.4476340000000 1.0
C      1  0.5406030000000  0.4476340000000  0.4555010000000 1.0
C      1  0.5523660000000  0.5444990000000  0.5406030000000 1.0
C      1  0.4476340000000  0.5444990000000  0.4593970000000 1.0
C      1  0.5523660000000  0.4555010000000  0.4593970000000 1.0
C      1  0.5444990000000  0.4593970000000  0.4476340000000 1.0
C      1  0.4555010000000  0.4593970000000  0.5523660000000 1.0
C      1  0.5444990000000  0.5406030000000  0.5523660000000 1.0
C      1  0.4593970000000  0.5523660000000  0.4555010000000 1.0
C      1  0.5406030000000  0.5523660000000  0.5444990000000 1.0
C      1  0.4593970000000  0.4476340000000  0.5444990000000 1.0
C      1  0.4476340000000  0.4555010000000  0.4593970000000 1.0
C      1  0.4555010000000  0.5406030000000  0.5523660000000 1.0
C      1  0.5406030000000  0.4476340000000  0.5444990000000 1.0
C      1  0.5523660000000  0.5444990000000  0.4593970000000 1.0
C      1  0.4476340000000  0.5444990000000  0.5406030000000 1.0
C      1  0.5523660000000  0.4555010000000  0.5406030000000 1.0
C      1  0.5444990000000  0.4593970000000  0.5523660000000 1.0
C      1  0.4555010000000  0.4593970000000  0.4476340000000 1.0
C      1  0.5444990000000  0.5406030000000  0.4476340000000 1.0
C      1  0.4593970000000  0.5523660000000  0.5444990000000 1.0
C      1  0.5406030000000  0.5523660000000  0.4555010000000 1.0
C      1  0.4593970000000  0.4476340000000  0.4555010000000 1.0
C      1  0.4732550000000  0.4454540000000  0.5078360000000 1.0
C      1  0.4454540000000  0.5078360000000  0.4732550000000 1.0
C      1  0.5078360000000  0.4732550000000  0.4454540000000 1.0
C      1  0.5267450000000  0.5545460000000  0.5078360000000 1.0
C      1  0.4732550000000  0.5545460000000  0.4921640000000 1.0
C      1  0.5267450000000  0.4454540000000  0.4921640000000 1.0
C      1  0.5545460000000  0.4921640000000  0.4732550000000 1.0
C      1  0.4454540000000  0.4921640000000  0.5267450000000 1.0
C      1  0.5545460000000  0.5078360000000  0.5267450000000 1.0
C      1  0.4921640000000  0.5267450000000  0.4454540000000 1.0
C      1  0.5078360000000  0.5267450000000  0.5545460000000 1.0
C      1  0.4921640000000  0.4732550000000  0.5545460000000 1.0
C      1  0.4732550000000  0.4454540000000  0.4921640000000 1.0
C      1  0.4454540000000  0.5078360000000  0.5267450000000 1.0
C      1  0.5078360000000  0.4732550000000  0.5545460000000 1.0
C      1  0.5267450000000  0.5545460000000  0.4921640000000 1.0
C      1  0.4732550000000  0.5545460000000  0.5078360000000 1.0
C      1  0.5267450000000  0.4454540000000  0.5078360000000 1.0
C      1  0.5545460000000  0.4921640000000  0.5267450000000 1.0
C      1  0.4454540000000  0.4921640000000  0.4732550000000 1.0
C      1  0.5545460000000  0.5078360000000  0.4732550000000 1.0
C      1  0.4921640000000  0.5267450000000  0.5545460000000 1.0
C      1  0.5078360000000  0.5267450000000  0.4454540000000 1.0
C      1  0.4921640000000  0.4732550000000  0.4454540000000 1.0
C      1  0.4636470000000  0.4543220000000  0.4849900000000 1.0
C      1  0.4543220000000  0.4849900000000  0.4636470000000 1.0
C      1  0.4849900000000  0.4636470000000  0.4543220000000 1.0
C      1  0.5363530000000  0.5456780000000  0.4849900000000 1.0
C      1  0.4636470000000  0.5456780000000  0.5150100000000 1.0
C      1  0.5363530000000  0.4543220000000  0.5150100000000 1.0
C      1  0.5456780000000  0.5150100000000  0.4636470000000 1.0
C      1  0.4543220000000  0.5150100000000  0.5363530000000 1.0
C      1  0.5456780000000  0.4849900000000  0.5363530000000 1.0
C      1  0.5150100000000  0.5363530000000  0.4543220000000 1.0
C      1  0.4849900000000  0.5363530000000  0.5456780000000 1.0
C      1  0.5150100000000  0.4636470000000  0.5456780000000 1.0
C      1  0.4636470000000  0.4543220000000  0.5150100000000 1.0
C      1  0.4543220000000  0.4849900000000  0.5363530000000 1.0
C      1  0.4849900000000  0.4636470000000  0.5456780000000 1.0
C      1  0.5363530000000  0.5456780000000  0.5150100000000 1.0
C      1  0.4636470000000  0.5456780000000  0.4849900000000 1.0
C      1  0.5363530000000  0.4543220000000  0.4849900000000 1.0
C      1  0.5456780000000  0.5150100000000  0.5363530000000 1.0
C      1  0.4543220000000  0.5150100000000  0.4636470000000 1.0
C      1  0.5456780000000  0.4849900000000  0.4636470000000 1.0
C      1  0.5150100000000  0.5363530000000  0.5456780000000 1.0
C      1  0.4849900000000  0.5363530000000  0.4543220000000 1.0
C      1  0.5150100000000  0.4636470000000  0.4543220000000 1.0
C      1  0.5071380000000  0.4604360000000  0.4087240000000 1.0
C      1  0.4604360000000  0.4087240000000  0.5071380000000 1.0
C      1  0.4087240000000  0.5071380000000  0.4604360000000 1.0
C      1  0.4928620000000  0.5395640000000  0.4087240000000 1.0
C      1  0.5071380000000  0.5395640000000  0.5912760000000 1.0
C      1  0.4928620000000  0.4604360000000  0.5912760000000 1.0
C      1  0.5395640000000  0.5912760000000  0.5071380000000 1.0
C      1  0.4604360000000  0.5912760000000  0.4928620000000 1.0
C      1  0.5395640000000  0.4087240000000  0.4928620000000 1.0
C      1  0.5912760000000  0.4928620000000  0.4604360000000 1.0
C      1  0.4087240000000  0.4928620000000  0.5395640000000 1.0
C      1  0.5912760000000  0.5071380000000  0.5395640000000 1.0
C      1  0.5071380000000  0.4604360000000  0.5912760000000 1.0
C      1  0.4604360000000  0.4087240000000  0.4928620000000 1.0
C      1  0.4087240000000  0.5071380000000  0.5395640000000 1.0
C      1  0.4928620000000  0.5395640000000  0.5912760000000 1.0
C      1  0.5071380000000  0.5395640000000  0.4087240000000 1.0
C      1  0.4928620000000  0.4604360000000  0.4087240000000 1.0
C      1  0.5395640000000  0.5912760000000  0.4928620000000 1.0
C      1  0.4604360000000  0.5912760000000  0.5071380000000 1.0
C      1  0.5395640000000  0.4087240000000  0.5071380000000 1.0
C      1  0.5912760000000  0.4928620000000  0.5395640000000 1.0
C      1  0.4087240000000  0.4928620000000  0.4604360000000 1.0
C      1  0.5912760000000  0.5071380000000  0.4604360000000 1.0
C      1  0.4362090000000  0.5617920000000  0.4931300000000 1.0
C      1  0.5617920000000  0.4931300000000  0.4362090000000 1.0
C      1  0.4931300000000  0.4362090000000  0.5617920000000 1.0
C      1  0.5637910000000  0.4382080000000  0.4931300000000 1.0
C      1  0.4362090000000  0.4382080000000  0.5068700000000 1.0
C      1  0.5637910000000  0.5617920000000  0.5068700000000 1.0
C      1  0.4382080000000  0.5068700000000  0.4362090000000 1.0
C      1  0.5617920000000  0.5068700000000  0.5637910000000 1.0
C      1  0.4382080000000  0.4931300000000  0.5637910000000 1.0
C      1  0.5068700000000  0.5637910000000  0.5617920000000 1.0
C      1  0.4931300000000  0.5637910000000  0.4382080000000 1.0
C      1  0.5068700000000  0.4362090000000  0.4382080000000 1.0
C      1  0.4362090000000  0.5617920000000  0.5068700000000 1.0
C      1  0.5617920000000  0.4931300000000  0.5637910000000 1.0
C      1  0.4931300000000  0.4362090000000  0.4382080000000 1.0
C      1  0.5637910000000  0.4382080000000  0.5068700000000 1.0
C      1  0.4362090000000  0.4382080000000  0.4931300000000 1.0
C      1  0.5637910000000  0.5617920000000  0.4931300000000 1.0
C      1  0.4382080000000  0.5068700000000  0.5637910000000 1.0
C      1  0.5617920000000  0.5068700000000  0.4362090000000 1.0
C      1  0.4382080000000  0.4931300000000  0.4362090000000 1.0
C      1  0.5068700000000  0.5637910000000  0.4382080000000 1.0
C      1  0.4931300000000  0.5637910000000  0.5617920000000 1.0
C      1  0.5068700000000  0.4362090000000  0.5617920000000 1.0
C      1  0.4643970000000  0.5768760000000  0.4636600000000 1.0
C      1  0.5768760000000  0.4636600000000  0.4643970000000 1.0
C      1  0.4636600000000  0.4643970000000  0.5768760000000 1.0
C      1  0.5356030000000  0.4231240000000  0.4636600000000 1.0
C      1  0.4643970000000  0.4231240000000  0.5363400000000 1.0
C      1  0.5356030000000  0.5768760000000  0.5363400000000 1.0
C      1  0.4231240000000  0.5363400000000  0.4643970000000 1.0
C      1  0.5768760000000  0.5363400000000  0.5356030000000 1.0
C      1  0.4231240000000  0.4636600000000  0.5356030000000 1.0
C      1  0.5363400000000  0.5356030000000  0.5768760000000 1.0
C      1  0.4636600000000  0.5356030000000  0.4231240000000 1.0
C      1  0.5363400000000  0.4643970000000  0.4231240000000 1.0
C      1  0.4643970000000  0.5768760000000  0.5363400000000 1.0
C      1  0.5768760000000  0.4636600000000  0.5356030000000 1.0
C      1  0.4636600000000  0.4643970000000  0.4231240000000 1.0
C      1  0.5356030000000  0.4231240000000  0.5363400000000 1.0
C      1  0.4643970000000  0.4231240000000  0.4636600000000 1.0
C      1  0.5356030000000  0.5768760000000  0.4636600000000 1.0
C      1  0.4231240000000  0.5363400000000  0.5356030000000 1.0
C      1  0.5768760000000  0.5363400000000  0.4643970000000 1.0
C      1  0.4231240000000  0.4636600000000  0.4643970000000 1.0
C      1  0.5363400000000  0.5356030000000  0.4231240000000 1.0
C      1  0.4636600000000  0.5356030000000  0.5768760000000 1.0
C      1  0.5363400000000  0.4643970000000  0.5768760000000 1.0
C      1  0.4875470000000  0.4459320000000  0.5702580000000 1.0
C      1  0.4459320000000  0.5702580000000  0.4875470000000 1.0
C      1  0.5702580000000  0.4875470000000  0.4459320000000 1.0
C      1  0.5124530000000  0.5540680000000  0.5702580000000 1.0
C      1  0.4875470000000  0.5540680000000  0.4297420000000 1.0
C      1  0.5124530000000  0.4459320000000  0.4297420000000 1.0
C      1  0.5540680000000  0.4297420000000  0.4875470000000 1.0
C      1  0.4459320000000  0.4297420000000  0.5124530000000 1.0
C      1  0.5540680000000  0.5702580000000  0.5124530000000 1.0
C      1  0.4297420000000  0.5124530000000  0.4459320000000 1.0
C      1  0.5702580000000  0.5124530000000  0.5540680000000 1.0
C      1  0.4297420000000  0.4875470000000  0.5540680000000 1.0
C      1  0.4875470000000  0.4459320000000  0.4297420000000 1.0
C      1  0.4459320000000  0.5702580000000  0.5124530000000 1.0
C      1  0.5702580000000  0.4875470000000  0.5540680000000 1.0
C      1  0.5124530000000  0.5540680000000  0.4297420000000 1.0
C      1  0.4875470000000  0.5540680000000  0.5702580000000 1.0
C      1  0.5124530000000  0.4459320000000  0.5702580000000 1.0
C      1  0.5540680000000  0.4297420000000  0.5124530000000 1.0
C      1  0.4459320000000  0.4297420000000  0.4875470000000 1.0
C      1  0.5540680000000  0.5702580000000  0.4875470000000 1.0
C      1  0.4297420000000  0.5124530000000  0.5540680000000 1.0
C      1  0.5702580000000  0.5124530000000  0.4459320000000 1.0
C      1  0.4297420000000  0.4875470000000  0.4459320000000 1.0
C      1  0.5394860000000  0.5266730000000  0.5286940000000 1.0
C      1  0.5266730000000  0.5286940000000  0.5394860000000 1.0
C      1  0.5286940000000  0.5394860000000  0.5266730000000 1.0
C      1  0.4605140000000  0.4733270000000  0.5286940000000 1.0
C      1  0.5394860000000  0.4733270000000  0.4713060000000 1.0
C      1  0.4605140000000  0.5266730000000  0.4713060000000 1.0
C      1  0.4733270000000  0.4713060000000  0.5394860000000 1.0
C      1  0.5266730000000  0.4713060000000  0.4605140000000 1.0
C      1  0.4733270000000  0.5286940000000  0.4605140000000 1.0
C      1  0.4713060000000  0.4605140000000  0.5266730000000 1.0
C      1  0.5286940000000  0.4605140000000  0.4733270000000 1.0
C      1  0.4713060000000  0.5394860000000  0.4733270000000 1.0
C      1  0.5394860000000  0.5266730000000  0.4713060000000 1.0
C      1  0.5266730000000  0.5286940000000  0.4605140000000 1.0
C      1  0.5286940000000  0.5394860000000  0.4733270000000 1.0
C      1  0.4605140000000  0.4733270000000  0.4713060000000 1.0
C      1  0.5394860000000  0.4733270000000  0.5286940000000 1.0
C      1  0.4605140000000  0.5266730000000  0.5286940000000 1.0
C      1  0.4733270000000  0.4713060000000  0.4605140000000 1.0
C      1  0.5266730000000  0.4713060000000  0.5394860000000 1.0
C      1  0.4733270000000  0.5286940000000  0.5394860000000 1.0
C      1  0.4713060000000  0.4605140000000  0.4733270000000 1.0
C      1  0.5286940000000  0.4605140000000  0.5266730000000 1.0
C      1  0.4713060000000  0.5394860000000  0.5266730000000 1.0
C      1  0.4640380000000  0.5290290000000  0.5521970000000 1.0
C      1  0.5290290000000  0.5521970000000  0.4640380000000 1.0
C      1  0.5521970000000  0.4640380000000  0.5290290000000 1.0
C      1  0.5359620000000  0.4709710000000  0.5521970000000 1.0
C      1  0.4640380000000  0.4709710000000  0.4478030000000 1.0
C      1  0.5359620000000  0.5290290000000  0.4478030000000 1.0
C      1  0.4709710000000  0.4478030000000  0.4640380000000 1.0
C      1  0.5290290000000  0.4478030000000  0.5359620000000 1.0
C      1  0.4709710000000  0.5521970000000  0.5359620000000 1.0
C      1  0.4478030000000  0.5359620000000  0.5290290000000 1.0
C      1  0.5521970000000  0.5359620000000  0.4709710000000 1.0
C      1  0.4478030000000  0.4640380000000  0.4709710000000 1.0
C      1  0.4640380000000  0.5290290000000  0.4478030000000 1.0
C      1  0.5290290000000  0.5521970000000  0.5359620000000 1.0
C      1  0.5521970000000  0.4640380000000  0.4709710000000 1.0
C      1  0.5359620000000  0.4709710000000  0.4478030000000 1.0
C      1  0.4640380000000  0.4709710000000  0.5521970000000 1.0
C      1  0.5359620000000  0.5290290000000  0.5521970000000 1.0
C      1  0.4709710000000  0.4478030000000  0.5359620000000 1.0
C      1  0.5290290000000  0.4478030000000  0.4640380000000 1.0
C      1  0.4709710000000  0.5521970000000  0.4640380000000 1.0
C      1  0.4478030000000  0.5359620000000  0.4709710000000 1.0
C      1  0.5521970000000  0.5359620000000  0.5290290000000 1.0
C      1  0.4478030000000  0.4640380000000  0.5290290000000 1.0
C      1  0.4519280000000  0.5190950000000  0.4498690000000 1.0
C      1  0.5190950000000  0.4498690000000  0.4519280000000 1.0
C      1  0.4498690000000  0.4519280000000  0.5190950000000 1.0
C      1  0.5480720000000  0.4809050000000  0.4498690000000 1.0
C      1  0.4519280000000  0.4809050000000  0.5501310000000 1.0
C      1  0.5480720000000  0.5190950000000  0.5501310000000 1.0
C      1  0.4809050000000  0.5501310000000  0.4519280000000 1.0
C      1  0.5190950000000  0.5501310000000  0.5480720000000 1.0
C      1  0.4809050000000  0.4498690000000  0.5480720000000 1.0
C      1  0.5501310000000  0.5480720000000  0.5190950000000 1.0
C      1  0.4498690000000  0.5480720000000  0.4809050000000 1.0
C      1  0.5501310000000  0.4519280000000  0.4809050000000 1.0
C      1  0.4519280000000  0.5190950000000  0.5501310000000 1.0
C      1  0.5190950000000  0.4498690000000  0.5480720000000 1.0
C      1  0.4498690000000  0.4519280000000  0.4809050000000 1.0
C      1  0.5480720000000  0.4809050000000  0.5501310000000 1.0
C      1  0.4519280000000  0.4809050000000  0.4498690000000 1.0
C      1  0.5480720000000  0.5190950000000  0.4498690000000 1.0
C      1  0.4809050000000  0.5501310000000  0.5480720000000 1.0
C      1  0.5190950000000  0.5501310000000  0.4519280000000 1.0
C      1  0.4809050000000  0.4498690000000  0.4519280000000 1.0
C      1  0.5501310000000  0.5480720000000  0.4809050000000 1.0
C      1  0.4498690000000  0.5480720000000  0.5190950000000 1.0
C      1  0.5501310000000  0.4519280000000  0.5190950000000 1.0
C      1  0.5670870000000  0.5461250000000  0.4434000000000 1.0
C      1  0.5461250000000  0.4434000000000  0.5670870000000 1.0
C      1  0.4434000000000  0.5670870000000  0.5461250000000 1.0
C      1  0.4329130000000  0.4538750000000  0.4434000000000 1.0
C      1  0.5670870000000  0.4538750000000  0.5566000000000 1.0
C      1  0.4329130000000  0.5461250000000  0.5566000000000 1.0
C      1  0.4538750000000  0.5566000000000  0.5670870000000 1.0
C      1  0.5461250000000  0.5566000000000  0.4329130000000 1.0
C      1  0.4538750000000  0.4434000000000  0.4329130000000 1.0
C      1  0.5566000000000  0.4329130000000  0.5461250000000 1.0
C      1  0.4434000000000  0.4329130000000  0.4538750000000 1.0
C      1  0.5566000000000  0.5670870000000  0.4538750000000 1.0
C      1  0.5670870000000  0.5461250000000  0.5566000000000 1.0
C      1  0.5461250000000  0.4434000000000  0.4329130000000 1.0
C      1  0.4434000000000  0.5670870000000  0.4538750000000 1.0
C      1  0.4329130000000  0.4538750000000  0.5566000000000 1.0
C      1  0.5670870000000  0.4538750000000  0.4434000000000 1.0
C      1  0.4329130000000  0.5461250000000  0.4434000000000 1.0
C      1  0.4538750000000  0.5566000000000  0.4329130000000 1.0
C      1  0.5461250000000  0.5566000000000  0.5670870000000 1.0
C      1  0.4538750000000  0.4434000000000  0.5670870000000 1.0
C      1  0.5566000000000  0.4329130000000  0.4538750000000 1.0
C      1  0.4434000000000  0.4329130000000  0.5461250000000 1.0
C      1  0.5566000000000  0.5670870000000  0.5461250000000 1.0
C      1  0.4709480000000  0.4707530000000  0.4104820000000 1.0
C      1  0.4707530000000  0.4104820000000  0.4709480000000 1.0
C      1  0.4104820000000  0.4709480000000  0.4707530000000 1.0
C      1  0.5290520000000  0.5292470000000  0.4104820000000 1.0
C      1  0.4709480000000  0.5292470000000  0.5895180000000 1.0
C      1  0.5290520000000  0.4707530000000  0.5895180000000 1.0
C      1  0.5292470000000  0.5895180000000  0.4709480000000 1.0
C      1  0.4707530000000  0.5895180000000  0.5290520000000 1.0
C      1  0.5292470000000  0.4104820000000  0.5290520000000 1.0
C      1  0.5895180000000  0.5290520000000  0.4707530000000 1.0
C      1  0.4104820000000  0.5290520000000  0.5292470000000 1.0
C      1  0.5895180000000  0.4709480000000  0.5292470000000 1.0
C      1  0.4709480000000  0.4707530000000  0.5895180000000 1.0
C      1  0.4707530000000  0.4104820000000  0.5290520000000 1.0
C      1  0.4104820000000  0.4709480000000  0.5292470000000 1.0
C      1  0.5290520000000  0.5292470000000  0.5895180000000 1.0
C      1  0.4709480000000  0.5292470000000  0.4104820000000 1.0
C      1  0.5290520000000  0.4707530000000  0.4104820000000 1.0
C      1  0.5292470000000  0.5895180000000  0.5290520000000 1.0
C      1  0.4707530000000  0.5895180000000  0.4709480000000 1.0
C      1  0.5292470000000  0.4104820000000  0.4709480000000 1.0
C      1  0.5895180000000  0.5290520000000  0.5292470000000 1.0
C      1  0.4104820000000  0.5290520000000  0.4707530000000 1.0
C      1  0.5895180000000  0.4709480000000  0.4707530000000 1.0
C      1  0.5265910000000  0.5662340000000  0.4705980000000 1.0
C      1  0.5662340000000  0.4705980000000  0.5265910000000 1.0
C      1  0.4705980000000  0.5265910000000  0.5662340000000 1.0
C      1  0.4734090000000  0.4337660000000  0.4705980000000 1.0
C      1  0.5265910000000  0.4337660000000  0.5294020000000 1.0
C      1  0.4734090000000  0.5662340000000  0.5294020000000 1.0
C      1  0.4337660000000  0.5294020000000  0.5265910000000 1.0
C      1  0.5662340000000  0.5294020000000  0.4734090000000 1.0
C      1  0.4337660000000  0.4705980000000  0.4734090000000 1.0
C      1  0.5294020000000  0.4734090000000  0.5662340000000 1.0
C      1  0.4705980000000  0.4734090000000  0.4337660000000 1.0
C      1  0.5294020000000  0.5265910000000  0.4337660000000 1.0
C      1  0.5265910000000  0.5662340000000  0.5294020000000 1.0
C      1  0.5662340000000  0.4705980000000  0.4734090000000 1.0
C      1  0.4705980000000  0.5265910000000  0.4337660000000 1.0
C      1  0.4734090000000  0.4337660000000  0.5294020000000 1.0
C      1  0.5265910000000  0.4337660000000  0.4705980000000 1.0
C      1  0.4734090000000  0.5662340000000  0.4705980000000 1.0
C      1  0.4337660000000  0.5294020000000  0.4734090000000 1.0
C      1  0.5662340000000  0.5294020000000  0.5265910000000 1.0
C      1  0.4337660000000  0.4705980000000  0.5265910000000 1.0
C      1  0.5294020000000  0.4734090000000  0.4337660000000 1.0
C      1  0.4705980000000  0.4734090000000  0.5662340000000 1.0
C      1  0.5294020000000  0.5265910000000  0.5662340000000 1.0
C      1  0.5188600000000  0.5358490000000  0.5966560000000 1.0
C      1  0.5358490000000  0.5966560000000  0.5188600000000 1.0
C      1  0.5966560000000  0.5188600000000  0.5358490000000 1.0
C      1  0.4811400000000  0.4641510000000  0.5966560000000 1.0
C      1  0.5188600000000  0.4641510000000  0.4033440000000 1.0
C      1  0.4811400000000  0.5358490000000  0.4033440000000 1.0
C      1  0.4641510000000  0.4033440000000  0.5188600000000 1.0
C      1  0.5358490000000  0.4033440000000  0.4811400000000 1.0
C      1  0.4641510000000  0.5966560000000  0.4811400000000 1.0
C      1  0.4033440000000  0.4811400000000  0.5358490000000 1.0
C      1  0.5966560000000  0.4811400000000  0.4641510000000 1.0
C      1  0.4033440000000  0.5188600000000  0.4641510000000 1.0
C      1  0.5188600000000  0.5358490000000  0.4033440000000 1.0
C      1  0.5358490000000  0.5966560000000  0.4811400000000 1.0
C      1  0.5966560000000  0.5188600000000  0.4641510000000 1.0
C      1  0.4811400000000  0.4641510000000  0.4033440000000 1.0
C      1  0.5188600000000  0.4641510000000  0.5966560000000 1.0
C      1  0.4811400000000  0.5358490000000  0.5966560000000 1.0
C      1  0.4641510000000  0.4033440000000  0.4811400000000 1.0
C      1  0.5358490000000  0.4033440000000  0.5188600000000 1.0
C      1  0.4641510000000  0.5966560000000  0.5188600000000 1.0
C      1  0.4033440000000  0.4811400000000  0.4641510000000 1.0
C      1  0.5966560000000  0.4811400000000  0.5358490000000 1.0
C      1  0.4033440000000  0.5188600000000  0.5358490000000 1.0
C      1  0.4851460000000  0.4925110000000  0.4141280000000 1.0
C      1  0.4925110000000  0.4141280000000  0.4851460000000 1.0
C      1  0.4141280000000  0.4851460000000  0.4925110000000 1.0
C      1  0.5148540000000  0.5074890000000  0.4141280000000 1.0
C      1  0.4851460000000  0.5074890000000  0.5858720000000 1.0
C      1  0.5148540000000  0.4925110000000  0.5858720000000 1.0
C      1  0.5074890000000  0.5858720000000  0.4851460000000 1.0
C      1  0.4925110000000  0.5858720000000  0.5148540000000 1.0
C      1  0.5074890000000  0.4141280000000  0.5148540000000 1.0
C      1  0.5858720000000  0.5148540000000  0.4925110000000 1.0
C      1  0.4141280000000  0.5148540000000  0.5074890000000 1.0
C      1  0.5858720000000  0.4851460000000  0.5074890000000 1.0
C      1  0.4851460000000  0.4925110000000  0.5858720000000 1.0
C      1  0.4925110000000  0.4141280000000  0.5148540000000 1.0
C      1  0.4141280000000  0.4851460000000  0.5074890000000 1.0
C      1  0.5148540000000  0.5074890000000  0.5858720000000 1.0
C      1  0.4851460000000  0.5074890000000  0.4141280000000 1.0
C      1  0.5148540000000  0.4925110000000  0.4141280000000 1.0
C      1  0.5074890000000  0.5858720000000  0.5148540000000 1.0
C      1  0.4925110000000  0.5858720000000  0.4851460000000 1.0
C      1  0.5074890000000  0.4141280000000  0.4851460000000 1.0
C      1  0.5858720000000  0.5148540000000  0.5074890000000 1.0
C      1  0.4141280000000  0.5148540000000  0.4925110000000 1.0
C      1  0.5858720000000  0.4851460000000  0.4925110000000 1.0
C      1  0.4366770000000  0.4756990000000  0.4467260000000 1.0
C      1  0.4756990000000  0.4467260000000  0.4366770000000 1.0
C      1  0.4467260000000  0.4366770000000  0.4756990000000 1.0
C      1  0.5633230000000  0.5243010000000  0.4467260000000 1.0
C      1  0.4366770000000  0.5243010000000  0.5532740000000 1.0
C      1  0.5633230000000  0.4756990000000  0.5532740000000 1.0
C      1  0.5243010000000  0.5532740000000  0.4366770000000 1.0
C      1  0.4756990000000  0.5532740000000  0.5633230000000 1.0
C      1  0.5243010000000  0.4467260000000  0.5633230000000 1.0
C      1  0.5532740000000  0.5633230000000  0.4756990000000 1.0
C      1  0.4467260000000  0.5633230000000  0.5243010000000 1.0
C      1  0.5532740000000  0.4366770000000  0.5243010000000 1.0
C      1  0.4366770000000  0.4756990000000  0.5532740000000 1.0
C      1  0.4756990000000  0.4467260000000  0.5633230000000 1.0
C      1  0.4467260000000  0.4366770000000  0.5243010000000 1.0
C      1  0.5633230000000  0.5243010000000  0.5532740000000 1.0
C      1  0.4366770000000  0.5243010000000  0.4467260000000 1.0
C      1  0.5633230000000  0.4756990000000  0.4467260000000 1.0
C      1  0.5243010000000  0.5532740000000  0.5633230000000 1.0
C      1  0.4756990000000  0.5532740000000  0.4366770000000 1.0
C      1  0.5243010000000  0.4467260000000  0.4366770000000 1.0
C      1  0.5532740000000  0.5633230000000  0.5243010000000 1.0
C      1  0.4467260000000  0.5633230000000  0.4756990000000 1.0
C      1  0.5532740000000  0.4366770000000  0.4756990000000 1.0
C      1  0.5894270000000  0.5270820000000  0.4848650000000 1.0
C      1  0.5270820000000  0.4848650000000  0.5894270000000 1.0
C      1  0.4848650000000  0.5894270000000  0.5270820000000 1.0
C      1  0.4105730000000  0.4729180000000  0.4848650000000 1.0
C      1  0.5894270000000  0.4729180000000  0.5151350000000 1.0
C      1  0.4105730000000  0.5270820000000  0.5151350000000 1.0
C      1  0.4729180000000  0.5151350000000  0.5894270000000 1.0
C      1  0.5270820000000  0.5151350000000  0.4105730000000 1.0
C      1  0.4729180000000  0.4848650000000  0.4105730000000 1.0
C      1  0.5151350000000  0.4105730000000  0.5270820000000 1.0
C      1  0.4848650000000  0.4105730000000  0.4729180000000 1.0
C      1  0.5151350000000  0.5894270000000  0.4729180000000 1.0
C      1  0.5894270000000  0.5270820000000  0.5151350000000 1.0
C      1  0.5270820000000  0.4848650000000  0.4105730000000 1.0
C      1  0.4848650000000  0.5894270000000  0.4729180000000 1.0
C      1  0.4105730000000  0.4729180000000  0.5151350000000 1.0
C      1  0.5894270000000  0.4729180000000  0.4848650000000 1.0
C      1  0.4105730000000  0.5270820000000  0.4848650000000 1.0
C      1  0.4729180000000  0.5151350000000  0.4105730000000 1.0
C      1  0.5270820000000  0.5151350000000  0.5894270000000 1.0
C      1  0.4729180000000  0.4848650000000  0.5894270000000 1.0
C      1  0.5151350000000  0.4105730000000  0.4729180000000 1.0
C      1  0.4848650000000  0.4105730000000  0.5270820000000 1.0
C      1  0.5151350000000  0.5894270000000  0.5270820000000 1.0
C      1  0.5246120000000  0.4748110000000  0.5071390000000 1.0
C      1  0.4748110000000  0.5071390000000  0.5246120000000 1.0
C      1  0.5071390000000  0.5246120000000  0.4748110000000 1.0
C      1  0.4753880000000  0.5251890000000  0.5071390000000 1.0
C      1  0.5246120000000  0.5251890000000  0.4928610000000 1.0
C      1  0.4753880000000  0.4748110000000  0.4928610000000 1.0
C      1  0.5251890000000  0.4928610000000  0.5246120000000 1.0
C      1  0.4748110000000  0.4928610000000  0.4753880000000 1.0
C      1  0.5251890000000  0.5071390000000  0.4753880000000 1.0
C      1  0.4928610000000  0.4753880000000  0.4748110000000 1.0
C      1  0.5071390000000  0.4753880000000  0.5251890000000 1.0
C      1  0.4928610000000  0.5246120000000  0.5251890000000 1.0
C      1  0.5246120000000  0.4748110000000  0.4928610000000 1.0
C      1  0.4748110000000  0.5071390000000  0.4753880000000 1.0
C      1  0.5071390000000  0.5246120000000  0.5251890000000 1.0
C      1  0.4753880000000  0.5251890000000  0.4928610000000 1.0
C      1  0.5246120000000  0.5251890000000  0.5071390000000 1.0
C      1  0.4753880000000  0.4748110000000  0.5071390000000 1.0
C      1  0.5251890000000  0.4928610000000  0.4753880000000 1.0
C      1  0.4748110000000  0.4928610000000  0.5246120000000 1.0
C      1  0.5251890000000  0.5071390000000  0.5246120000000 1.0
C      1  0.4928610000000  0.4753880000000  0.5251890000000 1.0
C      1  0.5071390000000  0.4753880000000  0.4748110000000 1.0
C      1  0.4928610000000  0.5246120000000  0.4748110000000 1.0
C      1  0.5227040000000  0.4932090000000  0.5573910000000 1.0
C      1  0.4932090000000  0.5573910000000  0.5227040000000 1.0
C      1  0.5573910000000  0.5227040000000  0.4932090000000 1.0
C      1  0.4772960000000  0.5067910000000  0.5573910000000 1.0
C      1  0.5227040000000  0.5067910000000  0.4426090000000 1.0
C      1  0.4772960000000  0.4932090000000  0.4426090000000 1.0
C      1  0.5067910000000  0.4426090000000  0.5227040000000 1.0
C      1  0.4932090000000  0.4426090000000  0.4772960000000 1.0
C      1  0.5067910000000  0.5573910000000  0.4772960000000 1.0
C      1  0.4426090000000  0.4772960000000  0.4932090000000 1.0
C      1  0.5573910000000  0.4772960000000  0.5067910000000 1.0
C      1  0.4426090000000  0.5227040000000  0.5067910000000 1.0
C      1  0.5227040000000  0.4932090000000  0.4426090000000 1.0
C      1  0.4932090000000  0.5573910000000  0.4772960000000 1.0
C      1  0.5573910000000  0.5227040000000  0.5067910000000 1.0
C      1  0.4772960000000  0.5067910000000  0.4426090000000 1.0
C      1  0.5227040000000  0.5067910000000  0.5573910000000 1.0
C      1  0.4772960000000  0.4932090000000  0.5573910000000 1.0
C      1  0.5067910000000  0.4426090000000  0.4772960000000 1.0
C      1  0.4932090000000  0.4426090000000  0.5227040000000 1.0
C      1  0.5067910000000  0.5573910000000  0.5227040000000 1.0
C      1  0.4426090000000  0.4772960000000  0.5067910000000 1.0
C      1  0.5573910000000  0.4772960000000  0.4932090000000 1.0
C      1  0.4426090000000  0.5227040000000  0.4932090000000 1.0
C      1  0.5545070000000  0.5445630000000  0.5642800000000 1.0
C      1  0.5445630000000  0.5642800000000  0.5545070000000 1.0
C      1  0.5642800000000  0.5545070000000  0.5445630000000 1.0
C      1  0.4454930000000  0.4554370000000  0.5642800000000 1.0
C      1  0.5545070000000  0.4554370000000  0.4357200000000 1.0
C      1  0.4454930000000  0.5445630000000  0.4357200000000 1.0
C      1  0.4554370000000  0.4357200000000  0.5545070000000 1.0
C      1  0.5445630000000  0.4357200000000  0.4454930000000 1.0
C      1  0.4554370000000  0.5642800000000  0.4454930000000 1.0
C      1  0.4357200000000  0.4454930000000  0.5445630000000 1.0
C      1  0.5642800000000  0.4454930000000  0.4554370000000 1.0
C      1  0.4357200000000  0.5545070000000  0.4554370000000 1.0
C      1  0.5545070000000  0.5445630000000  0.4357200000000 1.0
C      1  0.5445630000000  0.5642800000000  0.4454930000000 1.0
C      1  0.5642800000000  0.5545070000000  0.4554370000000 1.0
C      1  0.4454930000000  0.4554370000000  0.4357200000000 1.0
C      1  0.5545070000000  0.4554370000000  0.5642800000000 1.0
C      1  0.4454930000000  0.5445630000000  0.5642800000000 1.0
C      1  0.4554370000000  0.4357200000000  0.4454930000000 1.0
C      1  0.5445630000000  0.4357200000000  0.5545070000000 1.0
C      1  0.4554370000000  0.5642800000000  0.5545070000000 1.0
C      1  0.4357200000000  0.4454930000000  0.4554370000000 1.0
C      1  0.5642800000000  0.4454930000000  0.5445630000000 1.0
C      1  0.4357200000000  0.5545070000000  0.5445630000000 1.0
C      1  0.4514370000000  0.4858510000000  0.5139690000000 1.0
C      1  0.4858510000000  0.5139690000000  0.4514370000000 1.0
C      1  0.5139690000000  0.4514370000000  0.4858510000000 1.0
C      1  0.5485630000000  0.5141490000000  0.5139690000000 1.0
C      1  0.4514370000000  0.5141490000000  0.4860310000000 1.0
C      1  0.5485630000000  0.4858510000000  0.4860310000000 1.0
C      1  0.5141490000000  0.4860310000000  0.4514370000000 1.0
C      1  0.4858510000000  0.4860310000000  0.5485630000000 1.0
C      1  0.5141490000000  0.5139690000000  0.5485630000000 1.0
C      1  0.4860310000000  0.5485630000000  0.4858510000000 1.0
C      1  0.5139690000000  0.5485630000000  0.5141490000000 1.0
C      1  0.4860310000000  0.4514370000000  0.5141490000000 1.0
C      1  0.4514370000000  0.4858510000000  0.4860310000000 1.0
C      1  0.4858510000000  0.5139690000000  0.5485630000000 1.0
C      1  0.5139690000000  0.4514370000000  0.5141490000000 1.0
C      1  0.5485630000000  0.5141490000000  0.4860310000000 1.0
C      1  0.4514370000000  0.5141490000000  0.5139690000000 1.0
C      1  0.5485630000000  0.4858510000000  0.5139690000000 1.0
C      1  0.5141490000000  0.4860310000000  0.5485630000000 1.0
C      1  0.4858510000000  0.4860310000000  0.4514370000000 1.0
C      1  0.5141490000000  0.5139690000000  0.4514370000000 1.0
C      1  0.4860310000000  0.5485630000000  0.5141490000000 1.0
C      1  0.5139690000000  0.5485630000000  0.4858510000000 1.0
C      1  0.4860310000000  0.4514370000000  0.4858510000000 1.0
C      1  0.5502020000000  0.4652910000000  0.5733660000000 1.0
C      1  0.4652910000000  0.5733660000000  0.5502020000000 1.0
C      1  0.5733660000000  0.5502020000000  0.4652910000000 1.0
C      1  0.4497980000000  0.5347090000000  0.5733660000000 1.0
C      1  0.5502020000000  0.5347090000000  0.4266340000000 1.0
C      1  0.4497980000000  0.4652910000000  0.4266340000000 1.0
C      1  0.5347090000000  0.4266340000000  0.5502020000000 1.0
C      1  0.4652910000000  0.4266340000000  0.4497980000000 1.0
C      1  0.5347090000000  0.5733660000000  0.4497980000000 1.0
C      1  0.4266340000000  0.4497980000000  0.4652910000000 1.0
