TITL C-1379267-1329-181 -1.36653370565623e-06 1000000 -4499.79575407497 0 0 660 (Th) n - 1
REM
REM in /nfs/bkarasulu/CARBON/AIRSS/Generating-Clusters/GAP-ML-2020/Higher-Symm/Selected-Sizes/TryA-Only_Ih-Symm/Larger-Clusters/Try2-MINAMP_6A
REM
REM
REM
REM
REM
REM ./C.cell (31579ac4e95a012ec27f3239692ae8a5)
REM
REM compiler GCC version 9.2.1 20190827 (Red Hat 9.2.1-1)
REM options -cpp -mtune=generic -march=x86-64 -g -O0 -fpre-include=/usr/include/finclude/math-vector-fortran.h
REM seed 1233189451 -1967615852 1638000962 1182391486 946346543 -2077186805 -1457149034 -1446954382 583398664 1211491266 575467056 -2074945037 1895825174 1084056199 -1230274347 922185788 -1643738890 -2104851154 1186670080 -987089205 -548493848 375972313 -2122701323 2111903321 1253141657 46308006 552401626 449537999 355811740 -1017579675 -689668807 531218397 135320726
REM
CELL 1.54180  100.00000  100.00000  100.00000   90.00000   90.00000   90.00000
LATT -1
SFAC C  
C      1  0.4305460000000  0.4704750000000  0.5384090000000 1.0
C      1  0.4704750000000  0.5384090000000  0.4305460000000 1.0
C      1  0.5384090000000  0.4305460000000  0.4704750000000 1.0
C      1  0.5694540000000  0.5295250000000  0.5384090000000 1.0
C      1  0.4305460000000  0.5295250000000  0.4615910000000 1.0
C      1  0.5694540000000  0.4704750000000  0.4615910000000 1.0
C      1  0.5295250000000  0.4615910000000  0.4305460000000 1.0
C      1  0.4704750000000  0.4615910000000  0.5694540000000 1.0
C      1  0.5295250000000  0.5384090000000  0.5694540000000 1.0
C      1  0.4615910000000  0.5694540000000  0.4704750000000 1.0
C      1  0.5384090000000  0.5694540000000  0.5295250000000 1.0
C      1  0.4615910000000  0.4305460000000  0.5295250000000 1.0
C      1  0.4305460000000  0.4704750000000  0.4615910000000 1.0
C      1  0.4704750000000  0.5384090000000  0.5694540000000 1.0
C      1  0.5384090000000  0.4305460000000  0.5295250000000 1.0
C      1  0.5694540000000  0.5295250000000  0.4615910000000 1.0
C      1  0.4305460000000  0.5295250000000  0.5384090000000 1.0
C      1  0.5694540000000  0.4704750000000  0.5384090000000 1.0
C      1  0.5295250000000  0.4615910000000  0.5694540000000 1.0
C      1  0.4704750000000  0.4615910000000  0.4305460000000 1.0
C      1  0.5295250000000  0.5384090000000  0.4305460000000 1.0
C      1  0.4615910000000  0.5694540000000  0.5295250000000 1.0
C      1  0.5384090000000  0.5694540000000  0.4704750000000 1.0
C      1  0.4615910000000  0.4305460000000  0.4704750000000 1.0
C      1  0.5668870000000  0.4928960000000  0.5075710000000 1.0
C      1  0.4928960000000  0.5075710000000  0.5668870000000 1.0
C      1  0.5075710000000  0.5668870000000  0.4928960000000 1.0
C      1  0.4331130000000  0.5071040000000  0.5075710000000 1.0
C      1  0.5668870000000  0.5071040000000  0.4924290000000 1.0
C      1  0.4331130000000  0.4928960000000  0.4924290000000 1.0
C      1  0.5071040000000  0.4924290000000  0.5668870000000 1.0
C      1  0.4928960000000  0.4924290000000  0.4331130000000 1.0
C      1  0.5071040000000  0.5075710000000  0.4331130000000 1.0
C      1  0.4924290000000  0.4331130000000  0.4928960000000 1.0
C      1  0.5075710000000  0.4331130000000  0.5071040000000 1.0
C      1  0.4924290000000  0.5668870000000  0.5071040000000 1.0
C      1  0.5668870000000  0.4928960000000  0.4924290000000 1.0
C      1  0.4928960000000  0.5075710000000  0.4331130000000 1.0
C      1  0.5075710000000  0.5668870000000  0.5071040000000 1.0
C      1  0.4331130000000  0.5071040000000  0.4924290000000 1.0
C      1  0.5668870000000  0.5071040000000  0.5075710000000 1.0
C      1  0.4331130000000  0.4928960000000  0.5075710000000 1.0
C      1  0.5071040000000  0.4924290000000  0.4331130000000 1.0
C      1  0.4928960000000  0.4924290000000  0.5668870000000 1.0
C      1  0.5071040000000  0.5075710000000  0.5668870000000 1.0
C      1  0.4924290000000  0.4331130000000  0.5071040000000 1.0
C      1  0.5075710000000  0.4331130000000  0.4928960000000 1.0
C      1  0.4924290000000  0.5668870000000  0.4928960000000 1.0
C      1  0.5114160000000  0.4492610000000  0.4197360000000 1.0
C      1  0.4492610000000  0.4197360000000  0.5114160000000 1.0
C      1  0.4197360000000  0.5114160000000  0.4492610000000 1.0
C      1  0.4885840000000  0.5507390000000  0.4197360000000 1.0
C      1  0.5114160000000  0.5507390000000  0.5802640000000 1.0
C      1  0.4885840000000  0.4492610000000  0.5802640000000 1.0
C      1  0.5507390000000  0.5802640000000  0.5114160000000 1.0
C      1  0.4492610000000  0.5802640000000  0.4885840000000 1.0
C      1  0.5507390000000  0.4197360000000  0.4885840000000 1.0
C      1  0.5802640000000  0.4885840000000  0.4492610000000 1.0
C      1  0.4197360000000  0.4885840000000  0.5507390000000 1.0
C      1  0.5802640000000  0.5114160000000  0.5507390000000 1.0
C      1  0.5114160000000  0.4492610000000  0.5802640000000 1.0
C      1  0.4492610000000  0.4197360000000  0.4885840000000 1.0
C      1  0.4197360000000  0.5114160000000  0.5507390000000 1.0
C      1  0.4885840000000  0.5507390000000  0.5802640000000 1.0
C      1  0.5114160000000  0.5507390000000  0.4197360000000 1.0
C      1  0.4885840000000  0.4492610000000  0.4197360000000 1.0
C      1  0.5507390000000  0.5802640000000  0.4885840000000 1.0
C      1  0.4492610000000  0.5802640000000  0.5114160000000 1.0
C      1  0.5507390000000  0.4197360000000  0.5114160000000 1.0
C      1  0.5802640000000  0.4885840000000  0.5507390000000 1.0
C      1  0.4197360000000  0.4885840000000  0.4492610000000 1.0
C      1  0.5802640000000  0.5114160000000  0.4492610000000 1.0
C      1  0.5782550000000  0.4924280000000  0.4633880000000 1.0
C      1  0.4924280000000  0.4633880000000  0.5782550000000 1.0
C      1  0.4633880000000  0.5782550000000  0.4924280000000 1.0
C      1  0.4217450000000  0.5075720000000  0.4633880000000 1.0
C      1  0.5782550000000  0.5075720000000  0.5366120000000 1.0
C      1  0.4217450000000  0.4924280000000  0.5366120000000 1.0
C      1  0.5075720000000  0.5366120000000  0.5782550000000 1.0
C      1  0.4924280000000  0.5366120000000  0.4217450000000 1.0
C      1  0.5075720000000  0.4633880000000  0.4217450000000 1.0
C      1  0.5366120000000  0.4217450000000  0.4924280000000 1.0
C      1  0.4633880000000  0.4217450000000  0.5075720000000 1.0
C      1  0.5366120000000  0.5782550000000  0.5075720000000 1.0
C      1  0.5782550000000  0.4924280000000  0.5366120000000 1.0
C      1  0.4924280000000  0.4633880000000  0.4217450000000 1.0
C      1  0.4633880000000  0.5782550000000  0.5075720000000 1.0
C      1  0.4217450000000  0.5075720000000  0.5366120000000 1.0
C      1  0.5782550000000  0.5075720000000  0.4633880000000 1.0
C      1  0.4217450000000  0.4924280000000  0.4633880000000 1.0
C      1  0.5075720000000  0.5366120000000  0.4217450000000 1.0
C      1  0.4924280000000  0.5366120000000  0.5782550000000 1.0
C      1  0.5075720000000  0.4633880000000  0.5782550000000 1.0
C      1  0.5366120000000  0.4217450000000  0.5075720000000 1.0
C      1  0.4633880000000  0.4217450000000  0.4924280000000 1.0
C      1  0.5366120000000  0.5782550000000  0.4924280000000 1.0
C      1  0.4552160000000  0.4767470000000  0.5330340000000 1.0
C      1  0.4767470000000  0.5330340000000  0.4552160000000 1.0
C      1  0.5330340000000  0.4552160000000  0.4767470000000 1.0
C      1  0.5447840000000  0.5232530000000  0.5330340000000 1.0
C      1  0.4552160000000  0.5232530000000  0.4669660000000 1.0
C      1  0.5447840000000  0.4767470000000  0.4669660000000 1.0
C      1  0.5232530000000  0.4669660000000  0.4552160000000 1.0
C      1  0.4767470000000  0.4669660000000  0.5447840000000 1.0
C      1  0.5232530000000  0.5330340000000  0.5447840000000 1.0
C      1  0.4669660000000  0.5447840000000  0.4767470000000 1.0
C      1  0.5330340000000  0.5447840000000  0.5232530000000 1.0
C      1  0.4669660000000  0.4552160000000  0.5232530000000 1.0
C      1  0.4552160000000  0.4767470000000  0.4669660000000 1.0
C      1  0.4767470000000  0.5330340000000  0.5447840000000 1.0
C      1  0.5330340000000  0.4552160000000  0.5232530000000 1.0
C      1  0.5447840000000  0.5232530000000  0.4669660000000 1.0
C      1  0.4552160000000  0.5232530000000  0.5330340000000 1.0
C      1  0.5447840000000  0.4767470000000  0.5330340000000 1.0
C      1  0.5232530000000  0.4669660000000  0.5447840000000 1.0
C      1  0.4767470000000  0.4669660000000  0.4552160000000 1.0
C      1  0.5232530000000  0.5330340000000  0.4552160000000 1.0
C      1  0.4669660000000  0.5447840000000  0.5232530000000 1.0
C      1  0.5330340000000  0.5447840000000  0.4767470000000 1.0
C      1  0.4669660000000  0.4552160000000  0.4767470000000 1.0
C      1  0.5522380000000  0.5708000000000  0.4782350000000 1.0
C      1  0.5708000000000  0.4782350000000  0.5522380000000 1.0
C      1  0.4782350000000  0.5522380000000  0.5708000000000 1.0
C      1  0.4477620000000  0.4292000000000  0.4782350000000 1.0
C      1  0.5522380000000  0.4292000000000  0.5217650000000 1.0
C      1  0.4477620000000  0.5708000000000  0.5217650000000 1.0
C      1  0.4292000000000  0.5217650000000  0.5522380000000 1.0
C      1  0.5708000000000  0.5217650000000  0.4477620000000 1.0
C      1  0.4292000000000  0.4782350000000  0.4477620000000 1.0
C      1  0.5217650000000  0.4477620000000  0.5708000000000 1.0
C      1  0.4782350000000  0.4477620000000  0.4292000000000 1.0
C      1  0.5217650000000  0.5522380000000  0.4292000000000 1.0
C      1  0.5522380000000  0.5708000000000  0.5217650000000 1.0
C      1  0.5708000000000  0.4782350000000  0.4477620000000 1.0
C      1  0.4782350000000  0.5522380000000  0.4292000000000 1.0
C      1  0.4477620000000  0.4292000000000  0.5217650000000 1.0
C      1  0.5522380000000  0.4292000000000  0.4782350000000 1.0
C      1  0.4477620000000  0.5708000000000  0.4782350000000 1.0
C      1  0.4292000000000  0.5217650000000  0.4477620000000 1.0
C      1  0.5708000000000  0.5217650000000  0.5522380000000 1.0
C      1  0.4292000000000  0.4782350000000  0.5522380000000 1.0
C      1  0.5217650000000  0.4477620000000  0.4292000000000 1.0
C      1  0.4782350000000  0.4477620000000  0.5708000000000 1.0
C      1  0.5217650000000  0.5522380000000  0.5708000000000 1.0
C      1  0.5077550000000  0.4664100000000  0.5622280000000 1.0
C      1  0.4664100000000  0.5622280000000  0.5077550000000 1.0
C      1  0.5622280000000  0.5077550000000  0.4664100000000 1.0
C      1  0.4922450000000  0.5335900000000  0.5622280000000 1.0
C      1  0.5077550000000  0.5335900000000  0.4377720000000 1.0
C      1  0.4922450000000  0.4664100000000  0.4377720000000 1.0
C      1  0.5335900000000  0.4377720000000  0.5077550000000 1.0
C      1  0.4664100000000  0.4377720000000  0.4922450000000 1.0
C      1  0.5335900000000  0.5622280000000  0.4922450000000 1.0
C      1  0.4377720000000  0.4922450000000  0.4664100000000 1.0
C      1  0.5622280000000  0.4922450000000  0.5335900000000 1.0
C      1  0.4377720000000  0.5077550000000  0.5335900000000 1.0
C      1  0.5077550000000  0.4664100000000  0.4377720000000 1.0
C      1  0.4664100000000  0.5622280000000  0.4922450000000 1.0
C      1  0.5622280000000  0.5077550000000  0.5335900000000 1.0
C      1  0.4922450000000  0.5335900000000  0.4377720000000 1.0
C      1  0.5077550000000  0.5335900000000  0.5622280000000 1.0
C      1  0.4922450000000  0.4664100000000  0.5622280000000 1.0
C      1  0.5335900000000  0.4377720000000  0.4922450000000 1.0
C      1  0.4664100000000  0.4377720000000  0.5077550000000 1.0
C      1  0.5335900000000  0.5622280000000  0.5077550000000 1.0
C      1  0.4377720000000  0.4922450000000  0.5335900000000 1.0
C      1  0.5622280000000  0.4922450000000  0.4664100000000 1.0
C      1  0.4377720000000  0.5077550000000  0.4664100000000 1.0
C      1  0.5284020000000  0.4855740000000  0.5567700000000 1.0
C      1  0.4855740000000  0.5567700000000  0.5284020000000 1.0
C      1  0.5567700000000  0.5284020000000  0.4855740000000 1.0
C      1  0.4715980000000  0.5144260000000  0.5567700000000 1.0
C      1  0.5284020000000  0.5144260000000  0.4432300000000 1.0
C      1  0.4715980000000  0.4855740000000  0.4432300000000 1.0
C      1  0.5144260000000  0.4432300000000  0.5284020000000 1.0
C      1  0.4855740000000  0.4432300000000  0.4715980000000 1.0
C      1  0.5144260000000  0.5567700000000  0.4715980000000 1.0
C      1  0.4432300000000  0.4715980000000  0.4855740000000 1.0
C      1  0.5567700000000  0.4715980000000  0.5144260000000 1.0
C      1  0.4432300000000  0.5284020000000  0.5144260000000 1.0
C      1  0.5284020000000  0.4855740000000  0.4432300000000 1.0
C      1  0.4855740000000  0.5567700000000  0.4715980000000 1.0
C      1  0.5567700000000  0.5284020000000  0.5144260000000 1.0
C      1  0.4715980000000  0.5144260000000  0.4432300000000 1.0
C      1  0.5284020000000  0.5144260000000  0.5567700000000 1.0
C      1  0.4715980000000  0.4855740000000  0.5567700000000 1.0
C      1  0.5144260000000  0.4432300000000  0.4715980000000 1.0
C      1  0.4855740000000  0.4432300000000  0.5284020000000 1.0
C      1  0.5144260000000  0.5567700000000  0.5284020000000 1.0
C      1  0.4432300000000  0.4715980000000  0.5144260000000 1.0
C      1  0.5567700000000  0.4715980000000  0.4855740000000 1.0
C      1  0.4432300000000  0.5284020000000  0.4855740000000 1.0
C      1  0.5909100000000  0.4925370000000  0.4709930000000 1.0
C      1  0.4925370000000  0.4709930000000  0.5909100000000 1.0
C      1  0.4709930000000  0.5909100000000  0.4925370000000 1.0
C      1  0.4090900000000  0.5074630000000  0.4709930000000 1.0
C      1  0.5909100000000  0.5074630000000  0.5290070000000 1.0
C      1  0.4090900000000  0.4925370000000  0.5290070000000 1.0
C      1  0.5074630000000  0.5290070000000  0.5909100000000 1.0
C      1  0.4925370000000  0.5290070000000  0.4090900000000 1.0
C      1  0.5074630000000  0.4709930000000  0.4090900000000 1.0
C      1  0.5290070000000  0.4090900000000  0.4925370000000 1.0
C      1  0.4709930000000  0.4090900000000  0.5074630000000 1.0
C      1  0.5290070000000  0.5909100000000  0.5074630000000 1.0
C      1  0.5909100000000  0.4925370000000  0.5290070000000 1.0
C      1  0.4925370000000  0.4709930000000  0.4090900000000 1.0
C      1  0.4709930000000  0.5909100000000  0.5074630000000 1.0
C      1  0.4090900000000  0.5074630000000  0.5290070000000 1.0
C      1  0.5909100000000  0.5074630000000  0.4709930000000 1.0
C      1  0.4090900000000  0.4925370000000  0.4709930000000 1.0
C      1  0.5074630000000  0.5290070000000  0.4090900000000 1.0
C      1  0.4925370000000  0.5290070000000  0.5909100000000 1.0
C      1  0.5074630000000  0.4709930000000  0.5909100000000 1.0
C      1  0.5290070000000  0.4090900000000  0.5074630000000 1.0
C      1  0.4709930000000  0.4090900000000  0.4925370000000 1.0
C      1  0.5290070000000  0.5909100000000  0.4925370000000 1.0
C      1  0.4853980000000  0.4180430000000  0.5286010000000 1.0
C      1  0.4180430000000  0.5286010000000  0.4853980000000 1.0
C      1  0.5286010000000  0.4853980000000  0.4180430000000 1.0
C      1  0.5146020000000  0.5819570000000  0.5286010000000 1.0
C      1  0.4853980000000  0.5819570000000  0.4713990000000 1.0
C      1  0.5146020000000  0.4180430000000  0.4713990000000 1.0
C      1  0.5819570000000  0.4713990000000  0.4853980000000 1.0
C      1  0.4180430000000  0.4713990000000  0.5146020000000 1.0
C      1  0.5819570000000  0.5286010000000  0.5146020000000 1.0
C      1  0.4713990000000  0.5146020000000  0.4180430000000 1.0
C      1  0.5286010000000  0.5146020000000  0.5819570000000 1.0
C      1  0.4713990000000  0.4853980000000  0.5819570000000 1.0
C      1  0.4853980000000  0.4180430000000  0.4713990000000 1.0
C      1  0.4180430000000  0.5286010000000  0.5146020000000 1.0
C      1  0.5286010000000  0.4853980000000  0.5819570000000 1.0
C      1  0.5146020000000  0.5819570000000  0.4713990000000 1.0
C      1  0.4853980000000  0.5819570000000  0.5286010000000 1.0
C      1  0.5146020000000  0.4180430000000  0.5286010000000 1.0
C      1  0.5819570000000  0.4713990000000  0.5146020000000 1.0
C      1  0.4180430000000  0.4713990000000  0.4853980000000 1.0
C      1  0.5819570000000  0.5286010000000  0.4853980000000 1.0
C      1  0.4713990000000  0.5146020000000  0.5819570000000 1.0
C      1  0.5286010000000  0.5146020000000  0.4180430000000 1.0
C      1  0.4713990000000  0.4853980000000  0.4180430000000 1.0
C      1  0.5079670000000  0.4301150000000  0.4644810000000 1.0
C      1  0.4301150000000  0.4644810000000  0.5079670000000 1.0
C      1  0.4644810000000  0.5079670000000  0.4301150000000 1.0
C      1  0.4920330000000  0.5698850000000  0.4644810000000 1.0
C      1  0.5079670000000  0.5698850000000  0.5355190000000 1.0
C      1  0.4920330000000  0.4301150000000  0.5355190000000 1.0
C      1  0.5698850000000  0.5355190000000  0.5079670000000 1.0
C      1  0.4301150000000  0.5355190000000  0.4920330000000 1.0
C      1  0.5698850000000  0.4644810000000  0.4920330000000 1.0
C      1  0.5355190000000  0.4920330000000  0.4301150000000 1.0
C      1  0.4644810000000  0.4920330000000  0.5698850000000 1.0
C      1  0.5355190000000  0.5079670000000  0.5698850000000 1.0
C      1  0.5079670000000  0.4301150000000  0.5355190000000 1.0
C      1  0.4301150000000  0.4644810000000  0.4920330000000 1.0
C      1  0.4644810000000  0.5079670000000  0.5698850000000 1.0
C      1  0.4920330000000  0.5698850000000  0.5355190000000 1.0
C      1  0.5079670000000  0.5698850000000  0.4644810000000 1.0
C      1  0.4920330000000  0.4301150000000  0.4644810000000 1.0
C      1  0.5698850000000  0.5355190000000  0.4920330000000 1.0
C      1  0.4301150000000  0.5355190000000  0.5079670000000 1.0
C      1  0.5698850000000  0.4644810000000  0.5079670000000 1.0
C      1  0.5355190000000  0.4920330000000  0.5698850000000 1.0
C      1  0.4644810000000  0.4920330000000  0.4301150000000 1.0
C      1  0.5355190000000  0.5079670000000  0.4301150000000 1.0
C      1  0.5499820000000  0.5139450000000  0.4286660000000 1.0
C      1  0.5139450000000  0.4286660000000  0.5499820000000 1.0
C      1  0.4286660000000  0.5499820000000  0.5139450000000 1.0
C      1  0.4500180000000  0.4860550000000  0.4286660000000 1.0
C      1  0.5499820000000  0.4860550000000  0.5713340000000 1.0
C      1  0.4500180000000  0.5139450000000  0.5713340000000 1.0
C      1  0.4860550000000  0.5713340000000  0.5499820000000 1.0
C      1  0.5139450000000  0.5713340000000  0.4500180000000 1.0
C      1  0.4860550000000  0.4286660000000  0.4500180000000 1.0
C      1  0.5713340000000  0.4500180000000  0.5139450000000 1.0
C      1  0.4286660000000  0.4500180000000  0.4860550000000 1.0
C      1  0.5713340000000  0.5499820000000  0.4860550000000 1.0
C      1  0.5499820000000  0.5139450000000  0.5713340000000 1.0
C      1  0.5139450000000  0.4286660000000  0.4500180000000 1.0
C      1  0.4286660000000  0.5499820000000  0.4860550000000 1.0
C      1  0.4500180000000  0.4860550000000  0.5713340000000 1.0
C      1  0.5499820000000  0.4860550000000  0.4286660000000 1.0
C      1  0.4500180000000  0.5139450000000  0.4286660000000 1.0
C      1  0.4860550000000  0.5713340000000  0.4500180000000 1.0
C      1  0.5139450000000  0.5713340000000  0.5499820000000 1.0
C      1  0.4860550000000  0.4286660000000  0.5499820000000 1.0
C      1  0.5713340000000  0.4500180000000  0.4860550000000 1.0
C      1  0.4286660000000  0.4500180000000  0.5139450000000 1.0
C      1  0.5713340000000  0.5499820000000  0.5139450000000 1.0
C      1  0.4643190000000  0.5160960000000  0.5209110000000 1.0
C      1  0.5160960000000  0.5209110000000  0.4643190000000 1.0
C      1  0.5209110000000  0.4643190000000  0.5160960000000 1.0
C      1  0.5356810000000  0.4839040000000  0.5209110000000 1.0
C      1  0.4643190000000  0.4839040000000  0.4790890000000 1.0
C      1  0.5356810000000  0.5160960000000  0.4790890000000 1.0
C      1  0.4839040000000  0.4790890000000  0.4643190000000 1.0
C      1  0.5160960000000  0.4790890000000  0.5356810000000 1.0
C      1  0.4839040000000  0.5209110000000  0.5356810000000 1.0
C      1  0.4790890000000  0.5356810000000  0.5160960000000 1.0
C      1  0.5209110000000  0.5356810000000  0.4839040000000 1.0
C      1  0.4790890000000  0.4643190000000  0.4839040000000 1.0
C      1  0.4643190000000  0.5160960000000  0.4790890000000 1.0
C      1  0.5160960000000  0.5209110000000  0.5356810000000 1.0
C      1  0.5209110000000  0.4643190000000  0.4839040000000 1.0
C      1  0.5356810000000  0.4839040000000  0.4790890000000 1.0
C      1  0.4643190000000  0.4839040000000  0.5209110000000 1.0
C      1  0.5356810000000  0.5160960000000  0.5209110000000 1.0
C      1  0.4839040000000  0.4790890000000  0.5356810000000 1.0
C      1  0.5160960000000  0.4790890000000  0.4643190000000 1.0
C      1  0.4839040000000  0.5209110000000  0.4643190000000 1.0
C      1  0.4790890000000  0.5356810000000  0.4839040000000 1.0
C      1  0.5209110000000  0.5356810000000  0.5160960000000 1.0
C      1  0.4790890000000  0.4643190000000  0.5160960000000 1.0
C      1  0.5076040000000  0.5544470000000  0.5151480000000 1.0
C      1  0.5544470000000  0.5151480000000  0.5076040000000 1.0
C      1  0.5151480000000  0.5076040000000  0.5544470000000 1.0
C      1  0.4923960000000  0.4455530000000  0.5151480000000 1.0
C      1  0.5076040000000  0.4455530000000  0.4848520000000 1.0
C      1  0.4923960000000  0.5544470000000  0.4848520000000 1.0
C      1  0.4455530000000  0.4848520000000  0.5076040000000 1.0
C      1  0.5544470000000  0.4848520000000  0.4923960000000 1.0
C      1  0.4455530000000  0.5151480000000  0.4923960000000 1.0
C      1  0.4848520000000  0.4923960000000  0.5544470000000 1.0
C      1  0.5151480000000  0.4923960000000  0.4455530000000 1.0
C      1  0.4848520000000  0.5076040000000  0.4455530000000 1.0
C      1  0.5076040000000  0.5544470000000  0.4848520000000 1.0
C      1  0.5544470000000  0.5151480000000  0.4923960000000 1.0
C      1  0.5151480000000  0.5076040000000  0.4455530000000 1.0
C      1  0.4923960000000  0.4455530000000  0.4848520000000 1.0
C      1  0.5076040000000  0.4455530000000  0.5151480000000 1.0
C      1  0.4923960000000  0.5544470000000  0.5151480000000 1.0
C      1  0.4455530000000  0.4848520000000  0.4923960000000 1.0
C      1  0.5544470000000  0.4848520000000  0.5076040000000 1.0
C      1  0.4455530000000  0.5151480000000  0.5076040000000 1.0
C      1  0.4848520000000  0.4923960000000  0.4455530000000 1.0
C      1  0.5151480000000  0.4923960000000  0.5544470000000 1.0
C      1  0.4848520000000  0.5076040000000  0.5544470000000 1.0
C      1  0.5518070000000  0.4923350000000  0.4529660000000 1.0
C      1  0.4923350000000  0.4529660000000  0.5518070000000 1.0
C      1  0.4529660000000  0.5518070000000  0.4923350000000 1.0
C      1  0.4481930000000  0.5076650000000  0.4529660000000 1.0
C      1  0.5518070000000  0.5076650000000  0.5470340000000 1.0
C      1  0.4481930000000  0.4923350000000  0.5470340000000 1.0
C      1  0.5076650000000  0.5470340000000  0.5518070000000 1.0
C      1  0.4923350000000  0.5470340000000  0.4481930000000 1.0
C      1  0.5076650000000  0.4529660000000  0.4481930000000 1.0
C      1  0.5470340000000  0.4481930000000  0.4923350000000 1.0
C      1  0.4529660000000  0.4481930000000  0.5076650000000 1.0
C      1  0.5470340000000  0.5518070000000  0.5076650000000 1.0
C      1  0.5518070000000  0.4923350000000  0.5470340000000 1.0
C      1  0.4923350000000  0.4529660000000  0.4481930000000 1.0
C      1  0.4529660000000  0.5518070000000  0.5076650000000 1.0
C      1  0.4481930000000  0.5076650000000  0.5470340000000 1.0
C      1  0.5518070000000  0.5076650000000  0.4529660000000 1.0
C      1  0.4481930000000  0.4923350000000  0.4529660000000 1.0
C      1  0.5076650000000  0.5470340000000  0.4481930000000 1.0
C      1  0.4923350000000  0.5470340000000  0.5518070000000 1.0
C      1  0.5076650000000  0.4529660000000  0.5518070000000 1.0
C      1  0.5470340000000  0.4481930000000  0.5076650000000 1.0
C      1  0.4529660000000  0.4481930000000  0.4923350000000 1.0
C      1  0.5470340000000  0.5518070000000  0.4923350000000 1.0
C      1  0.5611900000000  0.5413890000000  0.5399410000000 1.0
C      1  0.5413890000000  0.5399410000000  0.5611900000000 1.0
C      1  0.5399410000000  0.5611900000000  0.5413890000000 1.0
C      1  0.4388100000000  0.4586110000000  0.5399410000000 1.0
C      1  0.5611900000000  0.4586110000000  0.4600590000000 1.0
C      1  0.4388100000000  0.5413890000000  0.4600590000000 1.0
C      1  0.4586110000000  0.4600590000000  0.5611900000000 1.0
C      1  0.5413890000000  0.4600590000000  0.4388100000000 1.0
C      1  0.4586110000000  0.5399410000000  0.4388100000000 1.0
C      1  0.4600590000000  0.4388100000000  0.5413890000000 1.0
C      1  0.5399410000000  0.4388100000000  0.4586110000000 1.0
C      1  0.4600590000000  0.5611900000000  0.4586110000000 1.0
C      1  0.5611900000000  0.5413890000000  0.4600590000000 1.0
C      1  0.5413890000000  0.5399410000000  0.4388100000000 1.0
C      1  0.5399410000000  0.5611900000000  0.4586110000000 1.0
C      1  0.4388100000000  0.4586110000000  0.4600590000000 1.0
C      1  0.5611900000000  0.4586110000000  0.5399410000000 1.0
C      1  0.4388100000000  0.5413890000000  0.5399410000000 1.0
C      1  0.4586110000000  0.4600590000000  0.4388100000000 1.0
C      1  0.5413890000000  0.4600590000000  0.5611900000000 1.0
C      1  0.4586110000000  0.5399410000000  0.5611900000000 1.0
C      1  0.4600590000000  0.4388100000000  0.4586110000000 1.0
C      1  0.5399410000000  0.4388100000000  0.5413890000000 1.0
C      1  0.4600590000000  0.5611900000000  0.5413890000000 1.0
C      1  0.5286450000000  0.5591420000000  0.5214840000000 1.0
C      1  0.5591420000000  0.5214840000000  0.5286450000000 1.0
C      1  0.5214840000000  0.5286450000000  0.5591420000000 1.0
C      1  0.4713550000000  0.4408580000000  0.5214840000000 1.0
C      1  0.5286450000000  0.4408580000000  0.4785160000000 1.0
C      1  0.4713550000000  0.5591420000000  0.4785160000000 1.0
C      1  0.4408580000000  0.4785160000000  0.5286450000000 1.0
C      1  0.5591420000000  0.4785160000000  0.4713550000000 1.0
C      1  0.4408580000000  0.5214840000000  0.4713550000000 1.0
C      1  0.4785160000000  0.4713550000000  0.5591420000000 1.0
C      1  0.5214840000000  0.4713550000000  0.4408580000000 1.0
C      1  0.4785160000000  0.5286450000000  0.4408580000000 1.0
C      1  0.5286450000000  0.5591420000000  0.4785160000000 1.0
C      1  0.5591420000000  0.5214840000000  0.4713550000000 1.0
C      1  0.5214840000000  0.5286450000000  0.4408580000000 1.0
C      1  0.4713550000000  0.4408580000000  0.4785160000000 1.0
C      1  0.5286450000000  0.4408580000000  0.5214840000000 1.0
C      1  0.4713550000000  0.5591420000000  0.5214840000000 1.0
C      1  0.4408580000000  0.4785160000000  0.4713550000000 1.0
C      1  0.5591420000000  0.4785160000000  0.5286450000000 1.0
C      1  0.4408580000000  0.5214840000000  0.5286450000000 1.0
C      1  0.4785160000000  0.4713550000000  0.4408580000000 1.0
C      1  0.5214840000000  0.4713550000000  0.5591420000000 1.0
C      1  0.4785160000000  0.5286450000000  0.5591420000000 1.0
C      1  0.5478020000000  0.5366550000000  0.4608770000000 1.0
C      1  0.5366550000000  0.4608770000000  0.5478020000000 1.0
C      1  0.4608770000000  0.5478020000000  0.5366550000000 1.0
C      1  0.4521980000000  0.4633450000000  0.4608770000000 1.0
C      1  0.5478020000000  0.4633450000000  0.5391230000000 1.0
C      1  0.4521980000000  0.5366550000000  0.5391230000000 1.0
C      1  0.4633450000000  0.5391230000000  0.5478020000000 1.0
C      1  0.5366550000000  0.5391230000000  0.4521980000000 1.0
C      1  0.4633450000000  0.4608770000000  0.4521980000000 1.0
C      1  0.5391230000000  0.4521980000000  0.5366550000000 1.0
C      1  0.4608770000000  0.4521980000000  0.4633450000000 1.0
C      1  0.5391230000000  0.5478020000000  0.4633450000000 1.0
C      1  0.5478020000000  0.5366550000000  0.5391230000000 1.0
C      1  0.5366550000000  0.4608770000000  0.4521980000000 1.0
C      1  0.4608770000000  0.5478020000000  0.4633450000000 1.0
C      1  0.4521980000000  0.4633450000000  0.5391230000000 1.0
C      1  0.5478020000000  0.4633450000000  0.4608770000000 1.0
C      1  0.4521980000000  0.5366550000000  0.4608770000000 1.0
C      1  0.4633450000000  0.5391230000000  0.4521980000000 1.0
C      1  0.5366550000000  0.5391230000000  0.5478020000000 1.0
C      1  0.4633450000000  0.4608770000000  0.5478020000000 1.0
C      1  0.5391230000000  0.4521980000000  0.4633450000000 1.0
C      1  0.4608770000000  0.4521980000000  0.5366550000000 1.0
C      1  0.5391230000000  0.5478020000000  0.5366550000000 1.0
C      1  0.5441090000000  0.4929690000000  0.5139580000000 1.0
C      1  0.4929690000000  0.5139580000000  0.5441090000000 1.0
C      1  0.5139580000000  0.5441090000000  0.4929690000000 1.0
C      1  0.4558910000000  0.5070310000000  0.5139580000000 1.0
C      1  0.5441090000000  0.5070310000000  0.4860420000000 1.0
C      1  0.4558910000000  0.4929690000000  0.4860420000000 1.0
C      1  0.5070310000000  0.4860420000000  0.5441090000000 1.0
C      1  0.4929690000000  0.4860420000000  0.4558910000000 1.0
C      1  0.5070310000000  0.5139580000000  0.4558910000000 1.0
C      1  0.4860420000000  0.4558910000000  0.4929690000000 1.0
C      1  0.5139580000000  0.4558910000000  0.5070310000000 1.0
C      1  0.4860420000000  0.5441090000000  0.5070310000000 1.0
C      1  0.5441090000000  0.4929690000000  0.4860420000000 1.0
C      1  0.4929690000000  0.5139580000000  0.4558910000000 1.0
C      1  0.5139580000000  0.5441090000000  0.5070310000000 1.0
C      1  0.4558910000000  0.5070310000000  0.4860420000000 1.0
C      1  0.5441090000000  0.5070310000000  0.5139580000000 1.0
C      1  0.4558910000000  0.4929690000000  0.5139580000000 1.0
C      1  0.5070310000000  0.4860420000000  0.4558910000000 1.0
C      1  0.4929690000000  0.4860420000000  0.5441090000000 1.0
C      1  0.5070310000000  0.5139580000000  0.5441090000000 1.0
C      1  0.4860420000000  0.4558910000000  0.5070310000000 1.0
C      1  0.5139580000000  0.4558910000000  0.4929690000000 1.0
C      1  0.4860420000000  0.5441090000000  0.4929690000000 1.0
C      1  0.5130810000000  0.5436330000000  0.4621820000000 1.0
C      1  0.5436330000000  0.4621820000000  0.5130810000000 1.0
C      1  0.4621820000000  0.5130810000000  0.5436330000000 1.0
C      1  0.4869190000000  0.4563670000000  0.4621820000000 1.0
C      1  0.5130810000000  0.4563670000000  0.5378180000000 1.0
C      1  0.4869190000000  0.5436330000000  0.5378180000000 1.0
C      1  0.4563670000000  0.5378180000000  0.5130810000000 1.0
C      1  0.5436330000000  0.5378180000000  0.4869190000000 1.0
C      1  0.4563670000000  0.4621820000000  0.4869190000000 1.0
C      1  0.5378180000000  0.4869190000000  0.5436330000000 1.0
C      1  0.4621820000000  0.4869190000000  0.4563670000000 1.0
C      1  0.5378180000000  0.5130810000000  0.4563670000000 1.0
C      1  0.5130810000000  0.5436330000000  0.5378180000000 1.0
C      1  0.5436330000000  0.4621820000000  0.4869190000000 1.0
C      1  0.4621820000000  0.5130810000000  0.4563670000000 1.0
C      1  0.4869190000000  0.4563670000000  0.5378180000000 1.0
C      1  0.5130810000000  0.4563670000000  0.4621820000000 1.0
C      1  0.4869190000000  0.5436330000000  0.4621820000000 1.0
C      1  0.4563670000000  0.5378180000000  0.4869190000000 1.0
C      1  0.5436330000000  0.5378180000000  0.5130810000000 1.0
C      1  0.4563670000000  0.4621820000000  0.5130810000000 1.0
C      1  0.5378180000000  0.4869190000000  0.4563670000000 1.0
C      1  0.4621820000000  0.4869190000000  0.5436330000000 1.0
C      1  0.5378180000000  0.5130810000000  0.5436330000000 1.0
C      1  0.4849410000000  0.4063610000000  0.4923860000000 1.0
C      1  0.4063610000000  0.4923860000000  0.4849410000000 1.0
C      1  0.4923860000000  0.4849410000000  0.4063610000000 1.0
C      1  0.5150590000000  0.5936390000000  0.4923860000000 1.0
C      1  0.4849410000000  0.5936390000000  0.5076140000000 1.0
C      1  0.5150590000000  0.4063610000000  0.5076140000000 1.0
C      1  0.5936390000000  0.5076140000000  0.4849410000000 1.0
C      1  0.4063610000000  0.5076140000000  0.5150590000000 1.0
C      1  0.5936390000000  0.4923860000000  0.5150590000000 1.0
C      1  0.5076140000000  0.5150590000000  0.4063610000000 1.0
C      1  0.4923860000000  0.5150590000000  0.5936390000000 1.0
C      1  0.5076140000000  0.4849410000000  0.5936390000000 1.0
C      1  0.4849410000000  0.4063610000000  0.5076140000000 1.0
C      1  0.4063610000000  0.4923860000000  0.5150590000000 1.0
C      1  0.4923860000000  0.4849410000000  0.5936390000000 1.0
C      1  0.5150590000000  0.5936390000000  0.5076140000000 1.0
C      1  0.4849410000000  0.5936390000000  0.4923860000000 1.0
C      1  0.5150590000000  0.4063610000000  0.4923860000000 1.0
C      1  0.5936390000000  0.5076140000000  0.5150590000000 1.0
C      1  0.4063610000000  0.5076140000000  0.4849410000000 1.0
C      1  0.5936390000000  0.4923860000000  0.4849410000000 1.0
C      1  0.5076140000000  0.5150590000000  0.5936390000000 1.0
C      1  0.4923860000000  0.5150590000000  0.4063610000000 1.0
C      1  0.5076140000000  0.4849410000000  0.4063610000000 1.0
C      1  0.4522200000000  0.4737740000000  0.5778850000000 1.0
C      1  0.4737740000000  0.5778850000000  0.4522200000000 1.0
C      1  0.5778850000000  0.4522200000000  0.4737740000000 1.0
C      1  0.5477800000000  0.5262260000000  0.5778850000000 1.0
C      1  0.4522200000000  0.5262260000000  0.4221150000000 1.0
C      1  0.5477800000000  0.4737740000000  0.4221150000000 1.0
C      1  0.5262260000000  0.4221150000000  0.4522200000000 1.0
C      1  0.4737740000000  0.4221150000000  0.5477800000000 1.0
C      1  0.5262260000000  0.5778850000000  0.5477800000000 1.0
C      1  0.4221150000000  0.5477800000000  0.4737740000000 1.0
C      1  0.5778850000000  0.5477800000000  0.5262260000000 1.0
C      1  0.4221150000000  0.4522200000000  0.5262260000000 1.0
C      1  0.4522200000000  0.4737740000000  0.4221150000000 1.0
C      1  0.4737740000000  0.5778850000000  0.5477800000000 1.0
C      1  0.5778850000000  0.4522200000000  0.5262260000000 1.0
C      1  0.5477800000000  0.5262260000000  0.4221150000000 1.0
C      1  0.4522200000000  0.5262260000000  0.5778850000000 1.0
C      1  0.5477800000000  0.4737740000000  0.5778850000000 1.0
C      1  0.5262260000000  0.4221150000000  0.5477800000000 1.0
C      1  0.4737740000000  0.4221150000000  0.4522200000000 1.0
C      1  0.5262260000000  0.5778850000000  0.4522200000000 1.0
C      1  0.4221150000000  0.5477800000000  0.5262260000000 1.0
C      1  0.5778850000000  0.5477800000000  0.4737740000000 1.0
C      1  0.4221150000000  0.4522200000000  0.4737740000000 1.0
C      1  0.5091490000000  0.4678040000000  0.4725970000000 1.0
C      1  0.4678040000000  0.4725970000000  0.5091490000000 1.0
C      1  0.4725970000000  0.5091490000000  0.4678040000000 1.0
C      1  0.4908510000000  0.5321960000000  0.4725970000000 1.0
C      1  0.5091490000000  0.5321960000000  0.5274030000000 1.0
C      1  0.4908510000000  0.4678040000000  0.5274030000000 1.0
C      1  0.5321960000000  0.5274030000000  0.5091490000000 1.0
C      1  0.4678040000000  0.5274030000000  0.4908510000000 1.0
C      1  0.5321960000000  0.4725970000000  0.4908510000000 1.0
C      1  0.5274030000000  0.4908510000000  0.4678040000000 1.0
C      1  0.4725970000000  0.4908510000000  0.5321960000000 1.0
C      1  0.5274030000000  0.5091490000000  0.5321960000000 1.0
C      1  0.5091490000000  0.4678040000000  0.5274030000000 1.0
C      1  0.4678040000000  0.4725970000000  0.4908510000000 1.0
C      1  0.4725970000000  0.5091490000000  0.5321960000000 1.0
C      1  0.4908510000000  0.5321960000000  0.5274030000000 1.0
C      1  0.5091490000000  0.5321960000000  0.4725970000000 1.0
C      1  0.4908510000000  0.4678040000000  0.4725970000000 1.0
C      1  0.5321960000000  0.5274030000000  0.4908510000000 1.0
C      1  0.4678040000000  0.5274030000000  0.5091490000000 1.0
C      1  0.5321960000000  0.4725970000000  0.5091490000000 1.0
C      1  0.5274030000000  0.4908510000000  0.5321960000000 1.0
C      1  0.4725970000000  0.4908510000000  0.4678040000000 1.0
C      1  0.5274030000000  0.5091490000000  0.4678040000000 1.0
C      1  0.5902670000000  0.4807750000000  0.5073490000000 1.0
C      1  0.4807750000000  0.5073490000000  0.5902670000000 1.0
C      1  0.5073490000000  0.5902670000000  0.4807750000000 1.0
C      1  0.4097330000000  0.5192250000000  0.5073490000000 1.0
C      1  0.5902670000000  0.5192250000000  0.4926510000000 1.0
C      1  0.4097330000000  0.4807750000000  0.4926510000000 1.0
C      1  0.5192250000000  0.4926510000000  0.5902670000000 1.0
C      1  0.4807750000000  0.4926510000000  0.4097330000000 1.0
C      1  0.5192250000000  0.5073490000000  0.4097330000000 1.0
C      1  0.4926510000000  0.4097330000000  0.4807750000000 1.0
C      1  0.5073490000000  0.4097330000000  0.5192250000000 1.0
C      1  0.4926510000000  0.5902670000000  0.5192250000000 1.0
C      1  0.5902670000000  0.4807750000000  0.4926510000000 1.0
C      1  0.4807750000000  0.5073490000000  0.4097330000000 1.0
C      1  0.5073490000000  0.5902670000000  0.5192250000000 1.0
C      1  0.4097330000000  0.5192250000000  0.4926510000000 1.0
C      1  0.5902670000000  0.5192250000000  0.5073490000000 1.0
C      1  0.4097330000000  0.4807750000000  0.5073490000000 1.0
C      1  0.5192250000000  0.4926510000000  0.4097330000000 1.0
C      1  0.4807750000000  0.4926510000000  0.5902670000000 1.0
C      1  0.5192250000000  0.5073490000000  0.5902670000000 1.0
C      1  0.4926510000000  0.4097330000000  0.5192250000000 1.0
C      1  0.5073490000000  0.4097330000000  0.4807750000000 1.0
C      1  0.4926510000000  0.5902670000000  0.4807750000000 1.0
C      1  0.4424320000000  0.4815640000000  0.4416300000000 1.0
C      1  0.4815640000000  0.4416300000000  0.4424320000000 1.0
C      1  0.4416300000000  0.4424320000000  0.4815640000000 1.0
C      1  0.5575680000000  0.5184360000000  0.4416300000000 1.0
C      1  0.4424320000000  0.5184360000000  0.5583700000000 1.0
C      1  0.5575680000000  0.4815640000000  0.5583700000000 1.0
C      1  0.5184360000000  0.5583700000000  0.4424320000000 1.0
C      1  0.4815640000000  0.5583700000000  0.5575680000000 1.0
C      1  0.5184360000000  0.4416300000000  0.5575680000000 1.0
C      1  0.5583700000000  0.5575680000000  0.4815640000000 1.0
C      1  0.4416300000000  0.5575680000000  0.5184360000000 1.0
C      1  0.5583700000000  0.4424320000000  0.5184360000000 1.0
C      1  0.4424320000000  0.4815640000000  0.5583700000000 1.0
C      1  0.4815640000000  0.4416300000000  0.5575680000000 1.0
C      1  0.4416300000000  0.4424320000000  0.5184360000000 1.0
C      1  0.5575680000000  0.5184360000000  0.5583700000000 1.0
C      1  0.4424320000000  0.5184360000000  0.4416300000000 1.0
C      1  0.5575680000000  0.4815640000000  0.4416300000000 1.0
C      1  0.5184360000000  0.5583700000000  0.5575680000000 1.0
C      1  0.4815640000000  0.5583700000000  0.4424320000000 1.0
C      1  0.5184360000000  0.4416300000000  0.4424320000000 1.0
C      1  0.5583700000000  0.5575680000000  0.5184360000000 1.0
C      1  0.4416300000000  0.5575680000000  0.4815640000000 1.0
C      1  0.5583700000000  0.4424320000000  0.4815640000000 1.0
C      1  0.5807430000000  0.5338600000000  0.4716780000000 1.0
C      1  0.5338600000000  0.4716780000000  0.5807430000000 1.0
C      1  0.4716780000000  0.5807430000000  0.5338600000000 1.0
C      1  0.4192570000000  0.4661400000000  0.4716780000000 1.0
C      1  0.5807430000000  0.4661400000000  0.5283220000000 1.0
C      1  0.4192570000000  0.5338600000000  0.5283220000000 1.0
C      1  0.4661400000000  0.5283220000000  0.5807430000000 1.0
C      1  0.5338600000000  0.5283220000000  0.4192570000000 1.0
C      1  0.4661400000000  0.4716780000000  0.4192570000000 1.0
C      1  0.5283220000000  0.4192570000000  0.5338600000000 1.0
