TITL C-1379267-1329-179 9.07011521609046e-08 1000000 -1730.65692825905 0 0 240 (Th) n - 1
REM
REM in /nfs/bkarasulu/CARBON/AIRSS/Generating-Clusters/GAP-ML-2020/Higher-Symm/Selected-Sizes/TryA-Only_Ih-Symm/Larger-Clusters/Try2-MINAMP_6A
REM
REM
REM
REM
REM
REM ./C.cell (31579ac4e95a012ec27f3239692ae8a5)
REM
REM compiler GCC version 9.2.1 20190827 (Red Hat 9.2.1-1)
REM options -cpp -mtune=generic -march=x86-64 -g -O0 -fpre-include=/usr/include/finclude/math-vector-fortran.h
REM seed -461219976 1138916421 -177492215 1406719481 2076541137 1511084592 1956057864 1637823675 -1980259312 -68557024 540732362 -190156707 -2144659558 639743213 -853550911 -1048161948 -1951384999 -1954134573 -1414901035 -11643034 1919181841 -215927463 -319851050 -394534013 203291900 1384930452 750736816 -1155894974 -1188660036 543679935 -353173438 -1461824851 1125924427
REM
CELL 1.54180  100.00000  100.00000  100.00000   90.00000   90.00000   90.00000
LATT -1
SFAC C  
C      1  0.5417800000000  0.4855620000000  0.5574360000000 1.0
C      1  0.4855620000000  0.5574360000000  0.5417800000000 1.0
C      1  0.5574360000000  0.5417800000000  0.4855620000000 1.0
C      1  0.4582200000000  0.5144380000000  0.5574360000000 1.0
C      1  0.5417800000000  0.5144380000000  0.4425640000000 1.0
C      1  0.4582200000000  0.4855620000000  0.4425640000000 1.0
C      1  0.5144380000000  0.4425640000000  0.5417800000000 1.0
C      1  0.4855620000000  0.4425640000000  0.4582200000000 1.0
C      1  0.5144380000000  0.5574360000000  0.4582200000000 1.0
C      1  0.4425640000000  0.4582200000000  0.4855620000000 1.0
C      1  0.5574360000000  0.4582200000000  0.5144380000000 1.0
C      1  0.4425640000000  0.5417800000000  0.5144380000000 1.0
C      1  0.5417800000000  0.4855620000000  0.4425640000000 1.0
C      1  0.4855620000000  0.5574360000000  0.4582200000000 1.0
C      1  0.5574360000000  0.5417800000000  0.5144380000000 1.0
C      1  0.4582200000000  0.5144380000000  0.4425640000000 1.0
C      1  0.5417800000000  0.5144380000000  0.5574360000000 1.0
C      1  0.4582200000000  0.4855620000000  0.5574360000000 1.0
C      1  0.5144380000000  0.4425640000000  0.4582200000000 1.0
C      1  0.4855620000000  0.4425640000000  0.5417800000000 1.0
C      1  0.5144380000000  0.5574360000000  0.5417800000000 1.0
C      1  0.4425640000000  0.4582200000000  0.5144380000000 1.0
C      1  0.5574360000000  0.4582200000000  0.4855620000000 1.0
C      1  0.4425640000000  0.5417800000000  0.4855620000000 1.0
C      1  0.5684870000000  0.4927100000000  0.4927740000000 1.0
C      1  0.4927100000000  0.4927740000000  0.5684870000000 1.0
C      1  0.4927740000000  0.5684870000000  0.4927100000000 1.0
C      1  0.4315130000000  0.5072900000000  0.4927740000000 1.0
C      1  0.5684870000000  0.5072900000000  0.5072260000000 1.0
C      1  0.4315130000000  0.4927100000000  0.5072260000000 1.0
C      1  0.5072900000000  0.5072260000000  0.5684870000000 1.0
C      1  0.4927100000000  0.5072260000000  0.4315130000000 1.0
C      1  0.5072900000000  0.4927740000000  0.4315130000000 1.0
C      1  0.5072260000000  0.4315130000000  0.4927100000000 1.0
C      1  0.4927740000000  0.4315130000000  0.5072900000000 1.0
C      1  0.5072260000000  0.5684870000000  0.5072900000000 1.0
C      1  0.5684870000000  0.4927100000000  0.5072260000000 1.0
C      1  0.4927100000000  0.4927740000000  0.4315130000000 1.0
C      1  0.4927740000000  0.5684870000000  0.5072900000000 1.0
C      1  0.4315130000000  0.5072900000000  0.5072260000000 1.0
C      1  0.5684870000000  0.5072900000000  0.4927740000000 1.0
C      1  0.4315130000000  0.4927100000000  0.4927740000000 1.0
C      1  0.5072900000000  0.5072260000000  0.4315130000000 1.0
C      1  0.4927100000000  0.5072260000000  0.5684870000000 1.0
C      1  0.5072900000000  0.4927740000000  0.5684870000000 1.0
C      1  0.5072260000000  0.4315130000000  0.5072900000000 1.0
C      1  0.4927740000000  0.4315130000000  0.4927100000000 1.0
C      1  0.5072260000000  0.5684870000000  0.4927100000000 1.0
C      1  0.4927690000000  0.5498390000000  0.4489110000000 1.0
C      1  0.5498390000000  0.4489110000000  0.4927690000000 1.0
C      1  0.4489110000000  0.4927690000000  0.5498390000000 1.0
C      1  0.5072310000000  0.4501610000000  0.4489110000000 1.0
C      1  0.4927690000000  0.4501610000000  0.5510890000000 1.0
C      1  0.5072310000000  0.5498390000000  0.5510890000000 1.0
C      1  0.4501610000000  0.5510890000000  0.4927690000000 1.0
C      1  0.5498390000000  0.5510890000000  0.5072310000000 1.0
C      1  0.4501610000000  0.4489110000000  0.5072310000000 1.0
C      1  0.5510890000000  0.5072310000000  0.5498390000000 1.0
C      1  0.4489110000000  0.5072310000000  0.4501610000000 1.0
C      1  0.5510890000000  0.4927690000000  0.4501610000000 1.0
C      1  0.4927690000000  0.5498390000000  0.5510890000000 1.0
C      1  0.5498390000000  0.4489110000000  0.5072310000000 1.0
C      1  0.4489110000000  0.4927690000000  0.4501610000000 1.0
C      1  0.5072310000000  0.4501610000000  0.5510890000000 1.0
C      1  0.4927690000000  0.4501610000000  0.4489110000000 1.0
C      1  0.5072310000000  0.5498390000000  0.4489110000000 1.0
C      1  0.4501610000000  0.5510890000000  0.5072310000000 1.0
C      1  0.5498390000000  0.5510890000000  0.4927690000000 1.0
C      1  0.4501610000000  0.4489110000000  0.4927690000000 1.0
C      1  0.5510890000000  0.5072310000000  0.4501610000000 1.0
C      1  0.4489110000000  0.5072310000000  0.5498390000000 1.0
C      1  0.5510890000000  0.4927690000000  0.5498390000000 1.0
C      1  0.4347200000000  0.5303820000000  0.4658400000000 1.0
C      1  0.5303820000000  0.4658400000000  0.4347200000000 1.0
C      1  0.4658400000000  0.4347200000000  0.5303820000000 1.0
C      1  0.5652800000000  0.4696180000000  0.4658400000000 1.0
C      1  0.4347200000000  0.4696180000000  0.5341600000000 1.0
C      1  0.5652800000000  0.5303820000000  0.5341600000000 1.0
C      1  0.4696180000000  0.5341600000000  0.4347200000000 1.0
C      1  0.5303820000000  0.5341600000000  0.5652800000000 1.0
C      1  0.4696180000000  0.4658400000000  0.5652800000000 1.0
C      1  0.5341600000000  0.5652800000000  0.5303820000000 1.0
C      1  0.4658400000000  0.5652800000000  0.4696180000000 1.0
C      1  0.5341600000000  0.4347200000000  0.4696180000000 1.0
C      1  0.4347200000000  0.5303820000000  0.5341600000000 1.0
C      1  0.5303820000000  0.4658400000000  0.5652800000000 1.0
C      1  0.4658400000000  0.4347200000000  0.4696180000000 1.0
C      1  0.5652800000000  0.4696180000000  0.5341600000000 1.0
C      1  0.4347200000000  0.4696180000000  0.4658400000000 1.0
C      1  0.5652800000000  0.5303820000000  0.4658400000000 1.0
C      1  0.4696180000000  0.5341600000000  0.5652800000000 1.0
C      1  0.5303820000000  0.5341600000000  0.4347200000000 1.0
C      1  0.4696180000000  0.4658400000000  0.4347200000000 1.0
C      1  0.5341600000000  0.5652800000000  0.4696180000000 1.0
C      1  0.4658400000000  0.5652800000000  0.5303820000000 1.0
C      1  0.5341600000000  0.4347200000000  0.5303820000000 1.0
C      1  0.5644700000000  0.5177110000000  0.5295270000000 1.0
C      1  0.5177110000000  0.5295270000000  0.5644700000000 1.0
C      1  0.5295270000000  0.5644700000000  0.5177110000000 1.0
C      1  0.4355300000000  0.4822890000000  0.5295270000000 1.0
C      1  0.5644700000000  0.4822890000000  0.4704730000000 1.0
C      1  0.4355300000000  0.5177110000000  0.4704730000000 1.0
C      1  0.4822890000000  0.4704730000000  0.5644700000000 1.0
C      1  0.5177110000000  0.4704730000000  0.4355300000000 1.0
C      1  0.4822890000000  0.5295270000000  0.4355300000000 1.0
C      1  0.4704730000000  0.4355300000000  0.5177110000000 1.0
C      1  0.5295270000000  0.4355300000000  0.4822890000000 1.0
C      1  0.4704730000000  0.5644700000000  0.4822890000000 1.0
C      1  0.5644700000000  0.5177110000000  0.4704730000000 1.0
C      1  0.5177110000000  0.5295270000000  0.4355300000000 1.0
C      1  0.5295270000000  0.5644700000000  0.4822890000000 1.0
C      1  0.4355300000000  0.4822890000000  0.4704730000000 1.0
C      1  0.5644700000000  0.4822890000000  0.5295270000000 1.0
C      1  0.4355300000000  0.5177110000000  0.5295270000000 1.0
C      1  0.4822890000000  0.4704730000000  0.4355300000000 1.0
C      1  0.5177110000000  0.4704730000000  0.5644700000000 1.0
C      1  0.4822890000000  0.5295270000000  0.5644700000000 1.0
C      1  0.4704730000000  0.4355300000000  0.4822890000000 1.0
C      1  0.5295270000000  0.4355300000000  0.5177110000000 1.0
C      1  0.4704730000000  0.5644700000000  0.5177110000000 1.0
C      1  0.5382640000000  0.4397620000000  0.4926590000000 1.0
C      1  0.4397620000000  0.4926590000000  0.5382640000000 1.0
C      1  0.4926590000000  0.5382640000000  0.4397620000000 1.0
C      1  0.4617360000000  0.5602380000000  0.4926590000000 1.0
C      1  0.5382640000000  0.5602380000000  0.5073410000000 1.0
C      1  0.4617360000000  0.4397620000000  0.5073410000000 1.0
C      1  0.5602380000000  0.5073410000000  0.5382640000000 1.0
C      1  0.4397620000000  0.5073410000000  0.4617360000000 1.0
C      1  0.5602380000000  0.4926590000000  0.4617360000000 1.0
C      1  0.5073410000000  0.4617360000000  0.4397620000000 1.0
C      1  0.4926590000000  0.4617360000000  0.5602380000000 1.0
C      1  0.5073410000000  0.5382640000000  0.5602380000000 1.0
C      1  0.5382640000000  0.4397620000000  0.5073410000000 1.0
C      1  0.4397620000000  0.4926590000000  0.4617360000000 1.0
C      1  0.4926590000000  0.5382640000000  0.5602380000000 1.0
C      1  0.4617360000000  0.5602380000000  0.5073410000000 1.0
C      1  0.5382640000000  0.5602380000000  0.4926590000000 1.0
C      1  0.4617360000000  0.4397620000000  0.4926590000000 1.0
C      1  0.5602380000000  0.5073410000000  0.4617360000000 1.0
C      1  0.4397620000000  0.5073410000000  0.5382640000000 1.0
C      1  0.5602380000000  0.4926590000000  0.5382640000000 1.0
C      1  0.5073410000000  0.4617360000000  0.5602380000000 1.0
C      1  0.4926590000000  0.4617360000000  0.4397620000000 1.0
C      1  0.5073410000000  0.5382640000000  0.4397620000000 1.0
C      1  0.4598810000000  0.5513830000000  0.4553430000000 1.0
C      1  0.5513830000000  0.4553430000000  0.4598810000000 1.0
C      1  0.4553430000000  0.4598810000000  0.5513830000000 1.0
C      1  0.5401190000000  0.4486170000000  0.4553430000000 1.0
C      1  0.4598810000000  0.4486170000000  0.5446570000000 1.0
C      1  0.5401190000000  0.5513830000000  0.5446570000000 1.0
C      1  0.4486170000000  0.5446570000000  0.4598810000000 1.0
C      1  0.5513830000000  0.5446570000000  0.5401190000000 1.0
C      1  0.4486170000000  0.4553430000000  0.5401190000000 1.0
C      1  0.5446570000000  0.5401190000000  0.5513830000000 1.0
C      1  0.4553430000000  0.5401190000000  0.4486170000000 1.0
C      1  0.5446570000000  0.4598810000000  0.4486170000000 1.0
C      1  0.4598810000000  0.5513830000000  0.5446570000000 1.0
C      1  0.5513830000000  0.4553430000000  0.5401190000000 1.0
C      1  0.4553430000000  0.4598810000000  0.4486170000000 1.0
C      1  0.5401190000000  0.4486170000000  0.5446570000000 1.0
C      1  0.4598810000000  0.4486170000000  0.4553430000000 1.0
C      1  0.5401190000000  0.5513830000000  0.4553430000000 1.0
C      1  0.4486170000000  0.5446570000000  0.5401190000000 1.0
C      1  0.5513830000000  0.5446570000000  0.4598810000000 1.0
C      1  0.4486170000000  0.4553430000000  0.4598810000000 1.0
C      1  0.5446570000000  0.5401190000000  0.4486170000000 1.0
C      1  0.4553430000000  0.5401190000000  0.5513830000000 1.0
C      1  0.5446570000000  0.4598810000000  0.5513830000000 1.0
C      1  0.4376610000000  0.4697250000000  0.4927260000000 1.0
C      1  0.4697250000000  0.4927260000000  0.4376610000000 1.0
C      1  0.4927260000000  0.4376610000000  0.4697250000000 1.0
C      1  0.5623390000000  0.5302750000000  0.4927260000000 1.0
C      1  0.4376610000000  0.5302750000000  0.5072740000000 1.0
C      1  0.5623390000000  0.4697250000000  0.5072740000000 1.0
C      1  0.5302750000000  0.5072740000000  0.4376610000000 1.0
C      1  0.4697250000000  0.5072740000000  0.5623390000000 1.0
C      1  0.5302750000000  0.4927260000000  0.5623390000000 1.0
C      1  0.5072740000000  0.5623390000000  0.4697250000000 1.0
C      1  0.4927260000000  0.5623390000000  0.5302750000000 1.0
C      1  0.5072740000000  0.4376610000000  0.5302750000000 1.0
C      1  0.4376610000000  0.4697250000000  0.5072740000000 1.0
C      1  0.4697250000000  0.4927260000000  0.5623390000000 1.0
C      1  0.4927260000000  0.4376610000000  0.5302750000000 1.0
C      1  0.5623390000000  0.5302750000000  0.5072740000000 1.0
C      1  0.4376610000000  0.5302750000000  0.4927260000000 1.0
C      1  0.5623390000000  0.4697250000000  0.4927260000000 1.0
C      1  0.5302750000000  0.5072740000000  0.5623390000000 1.0
C      1  0.4697250000000  0.5072740000000  0.4376610000000 1.0
C      1  0.5302750000000  0.4927260000000  0.4376610000000 1.0
C      1  0.5072740000000  0.5623390000000  0.5302750000000 1.0
C      1  0.4927260000000  0.5623390000000  0.4697250000000 1.0
C      1  0.5072740000000  0.4376610000000  0.4697250000000 1.0
C      1  0.4342650000000  0.5183360000000  0.5148310000000 1.0
C      1  0.5183360000000  0.5148310000000  0.4342650000000 1.0
C      1  0.5148310000000  0.4342650000000  0.5183360000000 1.0
C      1  0.5657350000000  0.4816640000000  0.5148310000000 1.0
C      1  0.4342650000000  0.4816640000000  0.4851690000000 1.0
C      1  0.5657350000000  0.5183360000000  0.4851690000000 1.0
C      1  0.4816640000000  0.4851690000000  0.4342650000000 1.0
C      1  0.5183360000000  0.4851690000000  0.5657350000000 1.0
C      1  0.4816640000000  0.5148310000000  0.5657350000000 1.0
C      1  0.4851690000000  0.5657350000000  0.5183360000000 1.0
C      1  0.5148310000000  0.5657350000000  0.4816640000000 1.0
C      1  0.4851690000000  0.4342650000000  0.4816640000000 1.0
C      1  0.4342650000000  0.5183360000000  0.4851690000000 1.0
C      1  0.5183360000000  0.5148310000000  0.5657350000000 1.0
C      1  0.5148310000000  0.4342650000000  0.4816640000000 1.0
C      1  0.5657350000000  0.4816640000000  0.4851690000000 1.0
C      1  0.4342650000000  0.4816640000000  0.5148310000000 1.0
C      1  0.5657350000000  0.5183360000000  0.5148310000000 1.0
C      1  0.4816640000000  0.4851690000000  0.5657350000000 1.0
C      1  0.5183360000000  0.4851690000000  0.4342650000000 1.0
C      1  0.4816640000000  0.5148310000000  0.4342650000000 1.0
C      1  0.4851690000000  0.5657350000000  0.4816640000000 1.0
C      1  0.5148310000000  0.5657350000000  0.5183360000000 1.0
C      1  0.4851690000000  0.4342650000000  0.5183360000000 1.0
C      1  0.4589660000000  0.4711980000000  0.4407190000000 1.0
C      1  0.4711980000000  0.4407190000000  0.4589660000000 1.0
C      1  0.4407190000000  0.4589660000000  0.4711980000000 1.0
C      1  0.5410340000000  0.5288020000000  0.4407190000000 1.0
C      1  0.4589660000000  0.5288020000000  0.5592810000000 1.0
C      1  0.5410340000000  0.4711980000000  0.5592810000000 1.0
C      1  0.5288020000000  0.5592810000000  0.4589660000000 1.0
C      1  0.4711980000000  0.5592810000000  0.5410340000000 1.0
C      1  0.5288020000000  0.4407190000000  0.5410340000000 1.0
C      1  0.5592810000000  0.5410340000000  0.4711980000000 1.0
C      1  0.4407190000000  0.5410340000000  0.5288020000000 1.0
C      1  0.5592810000000  0.4589660000000  0.5288020000000 1.0
C      1  0.4589660000000  0.4711980000000  0.5592810000000 1.0
C      1  0.4711980000000  0.4407190000000  0.5410340000000 1.0
C      1  0.4407190000000  0.4589660000000  0.5288020000000 1.0
C      1  0.5410340000000  0.5288020000000  0.5592810000000 1.0
C      1  0.4589660000000  0.5288020000000  0.4407190000000 1.0
C      1  0.5410340000000  0.4711980000000  0.4407190000000 1.0
C      1  0.5288020000000  0.5592810000000  0.5410340000000 1.0
C      1  0.4711980000000  0.5592810000000  0.4589660000000 1.0
C      1  0.5288020000000  0.4407190000000  0.4589660000000 1.0
C      1  0.5592810000000  0.5410340000000  0.5288020000000 1.0
C      1  0.4407190000000  0.5410340000000  0.4711980000000 1.0
C      1  0.5592810000000  0.4589660000000  0.4711980000000 1.0
END
