TITL C-1379268-1316-413 -3.24295409431159e-06 1000000 -3873.56942746263 0 0 540 (Th) n - 1
REM
REM in /nfs/bkarasulu/CARBON/AIRSS/Generating-Clusters/GAP-ML-2020/Higher-Symm/Selected-Sizes/TryA-Only_Ih-Symm/Larger-Clusters/Try2-MINAMP_6A
REM
REM
REM
REM
REM
REM ./C.cell (31579ac4e95a012ec27f3239692ae8a5)
REM
REM compiler GCC version 9.2.1 20190827 (Red Hat 9.2.1-1)
REM options -cpp -mtune=generic -march=x86-64 -g -O0 -fpre-include=/usr/include/finclude/math-vector-fortran.h
REM seed -506690721 -1781970398 -1707325086 -105260320 1904283154 -1057743956 -2104203090 1332798976 -943436436 -552957322 1107469559 -1074443634 -2088883323 5947538 993995702 -244892561 -669389239 -643970845 -1464233792 -1970132966 -1611867946 1309283396 -714927924 2087241526 404140150 -1671861323 -430632700 -984225032 -470500162 316325620 -1173024556 -299707270 -2052555817
REM
CELL 1.54180  100.00000  100.00000  100.00000   90.00000   90.00000   90.00000
LATT -1
SFAC C  
C      1  0.4859960000000  0.4427990000000  0.4830550000000 1.0
C      1  0.4427990000000  0.4830550000000  0.4859960000000 1.0
C      1  0.4830550000000  0.4859960000000  0.4427990000000 1.0
C      1  0.5140040000000  0.5572010000000  0.4830550000000 1.0
C      1  0.4859960000000  0.5572010000000  0.5169450000000 1.0
C      1  0.5140040000000  0.4427990000000  0.5169450000000 1.0
C      1  0.5572010000000  0.5169450000000  0.4859960000000 1.0
C      1  0.4427990000000  0.5169450000000  0.5140040000000 1.0
C      1  0.5572010000000  0.4830550000000  0.5140040000000 1.0
C      1  0.5169450000000  0.5140040000000  0.4427990000000 1.0
C      1  0.4830550000000  0.5140040000000  0.5572010000000 1.0
C      1  0.5169450000000  0.4859960000000  0.5572010000000 1.0
C      1  0.4859960000000  0.4427990000000  0.5169450000000 1.0
C      1  0.4427990000000  0.4830550000000  0.5140040000000 1.0
C      1  0.4830550000000  0.4859960000000  0.5572010000000 1.0
C      1  0.5140040000000  0.5572010000000  0.5169450000000 1.0
C      1  0.4859960000000  0.5572010000000  0.4830550000000 1.0
C      1  0.5140040000000  0.4427990000000  0.4830550000000 1.0
C      1  0.5572010000000  0.5169450000000  0.5140040000000 1.0
C      1  0.4427990000000  0.5169450000000  0.4859960000000 1.0
C      1  0.5572010000000  0.4830550000000  0.4859960000000 1.0
C      1  0.5169450000000  0.5140040000000  0.5572010000000 1.0
C      1  0.4830550000000  0.5140040000000  0.4427990000000 1.0
C      1  0.5169450000000  0.4859960000000  0.4427990000000 1.0
C      1  0.5363740000000  0.5604140000000  0.5078330000000 1.0
C      1  0.5604140000000  0.5078330000000  0.5363740000000 1.0
C      1  0.5078330000000  0.5363740000000  0.5604140000000 1.0
C      1  0.4636260000000  0.4395860000000  0.5078330000000 1.0
C      1  0.5363740000000  0.4395860000000  0.4921670000000 1.0
C      1  0.4636260000000  0.5604140000000  0.4921670000000 1.0
C      1  0.4395860000000  0.4921670000000  0.5363740000000 1.0
C      1  0.5604140000000  0.4921670000000  0.4636260000000 1.0
C      1  0.4395860000000  0.5078330000000  0.4636260000000 1.0
C      1  0.4921670000000  0.4636260000000  0.5604140000000 1.0
C      1  0.5078330000000  0.4636260000000  0.4395860000000 1.0
C      1  0.4921670000000  0.5363740000000  0.4395860000000 1.0
C      1  0.5363740000000  0.5604140000000  0.4921670000000 1.0
C      1  0.5604140000000  0.5078330000000  0.4636260000000 1.0
C      1  0.5078330000000  0.5363740000000  0.4395860000000 1.0
C      1  0.4636260000000  0.4395860000000  0.4921670000000 1.0
C      1  0.5363740000000  0.4395860000000  0.5078330000000 1.0
C      1  0.4636260000000  0.5604140000000  0.5078330000000 1.0
C      1  0.4395860000000  0.4921670000000  0.4636260000000 1.0
C      1  0.5604140000000  0.4921670000000  0.5363740000000 1.0
C      1  0.4395860000000  0.5078330000000  0.5363740000000 1.0
C      1  0.4921670000000  0.4636260000000  0.4395860000000 1.0
C      1  0.5078330000000  0.4636260000000  0.5604140000000 1.0
C      1  0.4921670000000  0.5363740000000  0.5604140000000 1.0
C      1  0.4441560000000  0.5660600000000  0.4436500000000 1.0
C      1  0.5660600000000  0.4436500000000  0.4441560000000 1.0
C      1  0.4436500000000  0.4441560000000  0.5660600000000 1.0
C      1  0.5558440000000  0.4339400000000  0.4436500000000 1.0
C      1  0.4441560000000  0.4339400000000  0.5563500000000 1.0
C      1  0.5558440000000  0.5660600000000  0.5563500000000 1.0
C      1  0.4339400000000  0.5563500000000  0.4441560000000 1.0
C      1  0.5660600000000  0.5563500000000  0.5558440000000 1.0
C      1  0.4339400000000  0.4436500000000  0.5558440000000 1.0
C      1  0.5563500000000  0.5558440000000  0.5660600000000 1.0
C      1  0.4436500000000  0.5558440000000  0.4339400000000 1.0
C      1  0.5563500000000  0.4441560000000  0.4339400000000 1.0
C      1  0.4441560000000  0.5660600000000  0.5563500000000 1.0
C      1  0.5660600000000  0.4436500000000  0.5558440000000 1.0
C      1  0.4436500000000  0.4441560000000  0.4339400000000 1.0
C      1  0.5558440000000  0.4339400000000  0.5563500000000 1.0
C      1  0.4441560000000  0.4339400000000  0.4436500000000 1.0
C      1  0.5558440000000  0.5660600000000  0.4436500000000 1.0
C      1  0.4339400000000  0.5563500000000  0.5558440000000 1.0
C      1  0.5660600000000  0.5563500000000  0.4441560000000 1.0
C      1  0.4339400000000  0.4436500000000  0.4441560000000 1.0
C      1  0.5563500000000  0.5558440000000  0.4339400000000 1.0
C      1  0.4436500000000  0.5558440000000  0.5660600000000 1.0
C      1  0.5563500000000  0.4441560000000  0.5660600000000 1.0
C      1  0.4527890000000  0.5450170000000  0.5673610000000 1.0
C      1  0.5450170000000  0.5673610000000  0.4527890000000 1.0
C      1  0.5673610000000  0.4527890000000  0.5450170000000 1.0
C      1  0.5472110000000  0.4549830000000  0.5673610000000 1.0
C      1  0.4527890000000  0.4549830000000  0.4326390000000 1.0
C      1  0.5472110000000  0.5450170000000  0.4326390000000 1.0
C      1  0.4549830000000  0.4326390000000  0.4527890000000 1.0
C      1  0.5450170000000  0.4326390000000  0.5472110000000 1.0
C      1  0.4549830000000  0.5673610000000  0.5472110000000 1.0
C      1  0.4326390000000  0.5472110000000  0.5450170000000 1.0
C      1  0.5673610000000  0.5472110000000  0.4549830000000 1.0
C      1  0.4326390000000  0.4527890000000  0.4549830000000 1.0
C      1  0.4527890000000  0.5450170000000  0.4326390000000 1.0
C      1  0.5450170000000  0.5673610000000  0.5472110000000 1.0
C      1  0.5673610000000  0.4527890000000  0.4549830000000 1.0
C      1  0.5472110000000  0.4549830000000  0.4326390000000 1.0
C      1  0.4527890000000  0.4549830000000  0.5673610000000 1.0
C      1  0.5472110000000  0.5450170000000  0.5673610000000 1.0
C      1  0.4549830000000  0.4326390000000  0.5472110000000 1.0
C      1  0.5450170000000  0.4326390000000  0.4527890000000 1.0
C      1  0.4549830000000  0.5673610000000  0.4527890000000 1.0
C      1  0.4326390000000  0.5472110000000  0.4549830000000 1.0
C      1  0.5673610000000  0.5472110000000  0.5450170000000 1.0
C      1  0.4326390000000  0.4527890000000  0.5450170000000 1.0
C      1  0.4322520000000  0.4921840000000  0.5076810000000 1.0
C      1  0.4921840000000  0.5076810000000  0.4322520000000 1.0
C      1  0.5076810000000  0.4322520000000  0.4921840000000 1.0
C      1  0.5677480000000  0.5078160000000  0.5076810000000 1.0
C      1  0.4322520000000  0.5078160000000  0.4923190000000 1.0
C      1  0.5677480000000  0.4921840000000  0.4923190000000 1.0
C      1  0.5078160000000  0.4923190000000  0.4322520000000 1.0
C      1  0.4921840000000  0.4923190000000  0.5677480000000 1.0
C      1  0.5078160000000  0.5076810000000  0.5677480000000 1.0
C      1  0.4923190000000  0.5677480000000  0.4921840000000 1.0
C      1  0.5076810000000  0.5677480000000  0.5078160000000 1.0
C      1  0.4923190000000  0.4322520000000  0.5078160000000 1.0
C      1  0.4322520000000  0.4921840000000  0.4923190000000 1.0
C      1  0.4921840000000  0.5076810000000  0.5677480000000 1.0
C      1  0.5076810000000  0.4322520000000  0.5078160000000 1.0
C      1  0.5677480000000  0.5078160000000  0.4923190000000 1.0
C      1  0.4322520000000  0.5078160000000  0.5076810000000 1.0
C      1  0.5677480000000  0.4921840000000  0.5076810000000 1.0
C      1  0.5078160000000  0.4923190000000  0.5677480000000 1.0
C      1  0.4921840000000  0.4923190000000  0.4322520000000 1.0
C      1  0.5078160000000  0.5076810000000  0.4322520000000 1.0
C      1  0.4923190000000  0.5677480000000  0.5078160000000 1.0
C      1  0.5076810000000  0.5677480000000  0.4921840000000 1.0
C      1  0.4923190000000  0.4322520000000  0.4921840000000 1.0
C      1  0.4547530000000  0.4604410000000  0.4738040000000 1.0
C      1  0.4604410000000  0.4738040000000  0.4547530000000 1.0
C      1  0.4738040000000  0.4547530000000  0.4604410000000 1.0
C      1  0.5452470000000  0.5395590000000  0.4738040000000 1.0
C      1  0.4547530000000  0.5395590000000  0.5261960000000 1.0
C      1  0.5452470000000  0.4604410000000  0.5261960000000 1.0
C      1  0.5395590000000  0.5261960000000  0.4547530000000 1.0
C      1  0.4604410000000  0.5261960000000  0.5452470000000 1.0
C      1  0.5395590000000  0.4738040000000  0.5452470000000 1.0
C      1  0.5261960000000  0.5452470000000  0.4604410000000 1.0
C      1  0.4738040000000  0.5452470000000  0.5395590000000 1.0
C      1  0.5261960000000  0.4547530000000  0.5395590000000 1.0
C      1  0.4547530000000  0.4604410000000  0.5261960000000 1.0
C      1  0.4604410000000  0.4738040000000  0.5452470000000 1.0
C      1  0.4738040000000  0.4547530000000  0.5395590000000 1.0
C      1  0.5452470000000  0.5395590000000  0.5261960000000 1.0
C      1  0.4547530000000  0.5395590000000  0.4738040000000 1.0
C      1  0.5452470000000  0.4604410000000  0.4738040000000 1.0
C      1  0.5395590000000  0.5261960000000  0.5452470000000 1.0
C      1  0.4604410000000  0.5261960000000  0.4547530000000 1.0
C      1  0.5395590000000  0.4738040000000  0.4547530000000 1.0
C      1  0.5261960000000  0.5452470000000  0.5395590000000 1.0
C      1  0.4738040000000  0.5452470000000  0.4604410000000 1.0
C      1  0.5261960000000  0.4547530000000  0.4604410000000 1.0
C      1  0.4925650000000  0.4494660000000  0.4463860000000 1.0
C      1  0.4494660000000  0.4463860000000  0.4925650000000 1.0
C      1  0.4463860000000  0.4925650000000  0.4494660000000 1.0
C      1  0.5074350000000  0.5505340000000  0.4463860000000 1.0
C      1  0.4925650000000  0.5505340000000  0.5536140000000 1.0
C      1  0.5074350000000  0.4494660000000  0.5536140000000 1.0
C      1  0.5505340000000  0.5536140000000  0.4925650000000 1.0
C      1  0.4494660000000  0.5536140000000  0.5074350000000 1.0
C      1  0.5505340000000  0.4463860000000  0.5074350000000 1.0
C      1  0.5536140000000  0.5074350000000  0.4494660000000 1.0
C      1  0.4463860000000  0.5074350000000  0.5505340000000 1.0
C      1  0.5536140000000  0.4925650000000  0.5505340000000 1.0
C      1  0.4925650000000  0.4494660000000  0.5536140000000 1.0
C      1  0.4494660000000  0.4463860000000  0.5074350000000 1.0
C      1  0.4463860000000  0.4925650000000  0.5505340000000 1.0
C      1  0.5074350000000  0.5505340000000  0.5536140000000 1.0
C      1  0.4925650000000  0.5505340000000  0.4463860000000 1.0
C      1  0.5074350000000  0.4494660000000  0.4463860000000 1.0
C      1  0.5505340000000  0.5536140000000  0.5074350000000 1.0
C      1  0.4494660000000  0.5536140000000  0.4925650000000 1.0
C      1  0.5505340000000  0.4463860000000  0.4925650000000 1.0
C      1  0.5536140000000  0.5074350000000  0.5505340000000 1.0
C      1  0.4463860000000  0.5074350000000  0.4494660000000 1.0
C      1  0.5536140000000  0.4925650000000  0.4494660000000 1.0
C      1  0.5808820000000  0.4868040000000  0.4860010000000 1.0
C      1  0.4868040000000  0.4860010000000  0.5808820000000 1.0
C      1  0.4860010000000  0.5808820000000  0.4868040000000 1.0
C      1  0.4191180000000  0.5131960000000  0.4860010000000 1.0
C      1  0.5808820000000  0.5131960000000  0.5139990000000 1.0
C      1  0.4191180000000  0.4868040000000  0.5139990000000 1.0
C      1  0.5131960000000  0.5139990000000  0.5808820000000 1.0
C      1  0.4868040000000  0.5139990000000  0.4191180000000 1.0
C      1  0.5131960000000  0.4860010000000  0.4191180000000 1.0
C      1  0.5139990000000  0.4191180000000  0.4868040000000 1.0
C      1  0.4860010000000  0.4191180000000  0.5131960000000 1.0
C      1  0.5139990000000  0.5808820000000  0.5131960000000 1.0
C      1  0.5808820000000  0.4868040000000  0.5139990000000 1.0
C      1  0.4868040000000  0.4860010000000  0.4191180000000 1.0
C      1  0.4860010000000  0.5808820000000  0.5131960000000 1.0
C      1  0.4191180000000  0.5131960000000  0.5139990000000 1.0
C      1  0.5808820000000  0.5131960000000  0.4860010000000 1.0
C      1  0.4191180000000  0.4868040000000  0.4860010000000 1.0
C      1  0.5131960000000  0.5139990000000  0.4191180000000 1.0
C      1  0.4868040000000  0.5139990000000  0.5808820000000 1.0
C      1  0.5131960000000  0.4860010000000  0.5808820000000 1.0
C      1  0.5139990000000  0.4191180000000  0.5131960000000 1.0
C      1  0.4860010000000  0.4191180000000  0.4868040000000 1.0
C      1  0.5139990000000  0.5808820000000  0.4868040000000 1.0
C      1  0.5546490000000  0.5173560000000  0.4724910000000 1.0
C      1  0.5173560000000  0.4724910000000  0.5546490000000 1.0
C      1  0.4724910000000  0.5546490000000  0.5173560000000 1.0
C      1  0.4453510000000  0.4826440000000  0.4724910000000 1.0
C      1  0.5546490000000  0.4826440000000  0.5275090000000 1.0
C      1  0.4453510000000  0.5173560000000  0.5275090000000 1.0
C      1  0.4826440000000  0.5275090000000  0.5546490000000 1.0
C      1  0.5173560000000  0.5275090000000  0.4453510000000 1.0
C      1  0.4826440000000  0.4724910000000  0.4453510000000 1.0
C      1  0.5275090000000  0.4453510000000  0.5173560000000 1.0
C      1  0.4724910000000  0.4453510000000  0.4826440000000 1.0
C      1  0.5275090000000  0.5546490000000  0.4826440000000 1.0
C      1  0.5546490000000  0.5173560000000  0.5275090000000 1.0
C      1  0.5173560000000  0.4724910000000  0.4453510000000 1.0
C      1  0.4724910000000  0.5546490000000  0.4826440000000 1.0
C      1  0.4453510000000  0.4826440000000  0.5275090000000 1.0
C      1  0.5546490000000  0.4826440000000  0.4724910000000 1.0
C      1  0.4453510000000  0.5173560000000  0.4724910000000 1.0
C      1  0.4826440000000  0.5275090000000  0.4453510000000 1.0
C      1  0.5173560000000  0.5275090000000  0.5546490000000 1.0
C      1  0.4826440000000  0.4724910000000  0.5546490000000 1.0
C      1  0.5275090000000  0.4453510000000  0.4826440000000 1.0
C      1  0.4724910000000  0.4453510000000  0.5173560000000 1.0
C      1  0.5275090000000  0.5546490000000  0.5173560000000 1.0
C      1  0.5401740000000  0.5135500000000  0.5503330000000 1.0
C      1  0.5135500000000  0.5503330000000  0.5401740000000 1.0
C      1  0.5503330000000  0.5401740000000  0.5135500000000 1.0
C      1  0.4598260000000  0.4864500000000  0.5503330000000 1.0
C      1  0.5401740000000  0.4864500000000  0.4496670000000 1.0
C      1  0.4598260000000  0.5135500000000  0.4496670000000 1.0
C      1  0.4864500000000  0.4496670000000  0.5401740000000 1.0
C      1  0.5135500000000  0.4496670000000  0.4598260000000 1.0
C      1  0.4864500000000  0.5503330000000  0.4598260000000 1.0
C      1  0.4496670000000  0.4598260000000  0.5135500000000 1.0
C      1  0.5503330000000  0.4598260000000  0.4864500000000 1.0
C      1  0.4496670000000  0.5401740000000  0.4864500000000 1.0
C      1  0.5401740000000  0.5135500000000  0.4496670000000 1.0
C      1  0.5135500000000  0.5503330000000  0.4598260000000 1.0
C      1  0.5503330000000  0.5401740000000  0.4864500000000 1.0
C      1  0.4598260000000  0.4864500000000  0.4496670000000 1.0
C      1  0.5401740000000  0.4864500000000  0.5503330000000 1.0
C      1  0.4598260000000  0.5135500000000  0.5503330000000 1.0
C      1  0.4864500000000  0.4496670000000  0.4598260000000 1.0
C      1  0.5135500000000  0.4496670000000  0.5401740000000 1.0
C      1  0.4864500000000  0.5503330000000  0.5401740000000 1.0
C      1  0.4496670000000  0.4598260000000  0.4864500000000 1.0
C      1  0.5503330000000  0.4598260000000  0.5135500000000 1.0
C      1  0.4496670000000  0.5401740000000  0.5135500000000 1.0
C      1  0.4683680000000  0.4305610000000  0.5524510000000 1.0
C      1  0.4305610000000  0.5524510000000  0.4683680000000 1.0
C      1  0.5524510000000  0.4683680000000  0.4305610000000 1.0
C      1  0.5316320000000  0.5694390000000  0.5524510000000 1.0
C      1  0.4683680000000  0.5694390000000  0.4475490000000 1.0
C      1  0.5316320000000  0.4305610000000  0.4475490000000 1.0
C      1  0.5694390000000  0.4475490000000  0.4683680000000 1.0
C      1  0.4305610000000  0.4475490000000  0.5316320000000 1.0
C      1  0.5694390000000  0.5524510000000  0.5316320000000 1.0
C      1  0.4475490000000  0.5316320000000  0.4305610000000 1.0
C      1  0.5524510000000  0.5316320000000  0.5694390000000 1.0
C      1  0.4475490000000  0.4683680000000  0.5694390000000 1.0
C      1  0.4683680000000  0.4305610000000  0.4475490000000 1.0
C      1  0.4305610000000  0.5524510000000  0.5316320000000 1.0
C      1  0.5524510000000  0.4683680000000  0.5694390000000 1.0
C      1  0.5316320000000  0.5694390000000  0.4475490000000 1.0
C      1  0.4683680000000  0.5694390000000  0.5524510000000 1.0
C      1  0.5316320000000  0.4305610000000  0.5524510000000 1.0
C      1  0.5694390000000  0.4475490000000  0.5316320000000 1.0
C      1  0.4305610000000  0.4475490000000  0.4683680000000 1.0
C      1  0.5694390000000  0.5524510000000  0.4683680000000 1.0
C      1  0.4475490000000  0.5316320000000  0.5694390000000 1.0
C      1  0.5524510000000  0.5316320000000  0.4305610000000 1.0
C      1  0.4475490000000  0.4683680000000  0.4305610000000 1.0
C      1  0.5295490000000  0.5356300000000  0.5504770000000 1.0
C      1  0.5356300000000  0.5504770000000  0.5295490000000 1.0
C      1  0.5504770000000  0.5295490000000  0.5356300000000 1.0
C      1  0.4704510000000  0.4643700000000  0.5504770000000 1.0
C      1  0.5295490000000  0.4643700000000  0.4495230000000 1.0
C      1  0.4704510000000  0.5356300000000  0.4495230000000 1.0
C      1  0.4643700000000  0.4495230000000  0.5295490000000 1.0
C      1  0.5356300000000  0.4495230000000  0.4704510000000 1.0
C      1  0.4643700000000  0.5504770000000  0.4704510000000 1.0
C      1  0.4495230000000  0.4704510000000  0.5356300000000 1.0
C      1  0.5504770000000  0.4704510000000  0.4643700000000 1.0
C      1  0.4495230000000  0.5295490000000  0.4643700000000 1.0
C      1  0.5295490000000  0.5356300000000  0.4495230000000 1.0
C      1  0.5356300000000  0.5504770000000  0.4704510000000 1.0
C      1  0.5504770000000  0.5295490000000  0.4643700000000 1.0
C      1  0.4704510000000  0.4643700000000  0.4495230000000 1.0
C      1  0.5295490000000  0.4643700000000  0.5504770000000 1.0
C      1  0.4704510000000  0.5356300000000  0.5504770000000 1.0
C      1  0.4643700000000  0.4495230000000  0.4704510000000 1.0
C      1  0.5356300000000  0.4495230000000  0.5295490000000 1.0
C      1  0.4643700000000  0.5504770000000  0.5295490000000 1.0
C      1  0.4495230000000  0.4704510000000  0.4643700000000 1.0
C      1  0.5504770000000  0.4704510000000  0.5356300000000 1.0
C      1  0.4495230000000  0.5295490000000  0.5356300000000 1.0
C      1  0.4763860000000  0.5779440000000  0.4545700000000 1.0
C      1  0.5779440000000  0.4545700000000  0.4763860000000 1.0
C      1  0.4545700000000  0.4763860000000  0.5779440000000 1.0
C      1  0.5236140000000  0.4220560000000  0.4545700000000 1.0
C      1  0.4763860000000  0.4220560000000  0.5454300000000 1.0
C      1  0.5236140000000  0.5779440000000  0.5454300000000 1.0
C      1  0.4220560000000  0.5454300000000  0.4763860000000 1.0
C      1  0.5779440000000  0.5454300000000  0.5236140000000 1.0
C      1  0.4220560000000  0.4545700000000  0.5236140000000 1.0
C      1  0.5454300000000  0.5236140000000  0.5779440000000 1.0
C      1  0.4545700000000  0.5236140000000  0.4220560000000 1.0
C      1  0.5454300000000  0.4763860000000  0.4220560000000 1.0
C      1  0.4763860000000  0.5779440000000  0.5454300000000 1.0
C      1  0.5779440000000  0.4545700000000  0.5236140000000 1.0
C      1  0.4545700000000  0.4763860000000  0.4220560000000 1.0
C      1  0.5236140000000  0.4220560000000  0.5454300000000 1.0
C      1  0.4763860000000  0.4220560000000  0.4545700000000 1.0
C      1  0.5236140000000  0.5779440000000  0.4545700000000 1.0
C      1  0.4220560000000  0.5454300000000  0.5236140000000 1.0
C      1  0.5779440000000  0.5454300000000  0.4763860000000 1.0
C      1  0.4220560000000  0.4545700000000  0.4763860000000 1.0
C      1  0.5454300000000  0.5236140000000  0.4220560000000 1.0
C      1  0.4545700000000  0.5236140000000  0.5779440000000 1.0
C      1  0.5454300000000  0.4763860000000  0.5779440000000 1.0
C      1  0.5620830000000  0.4725750000000  0.5594920000000 1.0
C      1  0.4725750000000  0.5594920000000  0.5620830000000 1.0
C      1  0.5594920000000  0.5620830000000  0.4725750000000 1.0
C      1  0.4379170000000  0.5274250000000  0.5594920000000 1.0
C      1  0.5620830000000  0.5274250000000  0.4405080000000 1.0
C      1  0.4379170000000  0.4725750000000  0.4405080000000 1.0
C      1  0.5274250000000  0.4405080000000  0.5620830000000 1.0
C      1  0.4725750000000  0.4405080000000  0.4379170000000 1.0
C      1  0.5274250000000  0.5594920000000  0.4379170000000 1.0
C      1  0.4405080000000  0.4379170000000  0.4725750000000 1.0
C      1  0.5594920000000  0.4379170000000  0.5274250000000 1.0
C      1  0.4405080000000  0.5620830000000  0.5274250000000 1.0
C      1  0.5620830000000  0.4725750000000  0.4405080000000 1.0
C      1  0.4725750000000  0.5594920000000  0.4379170000000 1.0
C      1  0.5594920000000  0.5620830000000  0.5274250000000 1.0
C      1  0.4379170000000  0.5274250000000  0.4405080000000 1.0
C      1  0.5620830000000  0.5274250000000  0.5594920000000 1.0
C      1  0.4379170000000  0.4725750000000  0.5594920000000 1.0
C      1  0.5274250000000  0.4405080000000  0.4379170000000 1.0
C      1  0.4725750000000  0.4405080000000  0.5620830000000 1.0
C      1  0.5274250000000  0.5594920000000  0.5620830000000 1.0
C      1  0.4405080000000  0.4379170000000  0.5274250000000 1.0
C      1  0.5594920000000  0.4379170000000  0.4725750000000 1.0
C      1  0.4405080000000  0.5620830000000  0.4725750000000 1.0
C      1  0.5836510000000  0.4747950000000  0.5071920000000 1.0
C      1  0.4747950000000  0.5071920000000  0.5836510000000 1.0
C      1  0.5071920000000  0.5836510000000  0.4747950000000 1.0
C      1  0.4163490000000  0.5252050000000  0.5071920000000 1.0
C      1  0.5836510000000  0.5252050000000  0.4928080000000 1.0
C      1  0.4163490000000  0.4747950000000  0.4928080000000 1.0
C      1  0.5252050000000  0.4928080000000  0.5836510000000 1.0
C      1  0.4747950000000  0.4928080000000  0.4163490000000 1.0
C      1  0.5252050000000  0.5071920000000  0.4163490000000 1.0
C      1  0.4928080000000  0.4163490000000  0.4747950000000 1.0
C      1  0.5071920000000  0.4163490000000  0.5252050000000 1.0
C      1  0.4928080000000  0.5836510000000  0.5252050000000 1.0
C      1  0.5836510000000  0.4747950000000  0.4928080000000 1.0
C      1  0.4747950000000  0.5071920000000  0.4163490000000 1.0
C      1  0.5071920000000  0.5836510000000  0.5252050000000 1.0
C      1  0.4163490000000  0.5252050000000  0.4928080000000 1.0
C      1  0.5836510000000  0.5252050000000  0.5071920000000 1.0
C      1  0.4163490000000  0.4747950000000  0.5071920000000 1.0
C      1  0.5252050000000  0.4928080000000  0.4163490000000 1.0
C      1  0.4747950000000  0.4928080000000  0.5836510000000 1.0
C      1  0.5252050000000  0.5071920000000  0.5836510000000 1.0
C      1  0.4928080000000  0.4163490000000  0.5252050000000 1.0
C      1  0.5071920000000  0.4163490000000  0.4747950000000 1.0
C      1  0.4928080000000  0.5836510000000  0.4747950000000 1.0
C      1  0.4350760000000  0.5136780000000  0.4420060000000 1.0
C      1  0.5136780000000  0.4420060000000  0.4350760000000 1.0
C      1  0.4420060000000  0.4350760000000  0.5136780000000 1.0
C      1  0.5649240000000  0.4863220000000  0.4420060000000 1.0
C      1  0.4350760000000  0.4863220000000  0.5579940000000 1.0
C      1  0.5649240000000  0.5136780000000  0.5579940000000 1.0
C      1  0.4863220000000  0.5579940000000  0.4350760000000 1.0
C      1  0.5136780000000  0.5579940000000  0.5649240000000 1.0
C      1  0.4863220000000  0.4420060000000  0.5649240000000 1.0
C      1  0.5579940000000  0.5649240000000  0.5136780000000 1.0
C      1  0.4420060000000  0.5649240000000  0.4863220000000 1.0
C      1  0.5579940000000  0.4350760000000  0.4863220000000 1.0
C      1  0.4350760000000  0.5136780000000  0.5579940000000 1.0
C      1  0.5136780000000  0.4420060000000  0.5649240000000 1.0
C      1  0.4420060000000  0.4350760000000  0.4863220000000 1.0
C      1  0.5649240000000  0.4863220000000  0.5579940000000 1.0
C      1  0.4350760000000  0.4863220000000  0.4420060000000 1.0
C      1  0.5649240000000  0.5136780000000  0.4420060000000 1.0
C      1  0.4863220000000  0.5579940000000  0.5649240000000 1.0
C      1  0.5136780000000  0.5579940000000  0.4350760000000 1.0
C      1  0.4863220000000  0.4420060000000  0.4350760000000 1.0
C      1  0.5579940000000  0.5649240000000  0.4863220000000 1.0
C      1  0.4420060000000  0.5649240000000  0.5136780000000 1.0
C      1  0.5579940000000  0.4350760000000  0.5136780000000 1.0
C      1  0.5622250000000  0.4656150000000  0.4532670000000 1.0
C      1  0.4656150000000  0.4532670000000  0.5622250000000 1.0
C      1  0.4532670000000  0.5622250000000  0.4656150000000 1.0
C      1  0.4377750000000  0.5343850000000  0.4532670000000 1.0
C      1  0.5622250000000  0.5343850000000  0.5467330000000 1.0
C      1  0.4377750000000  0.4656150000000  0.5467330000000 1.0
C      1  0.5343850000000  0.5467330000000  0.5622250000000 1.0
C      1  0.4656150000000  0.5467330000000  0.4377750000000 1.0
C      1  0.5343850000000  0.4532670000000  0.4377750000000 1.0
C      1  0.5467330000000  0.4377750000000  0.4656150000000 1.0
C      1  0.4532670000000  0.4377750000000  0.5343850000000 1.0
C      1  0.5467330000000  0.5622250000000  0.5343850000000 1.0
C      1  0.5622250000000  0.4656150000000  0.5467330000000 1.0
C      1  0.4656150000000  0.4532670000000  0.4377750000000 1.0
C      1  0.4532670000000  0.5622250000000  0.5343850000000 1.0
C      1  0.4377750000000  0.5343850000000  0.5467330000000 1.0
C      1  0.5622250000000  0.5343850000000  0.4532670000000 1.0
C      1  0.4377750000000  0.4656150000000  0.4532670000000 1.0
C      1  0.5343850000000  0.5467330000000  0.4377750000000 1.0
C      1  0.4656150000000  0.5467330000000  0.5622250000000 1.0
C      1  0.5343850000000  0.4532670000000  0.5622250000000 1.0
C      1  0.5467330000000  0.4377750000000  0.5343850000000 1.0
C      1  0.4532670000000  0.4377750000000  0.4656150000000 1.0
C      1  0.5467330000000  0.5622250000000  0.4656150000000 1.0
C      1  0.4479150000000  0.4234480000000  0.5070310000000 1.0
C      1  0.4234480000000  0.5070310000000  0.4479150000000 1.0
C      1  0.5070310000000  0.4479150000000  0.4234480000000 1.0
C      1  0.5520850000000  0.5765520000000  0.5070310000000 1.0
C      1  0.4479150000000  0.5765520000000  0.4929690000000 1.0
C      1  0.5520850000000  0.4234480000000  0.4929690000000 1.0
C      1  0.5765520000000  0.4929690000000  0.4479150000000 1.0
C      1  0.4234480000000  0.4929690000000  0.5520850000000 1.0
C      1  0.5765520000000  0.5070310000000  0.5520850000000 1.0
C      1  0.4929690000000  0.5520850000000  0.4234480000000 1.0
C      1  0.5070310000000  0.5520850000000  0.5765520000000 1.0
C      1  0.4929690000000  0.4479150000000  0.5765520000000 1.0
C      1  0.4479150000000  0.4234480000000  0.4929690000000 1.0
C      1  0.4234480000000  0.5070310000000  0.5520850000000 1.0
C      1  0.5070310000000  0.4479150000000  0.5765520000000 1.0
C      1  0.5520850000000  0.5765520000000  0.4929690000000 1.0
C      1  0.4479150000000  0.5765520000000  0.5070310000000 1.0
C      1  0.5520850000000  0.4234480000000  0.5070310000000 1.0
C      1  0.5765520000000  0.4929690000000  0.5520850000000 1.0
C      1  0.4234480000000  0.4929690000000  0.4479150000000 1.0
C      1  0.5765520000000  0.5070310000000  0.4479150000000 1.0
C      1  0.4929690000000  0.5520850000000  0.5765520000000 1.0
C      1  0.5070310000000  0.5520850000000  0.4234480000000 1.0
C      1  0.4929690000000  0.4479150000000  0.4234480000000 1.0
C      1  0.5068630000000  0.4456480000000  0.5285770000000 1.0
C      1  0.4456480000000  0.5285770000000  0.5068630000000 1.0
C      1  0.5285770000000  0.5068630000000  0.4456480000000 1.0
C      1  0.4931370000000  0.5543520000000  0.5285770000000 1.0
C      1  0.5068630000000  0.5543520000000  0.4714230000000 1.0
C      1  0.4931370000000  0.4456480000000  0.4714230000000 1.0
C      1  0.5543520000000  0.4714230000000  0.5068630000000 1.0
C      1  0.4456480000000  0.4714230000000  0.4931370000000 1.0
C      1  0.5543520000000  0.5285770000000  0.4931370000000 1.0
C      1  0.4714230000000  0.4931370000000  0.4456480000000 1.0
C      1  0.5285770000000  0.4931370000000  0.5543520000000 1.0
C      1  0.4714230000000  0.5068630000000  0.5543520000000 1.0
C      1  0.5068630000000  0.4456480000000  0.4714230000000 1.0
C      1  0.4456480000000  0.5285770000000  0.4931370000000 1.0
C      1  0.5285770000000  0.5068630000000  0.5543520000000 1.0
C      1  0.4931370000000  0.5543520000000  0.4714230000000 1.0
C      1  0.5068630000000  0.5543520000000  0.5285770000000 1.0
C      1  0.4931370000000  0.4456480000000  0.5285770000000 1.0
C      1  0.5543520000000  0.4714230000000  0.4931370000000 1.0
C      1  0.4456480000000  0.4714230000000  0.5068630000000 1.0
C      1  0.5543520000000  0.5285770000000  0.5068630000000 1.0
C      1  0.4714230000000  0.4931370000000  0.5543520000000 1.0
C      1  0.5285770000000  0.4931370000000  0.4456480000000 1.0
C      1  0.4714230000000  0.5068630000000  0.4456480000000 1.0
C      1  0.4883700000000  0.4616850000000  0.5757140000000 1.0
C      1  0.4616850000000  0.5757140000000  0.4883700000000 1.0
C      1  0.5757140000000  0.4883700000000  0.4616850000000 1.0
C      1  0.5116300000000  0.5383150000000  0.5757140000000 1.0
C      1  0.4883700000000  0.5383150000000  0.4242860000000 1.0
C      1  0.5116300000000  0.4616850000000  0.4242860000000 1.0
C      1  0.5383150000000  0.4242860000000  0.4883700000000 1.0
C      1  0.4616850000000  0.4242860000000  0.5116300000000 1.0
C      1  0.5383150000000  0.5757140000000  0.5116300000000 1.0
C      1  0.4242860000000  0.5116300000000  0.4616850000000 1.0
C      1  0.5757140000000  0.5116300000000  0.5383150000000 1.0
C      1  0.4242860000000  0.4883700000000  0.5383150000000 1.0
C      1  0.4883700000000  0.4616850000000  0.4242860000000 1.0
C      1  0.4616850000000  0.5757140000000  0.5116300000000 1.0
C      1  0.5757140000000  0.4883700000000  0.5383150000000 1.0
C      1  0.5116300000000  0.5383150000000  0.4242860000000 1.0
C      1  0.4883700000000  0.5383150000000  0.5757140000000 1.0
C      1  0.5116300000000  0.4616850000000  0.5757140000000 1.0
C      1  0.5383150000000  0.4242860000000  0.5116300000000 1.0
C      1  0.4616850000000  0.4242860000000  0.4883700000000 1.0
C      1  0.5383150000000  0.5757140000000  0.4883700000000 1.0
C      1  0.4242860000000  0.5116300000000  0.5383150000000 1.0
C      1  0.5757140000000  0.5116300000000  0.4616850000000 1.0
C      1  0.4242860000000  0.4883700000000  0.4616850000000 1.0
C      1  0.5832170000000  0.4927210000000  0.4731790000000 1.0
C      1  0.4927210000000  0.4731790000000  0.5832170000000 1.0
C      1  0.4731790000000  0.5832170000000  0.4927210000000 1.0
C      1  0.4167830000000  0.5072790000000  0.4731790000000 1.0
C      1  0.5832170000000  0.5072790000000  0.5268210000000 1.0
C      1  0.4167830000000  0.4927210000000  0.5268210000000 1.0
C      1  0.5072790000000  0.5268210000000  0.5832170000000 1.0
C      1  0.4927210000000  0.5268210000000  0.4167830000000 1.0
C      1  0.5072790000000  0.4731790000000  0.4167830000000 1.0
C      1  0.5268210000000  0.4167830000000  0.4927210000000 1.0
C      1  0.4731790000000  0.4167830000000  0.5072790000000 1.0
C      1  0.5268210000000  0.5832170000000  0.5072790000000 1.0
C      1  0.5832170000000  0.4927210000000  0.5268210000000 1.0
C      1  0.4927210000000  0.4731790000000  0.4167830000000 1.0
C      1  0.4731790000000  0.5832170000000  0.5072790000000 1.0
C      1  0.4167830000000  0.5072790000000  0.5268210000000 1.0
C      1  0.5832170000000  0.5072790000000  0.4731790000000 1.0
C      1  0.4167830000000  0.4927210000000  0.4731790000000 1.0
C      1  0.5072790000000  0.5268210000000  0.4167830000000 1.0
C      1  0.4927210000000  0.5268210000000  0.5832170000000 1.0
C      1  0.5072790000000  0.4731790000000  0.5832170000000 1.0
C      1  0.5268210000000  0.4167830000000  0.5072790000000 1.0
C      1  0.4731790000000  0.4167830000000  0.4927210000000 1.0
C      1  0.5268210000000  0.5832170000000  0.4927210000000 1.0
C      1  0.4879440000000  0.4180660000000  0.5395620000000 1.0
C      1  0.4180660000000  0.5395620000000  0.4879440000000 1.0
C      1  0.5395620000000  0.4879440000000  0.4180660000000 1.0
C      1  0.5120560000000  0.5819340000000  0.5395620000000 1.0
C      1  0.4879440000000  0.5819340000000  0.4604380000000 1.0
C      1  0.5120560000000  0.4180660000000  0.4604380000000 1.0
C      1  0.5819340000000  0.4604380000000  0.4879440000000 1.0
C      1  0.4180660000000  0.4604380000000  0.5120560000000 1.0
C      1  0.5819340000000  0.5395620000000  0.5120560000000 1.0
C      1  0.4604380000000  0.5120560000000  0.4180660000000 1.0
C      1  0.5395620000000  0.5120560000000  0.5819340000000 1.0
C      1  0.4604380000000  0.4879440000000  0.5819340000000 1.0
C      1  0.4879440000000  0.4180660000000  0.4604380000000 1.0
C      1  0.4180660000000  0.5395620000000  0.5120560000000 1.0
C      1  0.5395620000000  0.4879440000000  0.5819340000000 1.0
C      1  0.5120560000000  0.5819340000000  0.4604380000000 1.0
C      1  0.4879440000000  0.5819340000000  0.5395620000000 1.0
C      1  0.5120560000000  0.4180660000000  0.5395620000000 1.0
C      1  0.5819340000000  0.4604380000000  0.5120560000000 1.0
C      1  0.4180660000000  0.4604380000000  0.4879440000000 1.0
C      1  0.5819340000000  0.5395620000000  0.4879440000000 1.0
C      1  0.4604380000000  0.5120560000000  0.5819340000000 1.0
C      1  0.5395620000000  0.5120560000000  0.4180660000000 1.0
C      1  0.4604380000000  0.4879440000000  0.4180660000000 1.0
C      1  0.5466110000000  0.5000000000000  0.5815510000000 1.0
C      1  0.5000000000000  0.5815510000000  0.5466110000000 1.0
C      1  0.5815510000000  0.5466110000000  0.5000000000000 1.0
C      1  0.4533890000000  0.5000000000000  0.5815510000000 1.0
C      1  0.5466110000000  0.5000000000000  0.4184490000000 1.0
C      1  0.4533890000000  0.5000000000000  0.4184490000000 1.0
C      1  0.5000000000000  0.4184490000000  0.5466110000000 1.0
C      1  0.5000000000000  0.4184490000000  0.4533890000000 1.0
C      1  0.5000000000000  0.5815510000000  0.4533890000000 1.0
C      1  0.4184490000000  0.4533890000000  0.5000000000000 1.0
C      1  0.5815510000000  0.4533890000000  0.5000000000000 1.0
C      1  0.4184490000000  0.5466110000000  0.5000000000000 1.0
END
