TITL C-1379265-1223-299 -1.46170256668153e-06 1000000 -4261.75574397495 0 0 600 (Th) n - 1
REM
REM in /nfs/bkarasulu/CARBON/AIRSS/Generating-Clusters/GAP-ML-2020/Higher-Symm/Selected-Sizes/TryA-Only_Ih-Symm/Larger-Clusters/Try2-MINAMP_6A
REM
REM
REM
REM
REM
REM ./C.cell (31579ac4e95a012ec27f3239692ae8a5)
REM
REM compiler GCC version 9.2.1 20190827 (Red Hat 9.2.1-1)
REM options -cpp -mtune=generic -march=x86-64 -g -O0 -fpre-include=/usr/include/finclude/math-vector-fortran.h
REM seed -1348497445 333133328 -1698078052 -1283029168 2114826779 -1283018749 54794862 1374604494 1256842887 -1135830002 -1773601169 -1219210477 -1633511286 -73687716 455029183 -46984973 146513373 1489501239 -1383383180 -1805273534 1979897404 966597301 -926300022 -247183547 394083500 543595964 1052085240 -750517305 -413619464 979982595 597507528 272654670 439220678
REM
CELL 1.54180  100.00000  100.00000  100.00000   90.00000   90.00000   90.00000
LATT -1
SFAC C  
C      1  0.5453140000000  0.4448720000000  0.5656290000000 1.0
C      1  0.4448720000000  0.5656290000000  0.5453140000000 1.0
C      1  0.5656290000000  0.5453140000000  0.4448720000000 1.0
C      1  0.4546860000000  0.5551280000000  0.5656290000000 1.0
C      1  0.5453140000000  0.5551280000000  0.4343710000000 1.0
C      1  0.4546860000000  0.4448720000000  0.4343710000000 1.0
C      1  0.5551280000000  0.4343710000000  0.5453140000000 1.0
C      1  0.4448720000000  0.4343710000000  0.4546860000000 1.0
C      1  0.5551280000000  0.5656290000000  0.4546860000000 1.0
C      1  0.4343710000000  0.4546860000000  0.4448720000000 1.0
C      1  0.5656290000000  0.4546860000000  0.5551280000000 1.0
C      1  0.4343710000000  0.5453140000000  0.5551280000000 1.0
C      1  0.5453140000000  0.4448720000000  0.4343710000000 1.0
C      1  0.4448720000000  0.5656290000000  0.4546860000000 1.0
C      1  0.5656290000000  0.5453140000000  0.5551280000000 1.0
C      1  0.4546860000000  0.5551280000000  0.4343710000000 1.0
C      1  0.5453140000000  0.5551280000000  0.5656290000000 1.0
C      1  0.4546860000000  0.4448720000000  0.5656290000000 1.0
C      1  0.5551280000000  0.4343710000000  0.4546860000000 1.0
C      1  0.4448720000000  0.4343710000000  0.5453140000000 1.0
C      1  0.5551280000000  0.5656290000000  0.5453140000000 1.0
C      1  0.4343710000000  0.4546860000000  0.5551280000000 1.0
C      1  0.5656290000000  0.4546860000000  0.4448720000000 1.0
C      1  0.4343710000000  0.5453140000000  0.4448720000000 1.0
C      1  0.4703150000000  0.5285270000000  0.4289480000000 1.0
C      1  0.5285270000000  0.4289480000000  0.4703150000000 1.0
C      1  0.4289480000000  0.4703150000000  0.5285270000000 1.0
C      1  0.5296850000000  0.4714730000000  0.4289480000000 1.0
C      1  0.4703150000000  0.4714730000000  0.5710520000000 1.0
C      1  0.5296850000000  0.5285270000000  0.5710520000000 1.0
C      1  0.4714730000000  0.5710520000000  0.4703150000000 1.0
C      1  0.5285270000000  0.5710520000000  0.5296850000000 1.0
C      1  0.4714730000000  0.4289480000000  0.5296850000000 1.0
C      1  0.5710520000000  0.5296850000000  0.5285270000000 1.0
C      1  0.4289480000000  0.5296850000000  0.4714730000000 1.0
C      1  0.5710520000000  0.4703150000000  0.4714730000000 1.0
C      1  0.4703150000000  0.5285270000000  0.5710520000000 1.0
C      1  0.5285270000000  0.4289480000000  0.5296850000000 1.0
C      1  0.4289480000000  0.4703150000000  0.4714730000000 1.0
C      1  0.5296850000000  0.4714730000000  0.5710520000000 1.0
C      1  0.4703150000000  0.4714730000000  0.4289480000000 1.0
C      1  0.5296850000000  0.5285270000000  0.4289480000000 1.0
C      1  0.4714730000000  0.5710520000000  0.5296850000000 1.0
C      1  0.5285270000000  0.5710520000000  0.4703150000000 1.0
C      1  0.4714730000000  0.4289480000000  0.4703150000000 1.0
C      1  0.5710520000000  0.5296850000000  0.4714730000000 1.0
C      1  0.4289480000000  0.5296850000000  0.5285270000000 1.0
C      1  0.5710520000000  0.4703150000000  0.5285270000000 1.0
C      1  0.5265730000000  0.4156910000000  0.5074940000000 1.0
C      1  0.4156910000000  0.5074940000000  0.5265730000000 1.0
C      1  0.5074940000000  0.5265730000000  0.4156910000000 1.0
C      1  0.4734270000000  0.5843090000000  0.5074940000000 1.0
C      1  0.5265730000000  0.5843090000000  0.4925060000000 1.0
C      1  0.4734270000000  0.4156910000000  0.4925060000000 1.0
C      1  0.5843090000000  0.4925060000000  0.5265730000000 1.0
C      1  0.4156910000000  0.4925060000000  0.4734270000000 1.0
C      1  0.5843090000000  0.5074940000000  0.4734270000000 1.0
C      1  0.4925060000000  0.4734270000000  0.4156910000000 1.0
C      1  0.5074940000000  0.4734270000000  0.5843090000000 1.0
C      1  0.4925060000000  0.5265730000000  0.5843090000000 1.0
C      1  0.5265730000000  0.4156910000000  0.4925060000000 1.0
C      1  0.4156910000000  0.5074940000000  0.4734270000000 1.0
C      1  0.5074940000000  0.5265730000000  0.5843090000000 1.0
C      1  0.4734270000000  0.5843090000000  0.4925060000000 1.0
C      1  0.5265730000000  0.5843090000000  0.5074940000000 1.0
C      1  0.4734270000000  0.4156910000000  0.5074940000000 1.0
C      1  0.5843090000000  0.4925060000000  0.4734270000000 1.0
C      1  0.4156910000000  0.4925060000000  0.5265730000000 1.0
C      1  0.5843090000000  0.5074940000000  0.5265730000000 1.0
C      1  0.4925060000000  0.4734270000000  0.5843090000000 1.0
C      1  0.5074940000000  0.4734270000000  0.4156910000000 1.0
C      1  0.4925060000000  0.5265730000000  0.4156910000000 1.0
C      1  0.4407130000000  0.5073960000000  0.4309210000000 1.0
C      1  0.5073960000000  0.4309210000000  0.4407130000000 1.0
C      1  0.4309210000000  0.4407130000000  0.5073960000000 1.0
C      1  0.5592870000000  0.4926040000000  0.4309210000000 1.0
C      1  0.4407130000000  0.4926040000000  0.5690790000000 1.0
C      1  0.5592870000000  0.5073960000000  0.5690790000000 1.0
C      1  0.4926040000000  0.5690790000000  0.4407130000000 1.0
C      1  0.5073960000000  0.5690790000000  0.5592870000000 1.0
C      1  0.4926040000000  0.4309210000000  0.5592870000000 1.0
C      1  0.5690790000000  0.5592870000000  0.5073960000000 1.0
C      1  0.4309210000000  0.5592870000000  0.4926040000000 1.0
C      1  0.5690790000000  0.4407130000000  0.4926040000000 1.0
C      1  0.4407130000000  0.5073960000000  0.5690790000000 1.0
C      1  0.5073960000000  0.4309210000000  0.5592870000000 1.0
C      1  0.4309210000000  0.4407130000000  0.4926040000000 1.0
C      1  0.5592870000000  0.4926040000000  0.5690790000000 1.0
C      1  0.4407130000000  0.4926040000000  0.4309210000000 1.0
C      1  0.5592870000000  0.5073960000000  0.4309210000000 1.0
C      1  0.4926040000000  0.5690790000000  0.5592870000000 1.0
C      1  0.5073960000000  0.5690790000000  0.4407130000000 1.0
C      1  0.4926040000000  0.4309210000000  0.4407130000000 1.0
C      1  0.5690790000000  0.5592870000000  0.4926040000000 1.0
C      1  0.4309210000000  0.5592870000000  0.5073960000000 1.0
C      1  0.5690790000000  0.4407130000000  0.5073960000000 1.0
C      1  0.4613630000000  0.5133610000000  0.5425450000000 1.0
C      1  0.5133610000000  0.5425450000000  0.4613630000000 1.0
C      1  0.5425450000000  0.4613630000000  0.5133610000000 1.0
C      1  0.5386370000000  0.4866390000000  0.5425450000000 1.0
C      1  0.4613630000000  0.4866390000000  0.4574550000000 1.0
C      1  0.5386370000000  0.5133610000000  0.4574550000000 1.0
C      1  0.4866390000000  0.4574550000000  0.4613630000000 1.0
C      1  0.5133610000000  0.4574550000000  0.5386370000000 1.0
C      1  0.4866390000000  0.5425450000000  0.5386370000000 1.0
C      1  0.4574550000000  0.5386370000000  0.5133610000000 1.0
C      1  0.5425450000000  0.5386370000000  0.4866390000000 1.0
C      1  0.4574550000000  0.4613630000000  0.4866390000000 1.0
C      1  0.4613630000000  0.5133610000000  0.4574550000000 1.0
C      1  0.5133610000000  0.5425450000000  0.5386370000000 1.0
C      1  0.5425450000000  0.4613630000000  0.4866390000000 1.0
C      1  0.5386370000000  0.4866390000000  0.4574550000000 1.0
C      1  0.4613630000000  0.4866390000000  0.5425450000000 1.0
C      1  0.5386370000000  0.5133610000000  0.5425450000000 1.0
C      1  0.4866390000000  0.4574550000000  0.5386370000000 1.0
C      1  0.5133610000000  0.4574550000000  0.4613630000000 1.0
C      1  0.4866390000000  0.5425450000000  0.4613630000000 1.0
C      1  0.4574550000000  0.5386370000000  0.4866390000000 1.0
C      1  0.5425450000000  0.5386370000000  0.5133610000000 1.0
C      1  0.4574550000000  0.4613630000000  0.5133610000000 1.0
C      1  0.5070210000000  0.5493920000000  0.5156260000000 1.0
C      1  0.5493920000000  0.5156260000000  0.5070210000000 1.0
C      1  0.5156260000000  0.5070210000000  0.5493920000000 1.0
C      1  0.4929790000000  0.4506080000000  0.5156260000000 1.0
C      1  0.5070210000000  0.4506080000000  0.4843740000000 1.0
C      1  0.4929790000000  0.5493920000000  0.4843740000000 1.0
C      1  0.4506080000000  0.4843740000000  0.5070210000000 1.0
C      1  0.5493920000000  0.4843740000000  0.4929790000000 1.0
C      1  0.4506080000000  0.5156260000000  0.4929790000000 1.0
C      1  0.4843740000000  0.4929790000000  0.5493920000000 1.0
C      1  0.5156260000000  0.4929790000000  0.4506080000000 1.0
C      1  0.4843740000000  0.5070210000000  0.4506080000000 1.0
C      1  0.5070210000000  0.5493920000000  0.4843740000000 1.0
C      1  0.5493920000000  0.5156260000000  0.4929790000000 1.0
C      1  0.5156260000000  0.5070210000000  0.4506080000000 1.0
C      1  0.4929790000000  0.4506080000000  0.4843740000000 1.0
C      1  0.5070210000000  0.4506080000000  0.5156260000000 1.0
C      1  0.4929790000000  0.5493920000000  0.5156260000000 1.0
C      1  0.4506080000000  0.4843740000000  0.4929790000000 1.0
C      1  0.5493920000000  0.4843740000000  0.5070210000000 1.0
C      1  0.4506080000000  0.5156260000000  0.5070210000000 1.0
C      1  0.4843740000000  0.4929790000000  0.4506080000000 1.0
C      1  0.5156260000000  0.4929790000000  0.5493920000000 1.0
C      1  0.4843740000000  0.5070210000000  0.5493920000000 1.0
C      1  0.5304130000000  0.5679570000000  0.5569120000000 1.0
C      1  0.5679570000000  0.5569120000000  0.5304130000000 1.0
C      1  0.5569120000000  0.5304130000000  0.5679570000000 1.0
C      1  0.4695870000000  0.4320430000000  0.5569120000000 1.0
C      1  0.5304130000000  0.4320430000000  0.4430880000000 1.0
C      1  0.4695870000000  0.5679570000000  0.4430880000000 1.0
C      1  0.4320430000000  0.4430880000000  0.5304130000000 1.0
C      1  0.5679570000000  0.4430880000000  0.4695870000000 1.0
C      1  0.4320430000000  0.5569120000000  0.4695870000000 1.0
C      1  0.4430880000000  0.4695870000000  0.5679570000000 1.0
C      1  0.5569120000000  0.4695870000000  0.4320430000000 1.0
C      1  0.4430880000000  0.5304130000000  0.4320430000000 1.0
C      1  0.5304130000000  0.5679570000000  0.4430880000000 1.0
C      1  0.5679570000000  0.5569120000000  0.4695870000000 1.0
C      1  0.5569120000000  0.5304130000000  0.4320430000000 1.0
C      1  0.4695870000000  0.4320430000000  0.4430880000000 1.0
C      1  0.5304130000000  0.4320430000000  0.5569120000000 1.0
C      1  0.4695870000000  0.5679570000000  0.5569120000000 1.0
C      1  0.4320430000000  0.4430880000000  0.4695870000000 1.0
C      1  0.5679570000000  0.4430880000000  0.5304130000000 1.0
C      1  0.4320430000000  0.5569120000000  0.5304130000000 1.0
C      1  0.4430880000000  0.4695870000000  0.4320430000000 1.0
C      1  0.5569120000000  0.4695870000000  0.5679570000000 1.0
C      1  0.4430880000000  0.5304130000000  0.5679570000000 1.0
C      1  0.4388370000000  0.4918440000000  0.5286170000000 1.0
C      1  0.4918440000000  0.5286170000000  0.4388370000000 1.0
C      1  0.5286170000000  0.4388370000000  0.4918440000000 1.0
C      1  0.5611630000000  0.5081560000000  0.5286170000000 1.0
C      1  0.4388370000000  0.5081560000000  0.4713830000000 1.0
C      1  0.5611630000000  0.4918440000000  0.4713830000000 1.0
C      1  0.5081560000000  0.4713830000000  0.4388370000000 1.0
C      1  0.4918440000000  0.4713830000000  0.5611630000000 1.0
C      1  0.5081560000000  0.5286170000000  0.5611630000000 1.0
C      1  0.4713830000000  0.5611630000000  0.4918440000000 1.0
C      1  0.5286170000000  0.5611630000000  0.5081560000000 1.0
C      1  0.4713830000000  0.4388370000000  0.5081560000000 1.0
C      1  0.4388370000000  0.4918440000000  0.4713830000000 1.0
C      1  0.4918440000000  0.5286170000000  0.5611630000000 1.0
C      1  0.5286170000000  0.4388370000000  0.5081560000000 1.0
C      1  0.5611630000000  0.5081560000000  0.4713830000000 1.0
C      1  0.4388370000000  0.5081560000000  0.5286170000000 1.0
C      1  0.5611630000000  0.4918440000000  0.5286170000000 1.0
C      1  0.5081560000000  0.4713830000000  0.5611630000000 1.0
C      1  0.4918440000000  0.4713830000000  0.4388370000000 1.0
C      1  0.5081560000000  0.5286170000000  0.4388370000000 1.0
C      1  0.4713830000000  0.5611630000000  0.5081560000000 1.0
C      1  0.5286170000000  0.5611630000000  0.4918440000000 1.0
C      1  0.4713830000000  0.4388370000000  0.4918440000000 1.0
C      1  0.5366650000000  0.4511490000000  0.5068100000000 1.0
C      1  0.4511490000000  0.5068100000000  0.5366650000000 1.0
C      1  0.5068100000000  0.5366650000000  0.4511490000000 1.0
C      1  0.4633350000000  0.5488510000000  0.5068100000000 1.0
C      1  0.5366650000000  0.5488510000000  0.4931900000000 1.0
C      1  0.4633350000000  0.4511490000000  0.4931900000000 1.0
C      1  0.5488510000000  0.4931900000000  0.5366650000000 1.0
C      1  0.4511490000000  0.4931900000000  0.4633350000000 1.0
C      1  0.5488510000000  0.5068100000000  0.4633350000000 1.0
C      1  0.4931900000000  0.4633350000000  0.4511490000000 1.0
C      1  0.5068100000000  0.4633350000000  0.5488510000000 1.0
C      1  0.4931900000000  0.5366650000000  0.5488510000000 1.0
C      1  0.5366650000000  0.4511490000000  0.4931900000000 1.0
C      1  0.4511490000000  0.5068100000000  0.4633350000000 1.0
C      1  0.5068100000000  0.5366650000000  0.5488510000000 1.0
C      1  0.4633350000000  0.5488510000000  0.4931900000000 1.0
C      1  0.5366650000000  0.5488510000000  0.5068100000000 1.0
C      1  0.4633350000000  0.4511490000000  0.5068100000000 1.0
C      1  0.5488510000000  0.4931900000000  0.4633350000000 1.0
C      1  0.4511490000000  0.4931900000000  0.5366650000000 1.0
C      1  0.5488510000000  0.5068100000000  0.5366650000000 1.0
C      1  0.4931900000000  0.4633350000000  0.5488510000000 1.0
C      1  0.5068100000000  0.4633350000000  0.4511490000000 1.0
C      1  0.4931900000000  0.5366650000000  0.4511490000000 1.0
C      1  0.5650930000000  0.5297580000000  0.5546540000000 1.0
C      1  0.5297580000000  0.5546540000000  0.5650930000000 1.0
C      1  0.5546540000000  0.5650930000000  0.5297580000000 1.0
C      1  0.4349070000000  0.4702420000000  0.5546540000000 1.0
C      1  0.5650930000000  0.4702420000000  0.4453460000000 1.0
C      1  0.4349070000000  0.5297580000000  0.4453460000000 1.0
C      1  0.4702420000000  0.4453460000000  0.5650930000000 1.0
C      1  0.5297580000000  0.4453460000000  0.4349070000000 1.0
C      1  0.4702420000000  0.5546540000000  0.4349070000000 1.0
C      1  0.4453460000000  0.4349070000000  0.5297580000000 1.0
C      1  0.5546540000000  0.4349070000000  0.4702420000000 1.0
C      1  0.4453460000000  0.5650930000000  0.4702420000000 1.0
C      1  0.5650930000000  0.5297580000000  0.4453460000000 1.0
C      1  0.5297580000000  0.5546540000000  0.4349070000000 1.0
C      1  0.5546540000000  0.5650930000000  0.4702420000000 1.0
C      1  0.4349070000000  0.4702420000000  0.4453460000000 1.0
C      1  0.5650930000000  0.4702420000000  0.5546540000000 1.0
C      1  0.4349070000000  0.5297580000000  0.5546540000000 1.0
C      1  0.4702420000000  0.4453460000000  0.4349070000000 1.0
C      1  0.5297580000000  0.4453460000000  0.5650930000000 1.0
C      1  0.4702420000000  0.5546540000000  0.5650930000000 1.0
C      1  0.4453460000000  0.4349070000000  0.4702420000000 1.0
C      1  0.5546540000000  0.4349070000000  0.5297580000000 1.0
C      1  0.4453460000000  0.5650930000000  0.5297580000000 1.0
C      1  0.4840310000000  0.4653930000000  0.4260650000000 1.0
C      1  0.4653930000000  0.4260650000000  0.4840310000000 1.0
C      1  0.4260650000000  0.4840310000000  0.4653930000000 1.0
C      1  0.5159690000000  0.5346070000000  0.4260650000000 1.0
C      1  0.4840310000000  0.5346070000000  0.5739350000000 1.0
C      1  0.5159690000000  0.4653930000000  0.5739350000000 1.0
C      1  0.5346070000000  0.5739350000000  0.4840310000000 1.0
C      1  0.4653930000000  0.5739350000000  0.5159690000000 1.0
C      1  0.5346070000000  0.4260650000000  0.5159690000000 1.0
C      1  0.5739350000000  0.5159690000000  0.4653930000000 1.0
C      1  0.4260650000000  0.5159690000000  0.5346070000000 1.0
C      1  0.5739350000000  0.4840310000000  0.5346070000000 1.0
C      1  0.4840310000000  0.4653930000000  0.5739350000000 1.0
C      1  0.4653930000000  0.4260650000000  0.5159690000000 1.0
C      1  0.4260650000000  0.4840310000000  0.5346070000000 1.0
C      1  0.5159690000000  0.5346070000000  0.5739350000000 1.0
C      1  0.4840310000000  0.5346070000000  0.4260650000000 1.0
C      1  0.5159690000000  0.4653930000000  0.4260650000000 1.0
C      1  0.5346070000000  0.5739350000000  0.5159690000000 1.0
C      1  0.4653930000000  0.5739350000000  0.4840310000000 1.0
C      1  0.5346070000000  0.4260650000000  0.4840310000000 1.0
C      1  0.5739350000000  0.5159690000000  0.5346070000000 1.0
C      1  0.4260650000000  0.5159690000000  0.4653930000000 1.0
C      1  0.5739350000000  0.4840310000000  0.4653930000000 1.0
C      1  0.5174440000000  0.5771160000000  0.4634530000000 1.0
C      1  0.5771160000000  0.4634530000000  0.5174440000000 1.0
C      1  0.4634530000000  0.5174440000000  0.5771160000000 1.0
C      1  0.4825560000000  0.4228840000000  0.4634530000000 1.0
C      1  0.5174440000000  0.4228840000000  0.5365470000000 1.0
C      1  0.4825560000000  0.5771160000000  0.5365470000000 1.0
C      1  0.4228840000000  0.5365470000000  0.5174440000000 1.0
C      1  0.5771160000000  0.5365470000000  0.4825560000000 1.0
C      1  0.4228840000000  0.4634530000000  0.4825560000000 1.0
C      1  0.5365470000000  0.4825560000000  0.5771160000000 1.0
C      1  0.4634530000000  0.4825560000000  0.4228840000000 1.0
C      1  0.5365470000000  0.5174440000000  0.4228840000000 1.0
C      1  0.5174440000000  0.5771160000000  0.5365470000000 1.0
C      1  0.5771160000000  0.4634530000000  0.4825560000000 1.0
C      1  0.4634530000000  0.5174440000000  0.4228840000000 1.0
C      1  0.4825560000000  0.4228840000000  0.5365470000000 1.0
C      1  0.5174440000000  0.4228840000000  0.4634530000000 1.0
C      1  0.4825560000000  0.5771160000000  0.4634530000000 1.0
C      1  0.4228840000000  0.5365470000000  0.4825560000000 1.0
C      1  0.5771160000000  0.5365470000000  0.5174440000000 1.0
C      1  0.4228840000000  0.4634530000000  0.5174440000000 1.0
C      1  0.5365470000000  0.4825560000000  0.4228840000000 1.0
C      1  0.4634530000000  0.4825560000000  0.5771160000000 1.0
C      1  0.5365470000000  0.5174440000000  0.5771160000000 1.0
C      1  0.5576940000000  0.5332130000000  0.4680780000000 1.0
C      1  0.5332130000000  0.4680780000000  0.5576940000000 1.0
C      1  0.4680780000000  0.5576940000000  0.5332130000000 1.0
C      1  0.4423060000000  0.4667870000000  0.4680780000000 1.0
C      1  0.5576940000000  0.4667870000000  0.5319220000000 1.0
C      1  0.4423060000000  0.5332130000000  0.5319220000000 1.0
C      1  0.4667870000000  0.5319220000000  0.5576940000000 1.0
C      1  0.5332130000000  0.5319220000000  0.4423060000000 1.0
C      1  0.4667870000000  0.4680780000000  0.4423060000000 1.0
C      1  0.5319220000000  0.4423060000000  0.5332130000000 1.0
C      1  0.4680780000000  0.4423060000000  0.4667870000000 1.0
C      1  0.5319220000000  0.5576940000000  0.4667870000000 1.0
C      1  0.5576940000000  0.5332130000000  0.5319220000000 1.0
C      1  0.5332130000000  0.4680780000000  0.4423060000000 1.0
C      1  0.4680780000000  0.5576940000000  0.4667870000000 1.0
C      1  0.4423060000000  0.4667870000000  0.5319220000000 1.0
C      1  0.5576940000000  0.4667870000000  0.4680780000000 1.0
C      1  0.4423060000000  0.5332130000000  0.4680780000000 1.0
C      1  0.4667870000000  0.5319220000000  0.4423060000000 1.0
C      1  0.5332130000000  0.5319220000000  0.5576940000000 1.0
C      1  0.4667870000000  0.4680780000000  0.5576940000000 1.0
C      1  0.5319220000000  0.4423060000000  0.4667870000000 1.0
C      1  0.4680780000000  0.4423060000000  0.5332130000000 1.0
C      1  0.5319220000000  0.5576940000000  0.5332130000000 1.0
C      1  0.4689940000000  0.4550540000000  0.5538560000000 1.0
C      1  0.4550540000000  0.5538560000000  0.4689940000000 1.0
C      1  0.5538560000000  0.4689940000000  0.4550540000000 1.0
C      1  0.5310060000000  0.5449460000000  0.5538560000000 1.0
C      1  0.4689940000000  0.5449460000000  0.4461440000000 1.0
C      1  0.5310060000000  0.4550540000000  0.4461440000000 1.0
C      1  0.5449460000000  0.4461440000000  0.4689940000000 1.0
C      1  0.4550540000000  0.4461440000000  0.5310060000000 1.0
C      1  0.5449460000000  0.5538560000000  0.5310060000000 1.0
C      1  0.4461440000000  0.5310060000000  0.4550540000000 1.0
C      1  0.5538560000000  0.5310060000000  0.5449460000000 1.0
C      1  0.4461440000000  0.4689940000000  0.5449460000000 1.0
C      1  0.4689940000000  0.4550540000000  0.4461440000000 1.0
C      1  0.4550540000000  0.5538560000000  0.5310060000000 1.0
C      1  0.5538560000000  0.4689940000000  0.5449460000000 1.0
C      1  0.5310060000000  0.5449460000000  0.4461440000000 1.0
C      1  0.4689940000000  0.5449460000000  0.5538560000000 1.0
C      1  0.5310060000000  0.4550540000000  0.5538560000000 1.0
C      1  0.5449460000000  0.4461440000000  0.5310060000000 1.0
C      1  0.4550540000000  0.4461440000000  0.4689940000000 1.0
C      1  0.5449460000000  0.5538560000000  0.4689940000000 1.0
C      1  0.4461440000000  0.5310060000000  0.5449460000000 1.0
C      1  0.5538560000000  0.5310060000000  0.4550540000000 1.0
C      1  0.4461440000000  0.4689940000000  0.4550540000000 1.0
C      1  0.5257900000000  0.4789970000000  0.5146360000000 1.0
C      1  0.4789970000000  0.5146360000000  0.5257900000000 1.0
C      1  0.5146360000000  0.5257900000000  0.4789970000000 1.0
C      1  0.4742100000000  0.5210030000000  0.5146360000000 1.0
C      1  0.5257900000000  0.5210030000000  0.4853640000000 1.0
C      1  0.4742100000000  0.4789970000000  0.4853640000000 1.0
C      1  0.5210030000000  0.4853640000000  0.5257900000000 1.0
C      1  0.4789970000000  0.4853640000000  0.4742100000000 1.0
C      1  0.5210030000000  0.5146360000000  0.4742100000000 1.0
C      1  0.4853640000000  0.4742100000000  0.4789970000000 1.0
C      1  0.5146360000000  0.4742100000000  0.5210030000000 1.0
C      1  0.4853640000000  0.5257900000000  0.5210030000000 1.0
C      1  0.5257900000000  0.4789970000000  0.4853640000000 1.0
C      1  0.4789970000000  0.5146360000000  0.4742100000000 1.0
C      1  0.5146360000000  0.5257900000000  0.5210030000000 1.0
C      1  0.4742100000000  0.5210030000000  0.4853640000000 1.0
C      1  0.5257900000000  0.5210030000000  0.5146360000000 1.0
C      1  0.4742100000000  0.4789970000000  0.5146360000000 1.0
C      1  0.5210030000000  0.4853640000000  0.4742100000000 1.0
C      1  0.4789970000000  0.4853640000000  0.5257900000000 1.0
C      1  0.5210030000000  0.5146360000000  0.5257900000000 1.0
C      1  0.4853640000000  0.4742100000000  0.5210030000000 1.0
C      1  0.5146360000000  0.4742100000000  0.4789970000000 1.0
C      1  0.4853640000000  0.5257900000000  0.4789970000000 1.0
C      1  0.4865700000000  0.4158980000000  0.5138960000000 1.0
C      1  0.4158980000000  0.5138960000000  0.4865700000000 1.0
C      1  0.5138960000000  0.4865700000000  0.4158980000000 1.0
C      1  0.5134300000000  0.5841020000000  0.5138960000000 1.0
C      1  0.4865700000000  0.5841020000000  0.4861040000000 1.0
C      1  0.5134300000000  0.4158980000000  0.4861040000000 1.0
C      1  0.5841020000000  0.4861040000000  0.4865700000000 1.0
C      1  0.4158980000000  0.4861040000000  0.5134300000000 1.0
C      1  0.5841020000000  0.5138960000000  0.5134300000000 1.0
C      1  0.4861040000000  0.5134300000000  0.4158980000000 1.0
C      1  0.5138960000000  0.5134300000000  0.5841020000000 1.0
C      1  0.4861040000000  0.4865700000000  0.5841020000000 1.0
C      1  0.4865700000000  0.4158980000000  0.4861040000000 1.0
C      1  0.4158980000000  0.5138960000000  0.5134300000000 1.0
C      1  0.5138960000000  0.4865700000000  0.5841020000000 1.0
C      1  0.5134300000000  0.5841020000000  0.4861040000000 1.0
C      1  0.4865700000000  0.5841020000000  0.5138960000000 1.0
C      1  0.5134300000000  0.4158980000000  0.5138960000000 1.0
C      1  0.5841020000000  0.4861040000000  0.5134300000000 1.0
C      1  0.4158980000000  0.4861040000000  0.4865700000000 1.0
C      1  0.5841020000000  0.5138960000000  0.4865700000000 1.0
C      1  0.4861040000000  0.5134300000000  0.5841020000000 1.0
C      1  0.5138960000000  0.5134300000000  0.4158980000000 1.0
C      1  0.4861040000000  0.4865700000000  0.4158980000000 1.0
C      1  0.4501370000000  0.4272440000000  0.4819940000000 1.0
C      1  0.4272440000000  0.4819940000000  0.4501370000000 1.0
C      1  0.4819940000000  0.4501370000000  0.4272440000000 1.0
C      1  0.5498630000000  0.5727560000000  0.4819940000000 1.0
C      1  0.4501370000000  0.5727560000000  0.5180060000000 1.0
C      1  0.5498630000000  0.4272440000000  0.5180060000000 1.0
C      1  0.5727560000000  0.5180060000000  0.4501370000000 1.0
C      1  0.4272440000000  0.5180060000000  0.5498630000000 1.0
C      1  0.5727560000000  0.4819940000000  0.5498630000000 1.0
C      1  0.5180060000000  0.5498630000000  0.4272440000000 1.0
C      1  0.4819940000000  0.5498630000000  0.5727560000000 1.0
C      1  0.5180060000000  0.4501370000000  0.5727560000000 1.0
C      1  0.4501370000000  0.4272440000000  0.5180060000000 1.0
C      1  0.4272440000000  0.4819940000000  0.5498630000000 1.0
C      1  0.4819940000000  0.4501370000000  0.5727560000000 1.0
C      1  0.5498630000000  0.5727560000000  0.5180060000000 1.0
C      1  0.4501370000000  0.5727560000000  0.4819940000000 1.0
C      1  0.5498630000000  0.4272440000000  0.4819940000000 1.0
C      1  0.5727560000000  0.5180060000000  0.5498630000000 1.0
C      1  0.4272440000000  0.5180060000000  0.4501370000000 1.0
C      1  0.5727560000000  0.4819940000000  0.4501370000000 1.0
C      1  0.5180060000000  0.5498630000000  0.5727560000000 1.0
C      1  0.4819940000000  0.5498630000000  0.4272440000000 1.0
C      1  0.5180060000000  0.4501370000000  0.4272440000000 1.0
C      1  0.4619850000000  0.4745540000000  0.4917290000000 1.0
C      1  0.4745540000000  0.4917290000000  0.4619850000000 1.0
C      1  0.4917290000000  0.4619850000000  0.4745540000000 1.0
C      1  0.5380150000000  0.5254460000000  0.4917290000000 1.0
C      1  0.4619850000000  0.5254460000000  0.5082710000000 1.0
C      1  0.5380150000000  0.4745540000000  0.5082710000000 1.0
C      1  0.5254460000000  0.5082710000000  0.4619850000000 1.0
C      1  0.4745540000000  0.5082710000000  0.5380150000000 1.0
C      1  0.5254460000000  0.4917290000000  0.5380150000000 1.0
C      1  0.5082710000000  0.5380150000000  0.4745540000000 1.0
C      1  0.4917290000000  0.5380150000000  0.5254460000000 1.0
C      1  0.5082710000000  0.4619850000000  0.5254460000000 1.0
C      1  0.4619850000000  0.4745540000000  0.5082710000000 1.0
C      1  0.4745540000000  0.4917290000000  0.5380150000000 1.0
C      1  0.4917290000000  0.4619850000000  0.5254460000000 1.0
C      1  0.5380150000000  0.5254460000000  0.5082710000000 1.0
C      1  0.4619850000000  0.5254460000000  0.4917290000000 1.0
C      1  0.5380150000000  0.4745540000000  0.4917290000000 1.0
C      1  0.5254460000000  0.5082710000000  0.5380150000000 1.0
C      1  0.4745540000000  0.5082710000000  0.4619850000000 1.0
C      1  0.5254460000000  0.4917290000000  0.4619850000000 1.0
C      1  0.5082710000000  0.5380150000000  0.5254460000000 1.0
C      1  0.4917290000000  0.5380150000000  0.4745540000000 1.0
C      1  0.5082710000000  0.4619850000000  0.4745540000000 1.0
C      1  0.5146820000000  0.4399820000000  0.5123130000000 1.0
C      1  0.4399820000000  0.5123130000000  0.5146820000000 1.0
C      1  0.5123130000000  0.5146820000000  0.4399820000000 1.0
C      1  0.4853180000000  0.5600180000000  0.5123130000000 1.0
C      1  0.5146820000000  0.5600180000000  0.4876870000000 1.0
C      1  0.4853180000000  0.4399820000000  0.4876870000000 1.0
C      1  0.5600180000000  0.4876870000000  0.5146820000000 1.0
C      1  0.4399820000000  0.4876870000000  0.4853180000000 1.0
C      1  0.5600180000000  0.5123130000000  0.4853180000000 1.0
C      1  0.4876870000000  0.4853180000000  0.4399820000000 1.0
C      1  0.5123130000000  0.4853180000000  0.5600180000000 1.0
C      1  0.4876870000000  0.5146820000000  0.5600180000000 1.0
C      1  0.5146820000000  0.4399820000000  0.4876870000000 1.0
C      1  0.4399820000000  0.5123130000000  0.4853180000000 1.0
C      1  0.5123130000000  0.5146820000000  0.5600180000000 1.0
C      1  0.4853180000000  0.5600180000000  0.4876870000000 1.0
C      1  0.5146820000000  0.5600180000000  0.5123130000000 1.0
C      1  0.4853180000000  0.4399820000000  0.5123130000000 1.0
C      1  0.5600180000000  0.4876870000000  0.4853180000000 1.0
C      1  0.4399820000000  0.4876870000000  0.5146820000000 1.0
C      1  0.5600180000000  0.5123130000000  0.5146820000000 1.0
C      1  0.4876870000000  0.4853180000000  0.5600180000000 1.0
C      1  0.5123130000000  0.4853180000000  0.4399820000000 1.0
C      1  0.4876870000000  0.5146820000000  0.4399820000000 1.0
C      1  0.4167440000000  0.5275310000000  0.5075260000000 1.0
C      1  0.5275310000000  0.5075260000000  0.4167440000000 1.0
C      1  0.5075260000000  0.4167440000000  0.5275310000000 1.0
C      1  0.5832560000000  0.4724690000000  0.5075260000000 1.0
C      1  0.4167440000000  0.4724690000000  0.4924740000000 1.0
C      1  0.5832560000000  0.5275310000000  0.4924740000000 1.0
C      1  0.4724690000000  0.4924740000000  0.4167440000000 1.0
C      1  0.5275310000000  0.4924740000000  0.5832560000000 1.0
C      1  0.4724690000000  0.5075260000000  0.5832560000000 1.0
C      1  0.4924740000000  0.5832560000000  0.5275310000000 1.0
C      1  0.5075260000000  0.5832560000000  0.4724690000000 1.0
C      1  0.4924740000000  0.4167440000000  0.4724690000000 1.0
C      1  0.4167440000000  0.5275310000000  0.4924740000000 1.0
C      1  0.5275310000000  0.5075260000000  0.5832560000000 1.0
C      1  0.5075260000000  0.4167440000000  0.4724690000000 1.0
C      1  0.5832560000000  0.4724690000000  0.4924740000000 1.0
C      1  0.4167440000000  0.4724690000000  0.5075260000000 1.0
C      1  0.5832560000000  0.5275310000000  0.5075260000000 1.0
C      1  0.4724690000000  0.4924740000000  0.5832560000000 1.0
C      1  0.5275310000000  0.4924740000000  0.4167440000000 1.0
C      1  0.4724690000000  0.5075260000000  0.4167440000000 1.0
C      1  0.4924740000000  0.5832560000000  0.4724690000000 1.0
C      1  0.5075260000000  0.5832560000000  0.5275310000000 1.0
C      1  0.4924740000000  0.4167440000000  0.5275310000000 1.0
C      1  0.4924020000000  0.4925080000000  0.4276230000000 1.0
C      1  0.4925080000000  0.4276230000000  0.4924020000000 1.0
C      1  0.4276230000000  0.4924020000000  0.4925080000000 1.0
C      1  0.5075980000000  0.5074920000000  0.4276230000000 1.0
C      1  0.4924020000000  0.5074920000000  0.5723770000000 1.0
C      1  0.5075980000000  0.4925080000000  0.5723770000000 1.0
C      1  0.5074920000000  0.5723770000000  0.4924020000000 1.0
C      1  0.4925080000000  0.5723770000000  0.5075980000000 1.0
C      1  0.5074920000000  0.4276230000000  0.5075980000000 1.0
C      1  0.5723770000000  0.5075980000000  0.4925080000000 1.0
C      1  0.4276230000000  0.5075980000000  0.5074920000000 1.0
C      1  0.5723770000000  0.4924020000000  0.5074920000000 1.0
C      1  0.4924020000000  0.4925080000000  0.5723770000000 1.0
C      1  0.4925080000000  0.4276230000000  0.5075980000000 1.0
C      1  0.4276230000000  0.4924020000000  0.5074920000000 1.0
C      1  0.5075980000000  0.5074920000000  0.5723770000000 1.0
C      1  0.4924020000000  0.5074920000000  0.4276230000000 1.0
C      1  0.5075980000000  0.4925080000000  0.4276230000000 1.0
C      1  0.5074920000000  0.5723770000000  0.5075980000000 1.0
C      1  0.4925080000000  0.5723770000000  0.4924020000000 1.0
C      1  0.5074920000000  0.4276230000000  0.4924020000000 1.0
C      1  0.5723770000000  0.5075980000000  0.5074920000000 1.0
C      1  0.4276230000000  0.5075980000000  0.4925080000000 1.0
C      1  0.5723770000000  0.4924020000000  0.4925080000000 1.0
C      1  0.4516000000000  0.5412840000000  0.5251720000000 1.0
C      1  0.5412840000000  0.5251720000000  0.4516000000000 1.0
C      1  0.5251720000000  0.4516000000000  0.5412840000000 1.0
C      1  0.5484000000000  0.4587160000000  0.5251720000000 1.0
C      1  0.4516000000000  0.4587160000000  0.4748280000000 1.0
C      1  0.5484000000000  0.5412840000000  0.4748280000000 1.0
C      1  0.4587160000000  0.4748280000000  0.4516000000000 1.0
C      1  0.5412840000000  0.4748280000000  0.5484000000000 1.0
C      1  0.4587160000000  0.5251720000000  0.5484000000000 1.0
C      1  0.4748280000000  0.5484000000000  0.5412840000000 1.0
C      1  0.5251720000000  0.5484000000000  0.4587160000000 1.0
C      1  0.4748280000000  0.4516000000000  0.4587160000000 1.0
C      1  0.4516000000000  0.5412840000000  0.4748280000000 1.0
C      1  0.5412840000000  0.5251720000000  0.5484000000000 1.0
C      1  0.5251720000000  0.4516000000000  0.4587160000000 1.0
C      1  0.5484000000000  0.4587160000000  0.4748280000000 1.0
C      1  0.4516000000000  0.4587160000000  0.5251720000000 1.0
C      1  0.5484000000000  0.5412840000000  0.5251720000000 1.0
C      1  0.4587160000000  0.4748280000000  0.5484000000000 1.0
C      1  0.5412840000000  0.4748280000000  0.4516000000000 1.0
C      1  0.4587160000000  0.5251720000000  0.4516000000000 1.0
C      1  0.4748280000000  0.5484000000000  0.4587160000000 1.0
C      1  0.5251720000000  0.5484000000000  0.5412840000000 1.0
C      1  0.4748280000000  0.4516000000000  0.5412840000000 1.0
C      1  0.5589010000000  0.5699550000000  0.4925890000000 1.0
C      1  0.5699550000000  0.4925890000000  0.5589010000000 1.0
C      1  0.4925890000000  0.5589010000000  0.5699550000000 1.0
C      1  0.4410990000000  0.4300450000000  0.4925890000000 1.0
C      1  0.5589010000000  0.4300450000000  0.5074110000000 1.0
C      1  0.4410990000000  0.5699550000000  0.5074110000000 1.0
C      1  0.4300450000000  0.5074110000000  0.5589010000000 1.0
C      1  0.5699550000000  0.5074110000000  0.4410990000000 1.0
C      1  0.4300450000000  0.4925890000000  0.4410990000000 1.0
C      1  0.5074110000000  0.4410990000000  0.5699550000000 1.0
C      1  0.4925890000000  0.4410990000000  0.4300450000000 1.0
C      1  0.5074110000000  0.5589010000000  0.4300450000000 1.0
C      1  0.5589010000000  0.5699550000000  0.5074110000000 1.0
C      1  0.5699550000000  0.4925890000000  0.4410990000000 1.0
C      1  0.4925890000000  0.5589010000000  0.4300450000000 1.0
C      1  0.4410990000000  0.4300450000000  0.5074110000000 1.0
C      1  0.5589010000000  0.4300450000000  0.4925890000000 1.0
C      1  0.4410990000000  0.5699550000000  0.4925890000000 1.0
C      1  0.4300450000000  0.5074110000000  0.4410990000000 1.0
C      1  0.5699550000000  0.5074110000000  0.5589010000000 1.0
C      1  0.4300450000000  0.4925890000000  0.5589010000000 1.0
C      1  0.5074110000000  0.4410990000000  0.4300450000000 1.0
C      1  0.4925890000000  0.4410990000000  0.5699550000000 1.0
C      1  0.5074110000000  0.5589010000000  0.5699550000000 1.0
C      1  0.5555600000000  0.5450590000000  0.5660870000000 1.0
C      1  0.5450590000000  0.5660870000000  0.5555600000000 1.0
C      1  0.5660870000000  0.5555600000000  0.5450590000000 1.0
C      1  0.4444400000000  0.4549410000000  0.5660870000000 1.0
C      1  0.5555600000000  0.4549410000000  0.4339130000000 1.0
C      1  0.4444400000000  0.5450590000000  0.4339130000000 1.0
C      1  0.4549410000000  0.4339130000000  0.5555600000000 1.0
C      1  0.5450590000000  0.4339130000000  0.4444400000000 1.0
C      1  0.4549410000000  0.5660870000000  0.4444400000000 1.0
C      1  0.4339130000000  0.4444400000000  0.5450590000000 1.0
C      1  0.5660870000000  0.4444400000000  0.4549410000000 1.0
C      1  0.4339130000000  0.5555600000000  0.4549410000000 1.0
C      1  0.5555600000000  0.5450590000000  0.4339130000000 1.0
C      1  0.5450590000000  0.5660870000000  0.4444400000000 1.0
C      1  0.5660870000000  0.5555600000000  0.4549410000000 1.0
C      1  0.4444400000000  0.4549410000000  0.4339130000000 1.0
C      1  0.5555600000000  0.4549410000000  0.5660870000000 1.0
C      1  0.4444400000000  0.5450590000000  0.5660870000000 1.0
C      1  0.4549410000000  0.4339130000000  0.4444400000000 1.0
C      1  0.5450590000000  0.4339130000000  0.5555600000000 1.0
C      1  0.4549410000000  0.5660870000000  0.5555600000000 1.0
C      1  0.4339130000000  0.4444400000000  0.4549410000000 1.0
C      1  0.5660870000000  0.4444400000000  0.5450590000000 1.0
C      1  0.4339130000000  0.5555600000000  0.5450590000000 1.0
C      1  0.4491150000000  0.5182900000000  0.4267950000000 1.0
C      1  0.5182900000000  0.4267950000000  0.4491150000000 1.0
C      1  0.4267950000000  0.4491150000000  0.5182900000000 1.0
C      1  0.5508850000000  0.4817100000000  0.4267950000000 1.0
C      1  0.4491150000000  0.4817100000000  0.5732050000000 1.0
C      1  0.5508850000000  0.5182900000000  0.5732050000000 1.0
C      1  0.4817100000000  0.5732050000000  0.4491150000000 1.0
C      1  0.5182900000000  0.5732050000000  0.5508850000000 1.0
C      1  0.4817100000000  0.4267950000000  0.5508850000000 1.0
C      1  0.5732050000000  0.5508850000000  0.5182900000000 1.0
C      1  0.4267950000000  0.5508850000000  0.4817100000000 1.0
C      1  0.5732050000000  0.4491150000000  0.4817100000000 1.0
C      1  0.4491150000000  0.5182900000000  0.5732050000000 1.0
C      1  0.5182900000000  0.4267950000000  0.5508850000000 1.0
C      1  0.4267950000000  0.4491150000000  0.4817100000000 1.0
C      1  0.5508850000000  0.4817100000000  0.5732050000000 1.0
C      1  0.4491150000000  0.4817100000000  0.4267950000000 1.0
C      1  0.5508850000000  0.5182900000000  0.4267950000000 1.0
C      1  0.4817100000000  0.5732050000000  0.5508850000000 1.0
C      1  0.5182900000000  0.5732050000000  0.4491150000000 1.0
C      1  0.4817100000000  0.4267950000000  0.4491150000000 1.0
C      1  0.5732050000000  0.5508850000000  0.4817100000000 1.0
C      1  0.4267950000000  0.5508850000000  0.5182900000000 1.0
C      1  0.5732050000000  0.4491150000000  0.5182900000000 1.0
END
