TITL C-1379268-1316-107 5.71544168773826e-07 1000000 -3270.15748723615 0 0 480 (Th) n - 1
REM
REM in /nfs/bkarasulu/CARBON/AIRSS/Generating-Clusters/GAP-ML-2020/Higher-Symm/Selected-Sizes/TryA-Only_Ih-Symm/Larger-Clusters/Try2-MINAMP_6A
REM
REM
REM
REM
REM
REM ./C.cell (31579ac4e95a012ec27f3239692ae8a5)
REM
REM compiler GCC version 9.2.1 20190827 (Red Hat 9.2.1-1)
REM options -cpp -mtune=generic -march=x86-64 -g -O0 -fpre-include=/usr/include/finclude/math-vector-fortran.h
REM seed -575559488 800318609 1254492248 -1963067410 1805158294 -1801234037 600331321 887760754 1785359189 1014586145 693132904 121870139 -1927716248 519941469 -110142680 1347809444 991379154 1914867671 -1072143606 339076796 -606411606 -875131414 790809434 16407596 -1029484738 -1205790771 220907623 1523599028 1951627935 -81820776 630237741 -313221979 1404927462
REM
CELL 1.54180  100.00000  100.00000  100.00000   90.00000   90.00000   90.00000
LATT -1
SFAC C  
C      1  0.5071740000000  0.5076990000000  0.4188970000000 1.0
C      1  0.5076990000000  0.4188970000000  0.5071740000000 1.0
C      1  0.4188970000000  0.5071740000000  0.5076990000000 1.0
C      1  0.4928260000000  0.4923010000000  0.4188970000000 1.0
C      1  0.5071740000000  0.4923010000000  0.5811030000000 1.0
C      1  0.4928260000000  0.5076990000000  0.5811030000000 1.0
C      1  0.4923010000000  0.5811030000000  0.5071740000000 1.0
C      1  0.5076990000000  0.5811030000000  0.4928260000000 1.0
C      1  0.4923010000000  0.4188970000000  0.4928260000000 1.0
C      1  0.5811030000000  0.4928260000000  0.5076990000000 1.0
C      1  0.4188970000000  0.4928260000000  0.4923010000000 1.0
C      1  0.5811030000000  0.5071740000000  0.4923010000000 1.0
C      1  0.5071740000000  0.5076990000000  0.5811030000000 1.0
C      1  0.5076990000000  0.4188970000000  0.4928260000000 1.0
C      1  0.4188970000000  0.5071740000000  0.4923010000000 1.0
C      1  0.4928260000000  0.4923010000000  0.5811030000000 1.0
C      1  0.5071740000000  0.4923010000000  0.4188970000000 1.0
C      1  0.4928260000000  0.5076990000000  0.4188970000000 1.0
C      1  0.4923010000000  0.5811030000000  0.4928260000000 1.0
C      1  0.5076990000000  0.5811030000000  0.5071740000000 1.0
C      1  0.4923010000000  0.4188970000000  0.5071740000000 1.0
C      1  0.5811030000000  0.4928260000000  0.4923010000000 1.0
C      1  0.4188970000000  0.4928260000000  0.5076990000000 1.0
C      1  0.5811030000000  0.5071740000000  0.5076990000000 1.0
C      1  0.4620180000000  0.5136110000000  0.4607780000000 1.0
C      1  0.5136110000000  0.4607780000000  0.4620180000000 1.0
C      1  0.4607780000000  0.4620180000000  0.5136110000000 1.0
C      1  0.5379820000000  0.4863890000000  0.4607780000000 1.0
C      1  0.4620180000000  0.4863890000000  0.5392220000000 1.0
C      1  0.5379820000000  0.5136110000000  0.5392220000000 1.0
C      1  0.4863890000000  0.5392220000000  0.4620180000000 1.0
C      1  0.5136110000000  0.5392220000000  0.5379820000000 1.0
C      1  0.4863890000000  0.4607780000000  0.5379820000000 1.0
C      1  0.5392220000000  0.5379820000000  0.5136110000000 1.0
C      1  0.4607780000000  0.5379820000000  0.4863890000000 1.0
C      1  0.5392220000000  0.4620180000000  0.4863890000000 1.0
C      1  0.4620180000000  0.5136110000000  0.5392220000000 1.0
C      1  0.5136110000000  0.4607780000000  0.5379820000000 1.0
C      1  0.4607780000000  0.4620180000000  0.4863890000000 1.0
C      1  0.5379820000000  0.4863890000000  0.5392220000000 1.0
C      1  0.4620180000000  0.4863890000000  0.4607780000000 1.0
C      1  0.5379820000000  0.5136110000000  0.4607780000000 1.0
C      1  0.4863890000000  0.5392220000000  0.5379820000000 1.0
C      1  0.5136110000000  0.5392220000000  0.4620180000000 1.0
C      1  0.4863890000000  0.4607780000000  0.4620180000000 1.0
C      1  0.5392220000000  0.5379820000000  0.4863890000000 1.0
C      1  0.4607780000000  0.5379820000000  0.5136110000000 1.0
C      1  0.5392220000000  0.4620180000000  0.5136110000000 1.0
C      1  0.4239200000000  0.5355960000000  0.4927240000000 1.0
C      1  0.5355960000000  0.4927240000000  0.4239200000000 1.0
C      1  0.4927240000000  0.4239200000000  0.5355960000000 1.0
C      1  0.5760800000000  0.4644040000000  0.4927240000000 1.0
C      1  0.4239200000000  0.4644040000000  0.5072760000000 1.0
C      1  0.5760800000000  0.5355960000000  0.5072760000000 1.0
C      1  0.4644040000000  0.5072760000000  0.4239200000000 1.0
C      1  0.5355960000000  0.5072760000000  0.5760800000000 1.0
C      1  0.4644040000000  0.4927240000000  0.5760800000000 1.0
C      1  0.5072760000000  0.5760800000000  0.5355960000000 1.0
C      1  0.4927240000000  0.5760800000000  0.4644040000000 1.0
C      1  0.5072760000000  0.4239200000000  0.4644040000000 1.0
C      1  0.4239200000000  0.5355960000000  0.5072760000000 1.0
C      1  0.5355960000000  0.4927240000000  0.5760800000000 1.0
C      1  0.4927240000000  0.4239200000000  0.4644040000000 1.0
C      1  0.5760800000000  0.4644040000000  0.5072760000000 1.0
C      1  0.4239200000000  0.4644040000000  0.4927240000000 1.0
C      1  0.5760800000000  0.5355960000000  0.4927240000000 1.0
C      1  0.4644040000000  0.5072760000000  0.5760800000000 1.0
C      1  0.5355960000000  0.5072760000000  0.4239200000000 1.0
C      1  0.4644040000000  0.4927240000000  0.4239200000000 1.0
C      1  0.5072760000000  0.5760800000000  0.4644040000000 1.0
C      1  0.4927240000000  0.5760800000000  0.5355960000000 1.0
C      1  0.5072760000000  0.4239200000000  0.5355960000000 1.0
C      1  0.4275540000000  0.4921560000000  0.5313740000000 1.0
C      1  0.4921560000000  0.5313740000000  0.4275540000000 1.0
C      1  0.5313740000000  0.4275540000000  0.4921560000000 1.0
C      1  0.5724460000000  0.5078440000000  0.5313740000000 1.0
C      1  0.4275540000000  0.5078440000000  0.4686260000000 1.0
C      1  0.5724460000000  0.4921560000000  0.4686260000000 1.0
C      1  0.5078440000000  0.4686260000000  0.4275540000000 1.0
C      1  0.4921560000000  0.4686260000000  0.5724460000000 1.0
C      1  0.5078440000000  0.5313740000000  0.5724460000000 1.0
C      1  0.4686260000000  0.5724460000000  0.4921560000000 1.0
C      1  0.5313740000000  0.5724460000000  0.5078440000000 1.0
C      1  0.4686260000000  0.4275540000000  0.5078440000000 1.0
C      1  0.4275540000000  0.4921560000000  0.4686260000000 1.0
C      1  0.4921560000000  0.5313740000000  0.5724460000000 1.0
C      1  0.5313740000000  0.4275540000000  0.5078440000000 1.0
C      1  0.5724460000000  0.5078440000000  0.4686260000000 1.0
C      1  0.4275540000000  0.5078440000000  0.5313740000000 1.0
C      1  0.5724460000000  0.4921560000000  0.5313740000000 1.0
C      1  0.5078440000000  0.4686260000000  0.5724460000000 1.0
C      1  0.4921560000000  0.4686260000000  0.4275540000000 1.0
C      1  0.5078440000000  0.5313740000000  0.4275540000000 1.0
C      1  0.4686260000000  0.5724460000000  0.5078440000000 1.0
C      1  0.5313740000000  0.5724460000000  0.4921560000000 1.0
C      1  0.4686260000000  0.4275540000000  0.4921560000000 1.0
C      1  0.4620300000000  0.5528550000000  0.4425920000000 1.0
C      1  0.5528550000000  0.4425920000000  0.4620300000000 1.0
C      1  0.4425920000000  0.4620300000000  0.5528550000000 1.0
C      1  0.5379700000000  0.4471450000000  0.4425920000000 1.0
C      1  0.4620300000000  0.4471450000000  0.5574080000000 1.0
C      1  0.5379700000000  0.5528550000000  0.5574080000000 1.0
C      1  0.4471450000000  0.5574080000000  0.4620300000000 1.0
C      1  0.5528550000000  0.5574080000000  0.5379700000000 1.0
C      1  0.4471450000000  0.4425920000000  0.5379700000000 1.0
C      1  0.5574080000000  0.5379700000000  0.5528550000000 1.0
C      1  0.4425920000000  0.5379700000000  0.4471450000000 1.0
C      1  0.5574080000000  0.4620300000000  0.4471450000000 1.0
C      1  0.4620300000000  0.5528550000000  0.5574080000000 1.0
C      1  0.5528550000000  0.4425920000000  0.5379700000000 1.0
C      1  0.4425920000000  0.4620300000000  0.4471450000000 1.0
C      1  0.5379700000000  0.4471450000000  0.5574080000000 1.0
C      1  0.4620300000000  0.4471450000000  0.4425920000000 1.0
C      1  0.5379700000000  0.5528550000000  0.4425920000000 1.0
C      1  0.4471450000000  0.5574080000000  0.5379700000000 1.0
C      1  0.5528550000000  0.5574080000000  0.4620300000000 1.0
C      1  0.4471450000000  0.4425920000000  0.4620300000000 1.0
C      1  0.5574080000000  0.5379700000000  0.4471450000000 1.0
C      1  0.4425920000000  0.5379700000000  0.5528550000000 1.0
C      1  0.5574080000000  0.4620300000000  0.5528550000000 1.0
C      1  0.4566700000000  0.4352260000000  0.4856860000000 1.0
C      1  0.4352260000000  0.4856860000000  0.4566700000000 1.0
C      1  0.4856860000000  0.4566700000000  0.4352260000000 1.0
C      1  0.5433300000000  0.5647740000000  0.4856860000000 1.0
C      1  0.4566700000000  0.5647740000000  0.5143140000000 1.0
C      1  0.5433300000000  0.4352260000000  0.5143140000000 1.0
C      1  0.5647740000000  0.5143140000000  0.4566700000000 1.0
C      1  0.4352260000000  0.5143140000000  0.5433300000000 1.0
C      1  0.5647740000000  0.4856860000000  0.5433300000000 1.0
C      1  0.5143140000000  0.5433300000000  0.4352260000000 1.0
C      1  0.4856860000000  0.5433300000000  0.5647740000000 1.0
C      1  0.5143140000000  0.4566700000000  0.5647740000000 1.0
C      1  0.4566700000000  0.4352260000000  0.5143140000000 1.0
C      1  0.4352260000000  0.4856860000000  0.5433300000000 1.0
C      1  0.4856860000000  0.4566700000000  0.5647740000000 1.0
C      1  0.5433300000000  0.5647740000000  0.5143140000000 1.0
C      1  0.4566700000000  0.5647740000000  0.4856860000000 1.0
C      1  0.5433300000000  0.4352260000000  0.4856860000000 1.0
C      1  0.5647740000000  0.5143140000000  0.5433300000000 1.0
C      1  0.4352260000000  0.5143140000000  0.4566700000000 1.0
C      1  0.5647740000000  0.4856860000000  0.4566700000000 1.0
C      1  0.5143140000000  0.5433300000000  0.5647740000000 1.0
C      1  0.4856860000000  0.5433300000000  0.4352260000000 1.0
C      1  0.5143140000000  0.4566700000000  0.4352260000000 1.0
C      1  0.5428630000000  0.5074660000000  0.4372620000000 1.0
C      1  0.5074660000000  0.4372620000000  0.5428630000000 1.0
C      1  0.4372620000000  0.5428630000000  0.5074660000000 1.0
C      1  0.4571370000000  0.4925340000000  0.4372620000000 1.0
C      1  0.5428630000000  0.4925340000000  0.5627380000000 1.0
C      1  0.4571370000000  0.5074660000000  0.5627380000000 1.0
C      1  0.4925340000000  0.5627380000000  0.5428630000000 1.0
C      1  0.5074660000000  0.5627380000000  0.4571370000000 1.0
C      1  0.4925340000000  0.4372620000000  0.4571370000000 1.0
C      1  0.5627380000000  0.4571370000000  0.5074660000000 1.0
C      1  0.4372620000000  0.4571370000000  0.4925340000000 1.0
C      1  0.5627380000000  0.5428630000000  0.4925340000000 1.0
C      1  0.5428630000000  0.5074660000000  0.5627380000000 1.0
C      1  0.5074660000000  0.4372620000000  0.4571370000000 1.0
C      1  0.4372620000000  0.5428630000000  0.4925340000000 1.0
C      1  0.4571370000000  0.4925340000000  0.5627380000000 1.0
C      1  0.5428630000000  0.4925340000000  0.4372620000000 1.0
C      1  0.4571370000000  0.5074660000000  0.4372620000000 1.0
C      1  0.4925340000000  0.5627380000000  0.4571370000000 1.0
C      1  0.5074660000000  0.5627380000000  0.5428630000000 1.0
C      1  0.4925340000000  0.4372620000000  0.5428630000000 1.0
C      1  0.5627380000000  0.4571370000000  0.4925340000000 1.0
C      1  0.4372620000000  0.4571370000000  0.5074660000000 1.0
C      1  0.5627380000000  0.5428630000000  0.5074660000000 1.0
C      1  0.4491160000000  0.5316220000000  0.5072260000000 1.0
C      1  0.5316220000000  0.5072260000000  0.4491160000000 1.0
C      1  0.5072260000000  0.4491160000000  0.5316220000000 1.0
C      1  0.5508840000000  0.4683780000000  0.5072260000000 1.0
C      1  0.4491160000000  0.4683780000000  0.4927740000000 1.0
C      1  0.5508840000000  0.5316220000000  0.4927740000000 1.0
C      1  0.4683780000000  0.4927740000000  0.4491160000000 1.0
C      1  0.5316220000000  0.4927740000000  0.5508840000000 1.0
C      1  0.4683780000000  0.5072260000000  0.5508840000000 1.0
C      1  0.4927740000000  0.5508840000000  0.5316220000000 1.0
C      1  0.5072260000000  0.5508840000000  0.4683780000000 1.0
C      1  0.4927740000000  0.4491160000000  0.4683780000000 1.0
C      1  0.4491160000000  0.5316220000000  0.4927740000000 1.0
C      1  0.5316220000000  0.5072260000000  0.5508840000000 1.0
C      1  0.5072260000000  0.4491160000000  0.4683780000000 1.0
C      1  0.5508840000000  0.4683780000000  0.4927740000000 1.0
C      1  0.4491160000000  0.4683780000000  0.5072260000000 1.0
C      1  0.5508840000000  0.5316220000000  0.5072260000000 1.0
C      1  0.4683780000000  0.4927740000000  0.5508840000000 1.0
C      1  0.5316220000000  0.4927740000000  0.4491160000000 1.0
C      1  0.4683780000000  0.5072260000000  0.4491160000000 1.0
C      1  0.4927740000000  0.5508840000000  0.4683780000000 1.0
C      1  0.5072260000000  0.5508840000000  0.5316220000000 1.0
C      1  0.4927740000000  0.4491160000000  0.5316220000000 1.0
C      1  0.5071290000000  0.5448590000000  0.4921560000000 1.0
C      1  0.5448590000000  0.4921560000000  0.5071290000000 1.0
C      1  0.4921560000000  0.5071290000000  0.5448590000000 1.0
C      1  0.4928710000000  0.4551410000000  0.4921560000000 1.0
C      1  0.5071290000000  0.4551410000000  0.5078440000000 1.0
C      1  0.4928710000000  0.5448590000000  0.5078440000000 1.0
C      1  0.4551410000000  0.5078440000000  0.5071290000000 1.0
C      1  0.5448590000000  0.5078440000000  0.4928710000000 1.0
C      1  0.4551410000000  0.4921560000000  0.4928710000000 1.0
C      1  0.5078440000000  0.4928710000000  0.5448590000000 1.0
C      1  0.4921560000000  0.4928710000000  0.4551410000000 1.0
C      1  0.5078440000000  0.5071290000000  0.4551410000000 1.0
C      1  0.5071290000000  0.5448590000000  0.5078440000000 1.0
C      1  0.5448590000000  0.4921560000000  0.4928710000000 1.0
C      1  0.4921560000000  0.5071290000000  0.4551410000000 1.0
C      1  0.4928710000000  0.4551410000000  0.5078440000000 1.0
C      1  0.5071290000000  0.4551410000000  0.4921560000000 1.0
C      1  0.4928710000000  0.5448590000000  0.4921560000000 1.0
C      1  0.4551410000000  0.5078440000000  0.4928710000000 1.0
C      1  0.5448590000000  0.5078440000000  0.5071290000000 1.0
C      1  0.4551410000000  0.4921560000000  0.5071290000000 1.0
C      1  0.5078440000000  0.4928710000000  0.4551410000000 1.0
C      1  0.4921560000000  0.4928710000000  0.5448590000000 1.0
C      1  0.5078440000000  0.5071290000000  0.5448590000000 1.0
C      1  0.4797650000000  0.4207090000000  0.5154110000000 1.0
C      1  0.4207090000000  0.5154110000000  0.4797650000000 1.0
C      1  0.5154110000000  0.4797650000000  0.4207090000000 1.0
C      1  0.5202350000000  0.5792910000000  0.5154110000000 1.0
C      1  0.4797650000000  0.5792910000000  0.4845890000000 1.0
C      1  0.5202350000000  0.4207090000000  0.4845890000000 1.0
C      1  0.5792910000000  0.4845890000000  0.4797650000000 1.0
C      1  0.4207090000000  0.4845890000000  0.5202350000000 1.0
C      1  0.5792910000000  0.5154110000000  0.5202350000000 1.0
C      1  0.4845890000000  0.5202350000000  0.4207090000000 1.0
C      1  0.5154110000000  0.5202350000000  0.5792910000000 1.0
C      1  0.4845890000000  0.4797650000000  0.5792910000000 1.0
C      1  0.4797650000000  0.4207090000000  0.4845890000000 1.0
C      1  0.4207090000000  0.5154110000000  0.5202350000000 1.0
C      1  0.5154110000000  0.4797650000000  0.5792910000000 1.0
C      1  0.5202350000000  0.5792910000000  0.4845890000000 1.0
C      1  0.4797650000000  0.5792910000000  0.5154110000000 1.0
C      1  0.5202350000000  0.4207090000000  0.5154110000000 1.0
C      1  0.5792910000000  0.4845890000000  0.5202350000000 1.0
C      1  0.4207090000000  0.4845890000000  0.4797650000000 1.0
C      1  0.5792910000000  0.5154110000000  0.4797650000000 1.0
C      1  0.4845890000000  0.5202350000000  0.5792910000000 1.0
C      1  0.5154110000000  0.5202350000000  0.4207090000000 1.0
C      1  0.4845890000000  0.4797650000000  0.4207090000000 1.0
C      1  0.5295590000000  0.4801380000000  0.4232450000000 1.0
C      1  0.4801380000000  0.4232450000000  0.5295590000000 1.0
C      1  0.4232450000000  0.5295590000000  0.4801380000000 1.0
C      1  0.4704410000000  0.5198620000000  0.4232450000000 1.0
C      1  0.5295590000000  0.5198620000000  0.5767550000000 1.0
C      1  0.4704410000000  0.4801380000000  0.5767550000000 1.0
C      1  0.5198620000000  0.5767550000000  0.5295590000000 1.0
C      1  0.4801380000000  0.5767550000000  0.4704410000000 1.0
C      1  0.5198620000000  0.4232450000000  0.4704410000000 1.0
C      1  0.5767550000000  0.4704410000000  0.4801380000000 1.0
C      1  0.4232450000000  0.4704410000000  0.5198620000000 1.0
C      1  0.5767550000000  0.5295590000000  0.5198620000000 1.0
C      1  0.5295590000000  0.4801380000000  0.5767550000000 1.0
C      1  0.4801380000000  0.4232450000000  0.4704410000000 1.0
C      1  0.4232450000000  0.5295590000000  0.5198620000000 1.0
C      1  0.4704410000000  0.5198620000000  0.5767550000000 1.0
C      1  0.5295590000000  0.5198620000000  0.4232450000000 1.0
C      1  0.4704410000000  0.4801380000000  0.4232450000000 1.0
C      1  0.5198620000000  0.5767550000000  0.4704410000000 1.0
C      1  0.4801380000000  0.5767550000000  0.5295590000000 1.0
C      1  0.5198620000000  0.4232450000000  0.5295590000000 1.0
C      1  0.5767550000000  0.4704410000000  0.5198620000000 1.0
C      1  0.4232450000000  0.4704410000000  0.4801380000000 1.0
C      1  0.5767550000000  0.5295590000000  0.4801380000000 1.0
C      1  0.4394580000000  0.5454390000000  0.5413380000000 1.0
C      1  0.5454390000000  0.5413380000000  0.4394580000000 1.0
C      1  0.5413380000000  0.4394580000000  0.5454390000000 1.0
C      1  0.5605420000000  0.4545610000000  0.5413380000000 1.0
C      1  0.4394580000000  0.4545610000000  0.4586620000000 1.0
C      1  0.5605420000000  0.5454390000000  0.4586620000000 1.0
C      1  0.4545610000000  0.4586620000000  0.4394580000000 1.0
C      1  0.5454390000000  0.4586620000000  0.5605420000000 1.0
C      1  0.4545610000000  0.5413380000000  0.5605420000000 1.0
C      1  0.4586620000000  0.5605420000000  0.5454390000000 1.0
C      1  0.5413380000000  0.5605420000000  0.4545610000000 1.0
C      1  0.4586620000000  0.4394580000000  0.4545610000000 1.0
C      1  0.4394580000000  0.5454390000000  0.4586620000000 1.0
C      1  0.5454390000000  0.5413380000000  0.5605420000000 1.0
C      1  0.5413380000000  0.4394580000000  0.4545610000000 1.0
C      1  0.5605420000000  0.4545610000000  0.4586620000000 1.0
C      1  0.4394580000000  0.4545610000000  0.5413380000000 1.0
C      1  0.5605420000000  0.5454390000000  0.5413380000000 1.0
C      1  0.4545610000000  0.4586620000000  0.5605420000000 1.0
C      1  0.5454390000000  0.4586620000000  0.4394580000000 1.0
C      1  0.4545610000000  0.5413380000000  0.4394580000000 1.0
C      1  0.4586620000000  0.5605420000000  0.4545610000000 1.0
C      1  0.5413380000000  0.5605420000000  0.5454390000000 1.0
C      1  0.4586620000000  0.4394580000000  0.5454390000000 1.0
C      1  0.4643080000000  0.4477880000000  0.5136500000000 1.0
C      1  0.4477880000000  0.5136500000000  0.4643080000000 1.0
C      1  0.5136500000000  0.4643080000000  0.4477880000000 1.0
C      1  0.5356920000000  0.5522120000000  0.5136500000000 1.0
C      1  0.4643080000000  0.5522120000000  0.4863500000000 1.0
C      1  0.5356920000000  0.4477880000000  0.4863500000000 1.0
C      1  0.5522120000000  0.4863500000000  0.4643080000000 1.0
C      1  0.4477880000000  0.4863500000000  0.5356920000000 1.0
C      1  0.5522120000000  0.5136500000000  0.5356920000000 1.0
C      1  0.4863500000000  0.5356920000000  0.4477880000000 1.0
C      1  0.5136500000000  0.5356920000000  0.5522120000000 1.0
C      1  0.4863500000000  0.4643080000000  0.5522120000000 1.0
C      1  0.4643080000000  0.4477880000000  0.4863500000000 1.0
C      1  0.4477880000000  0.5136500000000  0.5356920000000 1.0
C      1  0.5136500000000  0.4643080000000  0.5522120000000 1.0
C      1  0.5356920000000  0.5522120000000  0.4863500000000 1.0
C      1  0.4643080000000  0.5522120000000  0.5136500000000 1.0
C      1  0.5356920000000  0.4477880000000  0.5136500000000 1.0
C      1  0.5522120000000  0.4863500000000  0.5356920000000 1.0
C      1  0.4477880000000  0.4863500000000  0.4643080000000 1.0
C      1  0.5522120000000  0.5136500000000  0.4643080000000 1.0
C      1  0.4863500000000  0.5356920000000  0.5522120000000 1.0
C      1  0.5136500000000  0.5356920000000  0.4477880000000 1.0
C      1  0.4863500000000  0.4643080000000  0.4477880000000 1.0
C      1  0.4611470000000  0.4672230000000  0.4731790000000 1.0
C      1  0.4672230000000  0.4731790000000  0.4611470000000 1.0
C      1  0.4731790000000  0.4611470000000  0.4672230000000 1.0
C      1  0.5388530000000  0.5327770000000  0.4731790000000 1.0
C      1  0.4611470000000  0.5327770000000  0.5268210000000 1.0
C      1  0.5388530000000  0.4672230000000  0.5268210000000 1.0
C      1  0.5327770000000  0.5268210000000  0.4611470000000 1.0
C      1  0.4672230000000  0.5268210000000  0.5388530000000 1.0
C      1  0.5327770000000  0.4731790000000  0.5388530000000 1.0
C      1  0.5268210000000  0.5388530000000  0.4672230000000 1.0
C      1  0.4731790000000  0.5388530000000  0.5327770000000 1.0
C      1  0.5268210000000  0.4611470000000  0.5327770000000 1.0
C      1  0.4611470000000  0.4672230000000  0.5268210000000 1.0
C      1  0.4672230000000  0.4731790000000  0.5388530000000 1.0
C      1  0.4731790000000  0.4611470000000  0.5327770000000 1.0
C      1  0.5388530000000  0.5327770000000  0.5268210000000 1.0
C      1  0.4611470000000  0.5327770000000  0.4731790000000 1.0
C      1  0.5388530000000  0.4672230000000  0.4731790000000 1.0
C      1  0.5327770000000  0.5268210000000  0.5388530000000 1.0
C      1  0.4672230000000  0.5268210000000  0.4611470000000 1.0
C      1  0.5327770000000  0.4731790000000  0.4611470000000 1.0
C      1  0.5268210000000  0.5388530000000  0.5327770000000 1.0
C      1  0.4731790000000  0.5388530000000  0.4672230000000 1.0
C      1  0.5268210000000  0.4611470000000  0.4672230000000 1.0
C      1  0.4476570000000  0.5266620000000  0.5274140000000 1.0
C      1  0.5266620000000  0.5274140000000  0.4476570000000 1.0
C      1  0.5274140000000  0.4476570000000  0.5266620000000 1.0
C      1  0.5523430000000  0.4733380000000  0.5274140000000 1.0
C      1  0.4476570000000  0.4733380000000  0.4725860000000 1.0
C      1  0.5523430000000  0.5266620000000  0.4725860000000 1.0
C      1  0.4733380000000  0.4725860000000  0.4476570000000 1.0
C      1  0.5266620000000  0.4725860000000  0.5523430000000 1.0
C      1  0.4733380000000  0.5274140000000  0.5523430000000 1.0
C      1  0.4725860000000  0.5523430000000  0.5266620000000 1.0
C      1  0.5274140000000  0.5523430000000  0.4733380000000 1.0
C      1  0.4725860000000  0.4476570000000  0.4733380000000 1.0
C      1  0.4476570000000  0.5266620000000  0.4725860000000 1.0
C      1  0.5266620000000  0.5274140000000  0.5523430000000 1.0
C      1  0.5274140000000  0.4476570000000  0.4733380000000 1.0
C      1  0.5523430000000  0.4733380000000  0.4725860000000 1.0
C      1  0.4476570000000  0.4733380000000  0.5274140000000 1.0
C      1  0.5523430000000  0.5266620000000  0.5274140000000 1.0
C      1  0.4733380000000  0.4725860000000  0.5523430000000 1.0
C      1  0.5266620000000  0.4725860000000  0.4476570000000 1.0
C      1  0.4733380000000  0.5274140000000  0.4476570000000 1.0
C      1  0.4725860000000  0.5523430000000  0.4733380000000 1.0
C      1  0.5274140000000  0.5523430000000  0.5266620000000 1.0
C      1  0.4725860000000  0.4476570000000  0.5266620000000 1.0
C      1  0.5524430000000  0.4821440000000  0.5142540000000 1.0
C      1  0.4821440000000  0.5142540000000  0.5524430000000 1.0
C      1  0.5142540000000  0.5524430000000  0.4821440000000 1.0
C      1  0.4475570000000  0.5178560000000  0.5142540000000 1.0
C      1  0.5524430000000  0.5178560000000  0.4857460000000 1.0
C      1  0.4475570000000  0.4821440000000  0.4857460000000 1.0
C      1  0.5178560000000  0.4857460000000  0.5524430000000 1.0
C      1  0.4821440000000  0.4857460000000  0.4475570000000 1.0
C      1  0.5178560000000  0.5142540000000  0.4475570000000 1.0
C      1  0.4857460000000  0.4475570000000  0.4821440000000 1.0
C      1  0.5142540000000  0.4475570000000  0.5178560000000 1.0
C      1  0.4857460000000  0.5524430000000  0.5178560000000 1.0
C      1  0.5524430000000  0.4821440000000  0.4857460000000 1.0
C      1  0.4821440000000  0.5142540000000  0.4475570000000 1.0
C      1  0.5142540000000  0.5524430000000  0.5178560000000 1.0
C      1  0.4475570000000  0.5178560000000  0.4857460000000 1.0
C      1  0.5524430000000  0.5178560000000  0.5142540000000 1.0
C      1  0.4475570000000  0.4821440000000  0.5142540000000 1.0
C      1  0.5178560000000  0.4857460000000  0.4475570000000 1.0
C      1  0.4821440000000  0.4857460000000  0.5524430000000 1.0
C      1  0.5178560000000  0.5142540000000  0.5524430000000 1.0
C      1  0.4857460000000  0.4475570000000  0.5178560000000 1.0
C      1  0.5142540000000  0.4475570000000  0.4821440000000 1.0
C      1  0.4857460000000  0.5524430000000  0.4821440000000 1.0
C      1  0.5606830000000  0.5237190000000  0.5537510000000 1.0
C      1  0.5237190000000  0.5537510000000  0.5606830000000 1.0
C      1  0.5537510000000  0.5606830000000  0.5237190000000 1.0
C      1  0.4393170000000  0.4762810000000  0.5537510000000 1.0
C      1  0.5606830000000  0.4762810000000  0.4462490000000 1.0
C      1  0.4393170000000  0.5237190000000  0.4462490000000 1.0
C      1  0.4762810000000  0.4462490000000  0.5606830000000 1.0
C      1  0.5237190000000  0.4462490000000  0.4393170000000 1.0
C      1  0.4762810000000  0.5537510000000  0.4393170000000 1.0
C      1  0.4462490000000  0.4393170000000  0.5237190000000 1.0
C      1  0.5537510000000  0.4393170000000  0.4762810000000 1.0
C      1  0.4462490000000  0.5606830000000  0.4762810000000 1.0
C      1  0.5606830000000  0.5237190000000  0.4462490000000 1.0
C      1  0.5237190000000  0.5537510000000  0.4393170000000 1.0
C      1  0.5537510000000  0.5606830000000  0.4762810000000 1.0
C      1  0.4393170000000  0.4762810000000  0.4462490000000 1.0
C      1  0.5606830000000  0.4762810000000  0.5537510000000 1.0
C      1  0.4393170000000  0.5237190000000  0.5537510000000 1.0
C      1  0.4762810000000  0.4462490000000  0.4393170000000 1.0
C      1  0.5237190000000  0.4462490000000  0.5606830000000 1.0
C      1  0.4762810000000  0.5537510000000  0.5606830000000 1.0
C      1  0.4462490000000  0.4393170000000  0.4762810000000 1.0
C      1  0.5537510000000  0.4393170000000  0.5237190000000 1.0
C      1  0.4462490000000  0.5606830000000  0.5237190000000 1.0
C      1  0.4715520000000  0.5645370000000  0.4623290000000 1.0
C      1  0.5645370000000  0.4623290000000  0.4715520000000 1.0
C      1  0.4623290000000  0.4715520000000  0.5645370000000 1.0
C      1  0.5284480000000  0.4354630000000  0.4623290000000 1.0
C      1  0.4715520000000  0.4354630000000  0.5376710000000 1.0
C      1  0.5284480000000  0.5645370000000  0.5376710000000 1.0
C      1  0.4354630000000  0.5376710000000  0.4715520000000 1.0
C      1  0.5645370000000  0.5376710000000  0.5284480000000 1.0
C      1  0.4354630000000  0.4623290000000  0.5284480000000 1.0
C      1  0.5376710000000  0.5284480000000  0.5645370000000 1.0
C      1  0.4623290000000  0.5284480000000  0.4354630000000 1.0
C      1  0.5376710000000  0.4715520000000  0.4354630000000 1.0
C      1  0.4715520000000  0.5645370000000  0.5376710000000 1.0
C      1  0.5645370000000  0.4623290000000  0.5284480000000 1.0
C      1  0.4623290000000  0.4715520000000  0.4354630000000 1.0
C      1  0.5284480000000  0.4354630000000  0.5376710000000 1.0
C      1  0.4715520000000  0.4354630000000  0.4623290000000 1.0
C      1  0.5284480000000  0.5645370000000  0.4623290000000 1.0
C      1  0.4354630000000  0.5376710000000  0.5284480000000 1.0
C      1  0.5645370000000  0.5376710000000  0.4715520000000 1.0
C      1  0.4354630000000  0.4623290000000  0.4715520000000 1.0
C      1  0.5376710000000  0.5284480000000  0.4354630000000 1.0
C      1  0.4623290000000  0.5284480000000  0.5645370000000 1.0
C      1  0.5376710000000  0.4715520000000  0.5645370000000 1.0
C      1  0.5621710000000  0.5499410000000  0.5196300000000 1.0
C      1  0.5499410000000  0.5196300000000  0.5621710000000 1.0
C      1  0.5196300000000  0.5621710000000  0.5499410000000 1.0
C      1  0.4378290000000  0.4500590000000  0.5196300000000 1.0
C      1  0.5621710000000  0.4500590000000  0.4803700000000 1.0
C      1  0.4378290000000  0.5499410000000  0.4803700000000 1.0
C      1  0.4500590000000  0.4803700000000  0.5621710000000 1.0
C      1  0.5499410000000  0.4803700000000  0.4378290000000 1.0
C      1  0.4500590000000  0.5196300000000  0.4378290000000 1.0
C      1  0.4803700000000  0.4378290000000  0.5499410000000 1.0
C      1  0.5196300000000  0.4378290000000  0.4500590000000 1.0
C      1  0.4803700000000  0.5621710000000  0.4500590000000 1.0
C      1  0.5621710000000  0.5499410000000  0.4803700000000 1.0
C      1  0.5499410000000  0.5196300000000  0.4378290000000 1.0
C      1  0.5196300000000  0.5621710000000  0.4500590000000 1.0
C      1  0.4378290000000  0.4500590000000  0.4803700000000 1.0
C      1  0.5621710000000  0.4500590000000  0.5196300000000 1.0
C      1  0.4378290000000  0.5499410000000  0.5196300000000 1.0
C      1  0.4500590000000  0.4803700000000  0.4378290000000 1.0
C      1  0.5499410000000  0.4803700000000  0.5621710000000 1.0
C      1  0.4500590000000  0.5196300000000  0.5621710000000 1.0
C      1  0.4803700000000  0.4378290000000  0.4500590000000 1.0
C      1  0.5196300000000  0.4378290000000  0.5499410000000 1.0
C      1  0.4803700000000  0.5621710000000  0.5499410000000 1.0
C      1  0.5070430000000  0.4764080000000  0.5584010000000 1.0
C      1  0.4764080000000  0.5584010000000  0.5070430000000 1.0
C      1  0.5584010000000  0.5070430000000  0.4764080000000 1.0
C      1  0.4929570000000  0.5235920000000  0.5584010000000 1.0
C      1  0.5070430000000  0.5235920000000  0.4415990000000 1.0
C      1  0.4929570000000  0.4764080000000  0.4415990000000 1.0
C      1  0.5235920000000  0.4415990000000  0.5070430000000 1.0
C      1  0.4764080000000  0.4415990000000  0.4929570000000 1.0
C      1  0.5235920000000  0.5584010000000  0.4929570000000 1.0
C      1  0.4415990000000  0.4929570000000  0.4764080000000 1.0
C      1  0.5584010000000  0.4929570000000  0.5235920000000 1.0
C      1  0.4415990000000  0.5070430000000  0.5235920000000 1.0
C      1  0.5070430000000  0.4764080000000  0.4415990000000 1.0
C      1  0.4764080000000  0.5584010000000  0.4929570000000 1.0
C      1  0.5584010000000  0.5070430000000  0.5235920000000 1.0
C      1  0.4929570000000  0.5235920000000  0.4415990000000 1.0
C      1  0.5070430000000  0.5235920000000  0.5584010000000 1.0
C      1  0.4929570000000  0.4764080000000  0.5584010000000 1.0
C      1  0.5235920000000  0.4415990000000  0.4929570000000 1.0
C      1  0.4764080000000  0.4415990000000  0.5070430000000 1.0
C      1  0.5235920000000  0.5584010000000  0.5070430000000 1.0
C      1  0.4415990000000  0.4929570000000  0.5235920000000 1.0
C      1  0.5584010000000  0.4929570000000  0.4764080000000 1.0
C      1  0.4415990000000  0.5070430000000  0.4764080000000 1.0
END
