TITL C-1379268-1316-46 -1.06219758082197e-06 1000000 -1695.27959679637 0 0 240 (Th) n - 1
REM
REM in /nfs/bkarasulu/CARBON/AIRSS/Generating-Clusters/GAP-ML-2020/Higher-Symm/Selected-Sizes/TryA-Only_Ih-Symm/Larger-Clusters/Try2-MINAMP_6A
REM
REM
REM
REM
REM
REM ./C.cell (31579ac4e95a012ec27f3239692ae8a5)
REM
REM compiler GCC version 9.2.1 20190827 (Red Hat 9.2.1-1)
REM options -cpp -mtune=generic -march=x86-64 -g -O0 -fpre-include=/usr/include/finclude/math-vector-fortran.h
REM seed -1061658209 472618169 283703722 -241310216 -1653487039 358041365 -1742251850 -1221878092 1628040806 1456426699 117524494 -1988352811 -804342444 -1030986169 1349486945 620974339 288686893 1590248319 1845955644 770610385 73292163 -970703328 1305324167 -806440142 -1999477644 -1286681245 1512596968 -1395716304 -153053694 81128064 1505853415 -1146081852 205015897
REM
CELL 1.54180  100.00000  100.00000  100.00000   90.00000   90.00000   90.00000
LATT -1
SFAC C  
C      1  0.5061880000000  0.5737780000000  0.4874510000000 1.0
C      1  0.5737780000000  0.4874510000000  0.5061880000000 1.0
C      1  0.4874510000000  0.5061880000000  0.5737780000000 1.0
C      1  0.4938120000000  0.4262220000000  0.4874510000000 1.0
C      1  0.5061880000000  0.4262220000000  0.5125490000000 1.0
C      1  0.4938120000000  0.5737780000000  0.5125490000000 1.0
C      1  0.4262220000000  0.5125490000000  0.5061880000000 1.0
C      1  0.5737780000000  0.5125490000000  0.4938120000000 1.0
C      1  0.4262220000000  0.4874510000000  0.4938120000000 1.0
C      1  0.5125490000000  0.4938120000000  0.5737780000000 1.0
C      1  0.4874510000000  0.4938120000000  0.4262220000000 1.0
C      1  0.5125490000000  0.5061880000000  0.4262220000000 1.0
C      1  0.5061880000000  0.5737780000000  0.5125490000000 1.0
C      1  0.5737780000000  0.4874510000000  0.4938120000000 1.0
C      1  0.4874510000000  0.5061880000000  0.4262220000000 1.0
C      1  0.4938120000000  0.4262220000000  0.5125490000000 1.0
C      1  0.5061880000000  0.4262220000000  0.4874510000000 1.0
C      1  0.4938120000000  0.5737780000000  0.4874510000000 1.0
C      1  0.4262220000000  0.5125490000000  0.4938120000000 1.0
C      1  0.5737780000000  0.5125490000000  0.5061880000000 1.0
C      1  0.4262220000000  0.4874510000000  0.5061880000000 1.0
C      1  0.5125490000000  0.4938120000000  0.4262220000000 1.0
C      1  0.4874510000000  0.4938120000000  0.5737780000000 1.0
C      1  0.5125490000000  0.5061880000000  0.5737780000000 1.0
C      1  0.4830260000000  0.5393320000000  0.4433230000000 1.0
C      1  0.5393320000000  0.4433230000000  0.4830260000000 1.0
C      1  0.4433230000000  0.4830260000000  0.5393320000000 1.0
C      1  0.5169740000000  0.4606680000000  0.4433230000000 1.0
C      1  0.4830260000000  0.4606680000000  0.5566770000000 1.0
C      1  0.5169740000000  0.5393320000000  0.5566770000000 1.0
C      1  0.4606680000000  0.5566770000000  0.4830260000000 1.0
C      1  0.5393320000000  0.5566770000000  0.5169740000000 1.0
C      1  0.4606680000000  0.4433230000000  0.5169740000000 1.0
C      1  0.5566770000000  0.5169740000000  0.5393320000000 1.0
C      1  0.4433230000000  0.5169740000000  0.4606680000000 1.0
C      1  0.5566770000000  0.4830260000000  0.4606680000000 1.0
C      1  0.4830260000000  0.5393320000000  0.5566770000000 1.0
C      1  0.5393320000000  0.4433230000000  0.5169740000000 1.0
C      1  0.4433230000000  0.4830260000000  0.4606680000000 1.0
C      1  0.5169740000000  0.4606680000000  0.5566770000000 1.0
C      1  0.4830260000000  0.4606680000000  0.4433230000000 1.0
C      1  0.5169740000000  0.5393320000000  0.4433230000000 1.0
C      1  0.4606680000000  0.5566770000000  0.5169740000000 1.0
C      1  0.5393320000000  0.5566770000000  0.4830260000000 1.0
C      1  0.4606680000000  0.4433230000000  0.4830260000000 1.0
C      1  0.5566770000000  0.5169740000000  0.4606680000000 1.0
C      1  0.4433230000000  0.5169740000000  0.5393320000000 1.0
C      1  0.5566770000000  0.4830260000000  0.5393320000000 1.0
C      1  0.4923680000000  0.4813840000000  0.5696490000000 1.0
C      1  0.4813840000000  0.5696490000000  0.4923680000000 1.0
C      1  0.5696490000000  0.4923680000000  0.4813840000000 1.0
C      1  0.5076320000000  0.5186160000000  0.5696490000000 1.0
C      1  0.4923680000000  0.5186160000000  0.4303510000000 1.0
C      1  0.5076320000000  0.4813840000000  0.4303510000000 1.0
C      1  0.5186160000000  0.4303510000000  0.4923680000000 1.0
C      1  0.4813840000000  0.4303510000000  0.5076320000000 1.0
C      1  0.5186160000000  0.5696490000000  0.5076320000000 1.0
C      1  0.4303510000000  0.5076320000000  0.4813840000000 1.0
C      1  0.5696490000000  0.5076320000000  0.5186160000000 1.0
C      1  0.4303510000000  0.4923680000000  0.5186160000000 1.0
C      1  0.4923680000000  0.4813840000000  0.4303510000000 1.0
C      1  0.4813840000000  0.5696490000000  0.5076320000000 1.0
C      1  0.5696490000000  0.4923680000000  0.5186160000000 1.0
C      1  0.5076320000000  0.5186160000000  0.4303510000000 1.0
C      1  0.4923680000000  0.5186160000000  0.5696490000000 1.0
C      1  0.5076320000000  0.4813840000000  0.5696490000000 1.0
C      1  0.5186160000000  0.4303510000000  0.5076320000000 1.0
C      1  0.4813840000000  0.4303510000000  0.4923680000000 1.0
C      1  0.5186160000000  0.5696490000000  0.4923680000000 1.0
C      1  0.4303510000000  0.5076320000000  0.5186160000000 1.0
C      1  0.5696490000000  0.5076320000000  0.4813840000000 1.0
C      1  0.4303510000000  0.4923680000000  0.4813840000000 1.0
C      1  0.5176340000000  0.5261070000000  0.5625880000000 1.0
C      1  0.5261070000000  0.5625880000000  0.5176340000000 1.0
C      1  0.5625880000000  0.5176340000000  0.5261070000000 1.0
C      1  0.4823660000000  0.4738930000000  0.5625880000000 1.0
C      1  0.5176340000000  0.4738930000000  0.4374120000000 1.0
C      1  0.4823660000000  0.5261070000000  0.4374120000000 1.0
C      1  0.4738930000000  0.4374120000000  0.5176340000000 1.0
C      1  0.5261070000000  0.4374120000000  0.4823660000000 1.0
C      1  0.4738930000000  0.5625880000000  0.4823660000000 1.0
C      1  0.4374120000000  0.4823660000000  0.5261070000000 1.0
C      1  0.5625880000000  0.4823660000000  0.4738930000000 1.0
C      1  0.4374120000000  0.5176340000000  0.4738930000000 1.0
C      1  0.5176340000000  0.5261070000000  0.4374120000000 1.0
C      1  0.5261070000000  0.5625880000000  0.4823660000000 1.0
C      1  0.5625880000000  0.5176340000000  0.4738930000000 1.0
C      1  0.4823660000000  0.4738930000000  0.4374120000000 1.0
C      1  0.5176340000000  0.4738930000000  0.5625880000000 1.0
C      1  0.4823660000000  0.5261070000000  0.5625880000000 1.0
C      1  0.4738930000000  0.4374120000000  0.4823660000000 1.0
C      1  0.5261070000000  0.4374120000000  0.5176340000000 1.0
C      1  0.4738930000000  0.5625880000000  0.5176340000000 1.0
C      1  0.4374120000000  0.4823660000000  0.4738930000000 1.0
C      1  0.5625880000000  0.4823660000000  0.5261070000000 1.0
C      1  0.4374120000000  0.5176340000000  0.5261070000000 1.0
C      1  0.5408390000000  0.4521140000000  0.4717920000000 1.0
C      1  0.4521140000000  0.4717920000000  0.5408390000000 1.0
C      1  0.4717920000000  0.5408390000000  0.4521140000000 1.0
C      1  0.4591610000000  0.5478860000000  0.4717920000000 1.0
C      1  0.5408390000000  0.5478860000000  0.5282080000000 1.0
C      1  0.4591610000000  0.4521140000000  0.5282080000000 1.0
C      1  0.5478860000000  0.5282080000000  0.5408390000000 1.0
C      1  0.4521140000000  0.5282080000000  0.4591610000000 1.0
C      1  0.5478860000000  0.4717920000000  0.4591610000000 1.0
C      1  0.5282080000000  0.4591610000000  0.4521140000000 1.0
C      1  0.4717920000000  0.4591610000000  0.5478860000000 1.0
C      1  0.5282080000000  0.5408390000000  0.5478860000000 1.0
C      1  0.5408390000000  0.4521140000000  0.5282080000000 1.0
C      1  0.4521140000000  0.4717920000000  0.4591610000000 1.0
C      1  0.4717920000000  0.5408390000000  0.5478860000000 1.0
C      1  0.4591610000000  0.5478860000000  0.5282080000000 1.0
C      1  0.5408390000000  0.5478860000000  0.4717920000000 1.0
C      1  0.4591610000000  0.4521140000000  0.4717920000000 1.0
C      1  0.5478860000000  0.5282080000000  0.4591610000000 1.0
C      1  0.4521140000000  0.5282080000000  0.5408390000000 1.0
C      1  0.5478860000000  0.4717920000000  0.5408390000000 1.0
C      1  0.5282080000000  0.4591610000000  0.5478860000000 1.0
C      1  0.4717920000000  0.4591610000000  0.4521140000000 1.0
C      1  0.5282080000000  0.5408390000000  0.4521140000000 1.0
C      1  0.4522250000000  0.5571440000000  0.4937050000000 1.0
C      1  0.5571440000000  0.4937050000000  0.4522250000000 1.0
C      1  0.4937050000000  0.4522250000000  0.5571440000000 1.0
C      1  0.5477750000000  0.4428560000000  0.4937050000000 1.0
C      1  0.4522250000000  0.4428560000000  0.5062950000000 1.0
C      1  0.5477750000000  0.5571440000000  0.5062950000000 1.0
C      1  0.4428560000000  0.5062950000000  0.4522250000000 1.0
C      1  0.5571440000000  0.5062950000000  0.5477750000000 1.0
C      1  0.4428560000000  0.4937050000000  0.5477750000000 1.0
C      1  0.5062950000000  0.5477750000000  0.5571440000000 1.0
C      1  0.4937050000000  0.5477750000000  0.4428560000000 1.0
C      1  0.5062950000000  0.4522250000000  0.4428560000000 1.0
C      1  0.4522250000000  0.5571440000000  0.5062950000000 1.0
C      1  0.5571440000000  0.4937050000000  0.5477750000000 1.0
C      1  0.4937050000000  0.4522250000000  0.4428560000000 1.0
C      1  0.5477750000000  0.4428560000000  0.5062950000000 1.0
C      1  0.4522250000000  0.4428560000000  0.4937050000000 1.0
C      1  0.5477750000000  0.5571440000000  0.4937050000000 1.0
C      1  0.4428560000000  0.5062950000000  0.5477750000000 1.0
C      1  0.5571440000000  0.5062950000000  0.4522250000000 1.0
C      1  0.4428560000000  0.4937050000000  0.4522250000000 1.0
C      1  0.5062950000000  0.5477750000000  0.4428560000000 1.0
C      1  0.4937050000000  0.5477750000000  0.5571440000000 1.0
C      1  0.5062950000000  0.4522250000000  0.5571440000000 1.0
C      1  0.4563870000000  0.5065540000000  0.5748690000000 1.0
C      1  0.5065540000000  0.5748690000000  0.4563870000000 1.0
C      1  0.5748690000000  0.4563870000000  0.5065540000000 1.0
C      1  0.5436130000000  0.4934460000000  0.5748690000000 1.0
C      1  0.4563870000000  0.4934460000000  0.4251310000000 1.0
C      1  0.5436130000000  0.5065540000000  0.4251310000000 1.0
C      1  0.4934460000000  0.4251310000000  0.4563870000000 1.0
C      1  0.5065540000000  0.4251310000000  0.5436130000000 1.0
C      1  0.4934460000000  0.5748690000000  0.5436130000000 1.0
C      1  0.4251310000000  0.5436130000000  0.5065540000000 1.0
C      1  0.5748690000000  0.5436130000000  0.4934460000000 1.0
C      1  0.4251310000000  0.4563870000000  0.4934460000000 1.0
C      1  0.4563870000000  0.5065540000000  0.4251310000000 1.0
C      1  0.5065540000000  0.5748690000000  0.5436130000000 1.0
C      1  0.5748690000000  0.4563870000000  0.4934460000000 1.0
C      1  0.5436130000000  0.4934460000000  0.4251310000000 1.0
C      1  0.4563870000000  0.4934460000000  0.5748690000000 1.0
C      1  0.5436130000000  0.5065540000000  0.5748690000000 1.0
C      1  0.4934460000000  0.4251310000000  0.5436130000000 1.0
C      1  0.5065540000000  0.4251310000000  0.4563870000000 1.0
C      1  0.4934460000000  0.5748690000000  0.4563870000000 1.0
C      1  0.4251310000000  0.5436130000000  0.4934460000000 1.0
C      1  0.5748690000000  0.5436130000000  0.5065540000000 1.0
C      1  0.4251310000000  0.4563870000000  0.5065540000000 1.0
C      1  0.5494740000000  0.4630870000000  0.5295100000000 1.0
C      1  0.4630870000000  0.5295100000000  0.5494740000000 1.0
C      1  0.5295100000000  0.5494740000000  0.4630870000000 1.0
C      1  0.4505260000000  0.5369130000000  0.5295100000000 1.0
C      1  0.5494740000000  0.5369130000000  0.4704900000000 1.0
C      1  0.4505260000000  0.4630870000000  0.4704900000000 1.0
C      1  0.5369130000000  0.4704900000000  0.5494740000000 1.0
C      1  0.4630870000000  0.4704900000000  0.4505260000000 1.0
C      1  0.5369130000000  0.5295100000000  0.4505260000000 1.0
C      1  0.4704900000000  0.4505260000000  0.4630870000000 1.0
C      1  0.5295100000000  0.4505260000000  0.5369130000000 1.0
C      1  0.4704900000000  0.5494740000000  0.5369130000000 1.0
C      1  0.5494740000000  0.4630870000000  0.4704900000000 1.0
C      1  0.4630870000000  0.5295100000000  0.4505260000000 1.0
C      1  0.5295100000000  0.5494740000000  0.5369130000000 1.0
C      1  0.4505260000000  0.5369130000000  0.4704900000000 1.0
C      1  0.5494740000000  0.5369130000000  0.5295100000000 1.0
C      1  0.4505260000000  0.4630870000000  0.5295100000000 1.0
C      1  0.5369130000000  0.4704900000000  0.4505260000000 1.0
C      1  0.4630870000000  0.4704900000000  0.5494740000000 1.0
C      1  0.5369130000000  0.5295100000000  0.5494740000000 1.0
C      1  0.4704900000000  0.4505260000000  0.5369130000000 1.0
C      1  0.5295100000000  0.4505260000000  0.4630870000000 1.0
C      1  0.4704900000000  0.5494740000000  0.4630870000000 1.0
C      1  0.4802180000000  0.4418120000000  0.5301560000000 1.0
C      1  0.4418120000000  0.5301560000000  0.4802180000000 1.0
C      1  0.5301560000000  0.4802180000000  0.4418120000000 1.0
C      1  0.5197820000000  0.5581880000000  0.5301560000000 1.0
C      1  0.4802180000000  0.5581880000000  0.4698440000000 1.0
C      1  0.5197820000000  0.4418120000000  0.4698440000000 1.0
C      1  0.5581880000000  0.4698440000000  0.4802180000000 1.0
C      1  0.4418120000000  0.4698440000000  0.5197820000000 1.0
C      1  0.5581880000000  0.5301560000000  0.5197820000000 1.0
C      1  0.4698440000000  0.5197820000000  0.4418120000000 1.0
C      1  0.5301560000000  0.5197820000000  0.5581880000000 1.0
C      1  0.4698440000000  0.4802180000000  0.5581880000000 1.0
C      1  0.4802180000000  0.4418120000000  0.4698440000000 1.0
C      1  0.4418120000000  0.5301560000000  0.5197820000000 1.0
C      1  0.5301560000000  0.4802180000000  0.5581880000000 1.0
C      1  0.5197820000000  0.5581880000000  0.4698440000000 1.0
C      1  0.4802180000000  0.5581880000000  0.5301560000000 1.0
C      1  0.5197820000000  0.4418120000000  0.5301560000000 1.0
C      1  0.5581880000000  0.4698440000000  0.5197820000000 1.0
C      1  0.4418120000000  0.4698440000000  0.4802180000000 1.0
C      1  0.5581880000000  0.5301560000000  0.4802180000000 1.0
C      1  0.4698440000000  0.5197820000000  0.5581880000000 1.0
C      1  0.5301560000000  0.5197820000000  0.4418120000000 1.0
C      1  0.4698440000000  0.4802180000000  0.4418120000000 1.0
C      1  0.5622510000000  0.4647700000000  0.4927220000000 1.0
C      1  0.4647700000000  0.4927220000000  0.5622510000000 1.0
C      1  0.4927220000000  0.5622510000000  0.4647700000000 1.0
C      1  0.4377490000000  0.5352300000000  0.4927220000000 1.0
C      1  0.5622510000000  0.5352300000000  0.5072780000000 1.0
C      1  0.4377490000000  0.4647700000000  0.5072780000000 1.0
C      1  0.5352300000000  0.5072780000000  0.5622510000000 1.0
C      1  0.4647700000000  0.5072780000000  0.4377490000000 1.0
C      1  0.5352300000000  0.4927220000000  0.4377490000000 1.0
C      1  0.5072780000000  0.4377490000000  0.4647700000000 1.0
C      1  0.4927220000000  0.4377490000000  0.5352300000000 1.0
C      1  0.5072780000000  0.5622510000000  0.5352300000000 1.0
C      1  0.5622510000000  0.4647700000000  0.5072780000000 1.0
C      1  0.4647700000000  0.4927220000000  0.4377490000000 1.0
C      1  0.4927220000000  0.5622510000000  0.5352300000000 1.0
C      1  0.4377490000000  0.5352300000000  0.5072780000000 1.0
C      1  0.5622510000000  0.5352300000000  0.4927220000000 1.0
C      1  0.4377490000000  0.4647700000000  0.4927220000000 1.0
C      1  0.5352300000000  0.5072780000000  0.4377490000000 1.0
C      1  0.4647700000000  0.5072780000000  0.5622510000000 1.0
C      1  0.5352300000000  0.4927220000000  0.5622510000000 1.0
C      1  0.5072780000000  0.4377490000000  0.5352300000000 1.0
C      1  0.4927220000000  0.4377490000000  0.4647700000000 1.0
C      1  0.5072780000000  0.5622510000000  0.4647700000000 1.0
END
