TITL C-1379267-1329-392 4.10068529986548e-06 1000000 -4586.62928186551 0 0 660 (Th) n - 1
REM
REM in /nfs/bkarasulu/CARBON/AIRSS/Generating-Clusters/GAP-ML-2020/Higher-Symm/Selected-Sizes/TryA-Only_Ih-Symm/Larger-Clusters/Try2-MINAMP_6A
REM
REM
REM
REM
REM
REM ./C.cell (31579ac4e95a012ec27f3239692ae8a5)
REM
REM compiler GCC version 9.2.1 20190827 (Red Hat 9.2.1-1)
REM options -cpp -mtune=generic -march=x86-64 -g -O0 -fpre-include=/usr/include/finclude/math-vector-fortran.h
REM seed -374898492 1261102618 -1974232076 -1346298392 799149468 -1498540564 -1717729446 -1250918642 878245410 -1351085975 -715582176 427363125 1255822552 -354190982 774153619 -1614748028 -648912633 -1075149045 691279483 378726636 1434767185 -1365734120 -402424332 429113533 -1209022057 432853838 322987366 190054526 -1125039878 1920276872 218271068 -2103869643 448740937
REM
CELL 1.54180  100.00000  100.00000  100.00000   90.00000   90.00000   90.00000
LATT -1
SFAC C  
C      1  0.5270820000000  0.5806230000000  0.5389690000000 1.0
C      1  0.5806230000000  0.5389690000000  0.5270820000000 1.0
C      1  0.5389690000000  0.5270820000000  0.5806230000000 1.0
C      1  0.4729180000000  0.4193770000000  0.5389690000000 1.0
C      1  0.5270820000000  0.4193770000000  0.4610310000000 1.0
C      1  0.4729180000000  0.5806230000000  0.4610310000000 1.0
C      1  0.4193770000000  0.4610310000000  0.5270820000000 1.0
C      1  0.5806230000000  0.4610310000000  0.4729180000000 1.0
C      1  0.4193770000000  0.5389690000000  0.4729180000000 1.0
C      1  0.4610310000000  0.4729180000000  0.5806230000000 1.0
C      1  0.5389690000000  0.4729180000000  0.4193770000000 1.0
C      1  0.4610310000000  0.5270820000000  0.4193770000000 1.0
C      1  0.5270820000000  0.5806230000000  0.4610310000000 1.0
C      1  0.5806230000000  0.5389690000000  0.4729180000000 1.0
C      1  0.5389690000000  0.5270820000000  0.4193770000000 1.0
C      1  0.4729180000000  0.4193770000000  0.4610310000000 1.0
C      1  0.5270820000000  0.4193770000000  0.5389690000000 1.0
C      1  0.4729180000000  0.5806230000000  0.5389690000000 1.0
C      1  0.4193770000000  0.4610310000000  0.4729180000000 1.0
C      1  0.5806230000000  0.4610310000000  0.5270820000000 1.0
C      1  0.4193770000000  0.5389690000000  0.5270820000000 1.0
C      1  0.4610310000000  0.4729180000000  0.4193770000000 1.0
C      1  0.5389690000000  0.4729180000000  0.5806230000000 1.0
C      1  0.4610310000000  0.5270820000000  0.5806230000000 1.0
C      1  0.4178260000000  0.4441130000000  0.5069610000000 1.0
C      1  0.4441130000000  0.5069610000000  0.4178260000000 1.0
C      1  0.5069610000000  0.4178260000000  0.4441130000000 1.0
C      1  0.5821740000000  0.5558870000000  0.5069610000000 1.0
C      1  0.4178260000000  0.5558870000000  0.4930390000000 1.0
C      1  0.5821740000000  0.4441130000000  0.4930390000000 1.0
C      1  0.5558870000000  0.4930390000000  0.4178260000000 1.0
C      1  0.4441130000000  0.4930390000000  0.5821740000000 1.0
C      1  0.5558870000000  0.5069610000000  0.5821740000000 1.0
C      1  0.4930390000000  0.5821740000000  0.4441130000000 1.0
C      1  0.5069610000000  0.5821740000000  0.5558870000000 1.0
C      1  0.4930390000000  0.4178260000000  0.5558870000000 1.0
C      1  0.4178260000000  0.4441130000000  0.4930390000000 1.0
C      1  0.4441130000000  0.5069610000000  0.5821740000000 1.0
C      1  0.5069610000000  0.4178260000000  0.5558870000000 1.0
C      1  0.5821740000000  0.5558870000000  0.4930390000000 1.0
C      1  0.4178260000000  0.5558870000000  0.5069610000000 1.0
C      1  0.5821740000000  0.4441130000000  0.5069610000000 1.0
C      1  0.5558870000000  0.4930390000000  0.5821740000000 1.0
C      1  0.4441130000000  0.4930390000000  0.4178260000000 1.0
C      1  0.5558870000000  0.5069610000000  0.4178260000000 1.0
C      1  0.4930390000000  0.5821740000000  0.5558870000000 1.0
C      1  0.5069610000000  0.5821740000000  0.4441130000000 1.0
C      1  0.4930390000000  0.4178260000000  0.4441130000000 1.0
C      1  0.5141240000000  0.4474730000000  0.5765120000000 1.0
C      1  0.4474730000000  0.5765120000000  0.5141240000000 1.0
C      1  0.5765120000000  0.5141240000000  0.4474730000000 1.0
C      1  0.4858760000000  0.5525270000000  0.5765120000000 1.0
C      1  0.5141240000000  0.5525270000000  0.4234880000000 1.0
C      1  0.4858760000000  0.4474730000000  0.4234880000000 1.0
C      1  0.5525270000000  0.4234880000000  0.5141240000000 1.0
C      1  0.4474730000000  0.4234880000000  0.4858760000000 1.0
C      1  0.5525270000000  0.5765120000000  0.4858760000000 1.0
C      1  0.4234880000000  0.4858760000000  0.4474730000000 1.0
C      1  0.5765120000000  0.4858760000000  0.5525270000000 1.0
C      1  0.4234880000000  0.5141240000000  0.5525270000000 1.0
C      1  0.5141240000000  0.4474730000000  0.4234880000000 1.0
C      1  0.4474730000000  0.5765120000000  0.4858760000000 1.0
C      1  0.5765120000000  0.5141240000000  0.5525270000000 1.0
C      1  0.4858760000000  0.5525270000000  0.4234880000000 1.0
C      1  0.5141240000000  0.5525270000000  0.5765120000000 1.0
C      1  0.4858760000000  0.4474730000000  0.5765120000000 1.0
C      1  0.5525270000000  0.4234880000000  0.4858760000000 1.0
C      1  0.4474730000000  0.4234880000000  0.5141240000000 1.0
C      1  0.5525270000000  0.5765120000000  0.5141240000000 1.0
C      1  0.4234880000000  0.4858760000000  0.5525270000000 1.0
C      1  0.5765120000000  0.4858760000000  0.4474730000000 1.0
C      1  0.4234880000000  0.5141240000000  0.4474730000000 1.0
C      1  0.5517310000000  0.4795430000000  0.4203260000000 1.0
C      1  0.4795430000000  0.4203260000000  0.5517310000000 1.0
C      1  0.4203260000000  0.5517310000000  0.4795430000000 1.0
C      1  0.4482690000000  0.5204570000000  0.4203260000000 1.0
C      1  0.5517310000000  0.5204570000000  0.5796740000000 1.0
C      1  0.4482690000000  0.4795430000000  0.5796740000000 1.0
C      1  0.5204570000000  0.5796740000000  0.5517310000000 1.0
C      1  0.4795430000000  0.5796740000000  0.4482690000000 1.0
C      1  0.5204570000000  0.4203260000000  0.4482690000000 1.0
C      1  0.5796740000000  0.4482690000000  0.4795430000000 1.0
C      1  0.4203260000000  0.4482690000000  0.5204570000000 1.0
C      1  0.5796740000000  0.5517310000000  0.5204570000000 1.0
C      1  0.5517310000000  0.4795430000000  0.5796740000000 1.0
C      1  0.4795430000000  0.4203260000000  0.4482690000000 1.0
C      1  0.4203260000000  0.5517310000000  0.5204570000000 1.0
C      1  0.4482690000000  0.5204570000000  0.5796740000000 1.0
C      1  0.5517310000000  0.5204570000000  0.4203260000000 1.0
C      1  0.4482690000000  0.4795430000000  0.4203260000000 1.0
C      1  0.5204570000000  0.5796740000000  0.4482690000000 1.0
C      1  0.4795430000000  0.5796740000000  0.5517310000000 1.0
C      1  0.5204570000000  0.4203260000000  0.5517310000000 1.0
C      1  0.5796740000000  0.4482690000000  0.5204570000000 1.0
C      1  0.4203260000000  0.4482690000000  0.4795430000000 1.0
C      1  0.5796740000000  0.5517310000000  0.4795430000000 1.0
C      1  0.5167360000000  0.5819000000000  0.4710930000000 1.0
C      1  0.5819000000000  0.4710930000000  0.5167360000000 1.0
C      1  0.4710930000000  0.5167360000000  0.5819000000000 1.0
C      1  0.4832640000000  0.4181000000000  0.4710930000000 1.0
C      1  0.5167360000000  0.4181000000000  0.5289070000000 1.0
C      1  0.4832640000000  0.5819000000000  0.5289070000000 1.0
C      1  0.4181000000000  0.5289070000000  0.5167360000000 1.0
C      1  0.5819000000000  0.5289070000000  0.4832640000000 1.0
C      1  0.4181000000000  0.4710930000000  0.4832640000000 1.0
C      1  0.5289070000000  0.4832640000000  0.5819000000000 1.0
C      1  0.4710930000000  0.4832640000000  0.4181000000000 1.0
C      1  0.5289070000000  0.5167360000000  0.4181000000000 1.0
C      1  0.5167360000000  0.5819000000000  0.5289070000000 1.0
C      1  0.5819000000000  0.4710930000000  0.4832640000000 1.0
C      1  0.4710930000000  0.5167360000000  0.4181000000000 1.0
C      1  0.4832640000000  0.4181000000000  0.5289070000000 1.0
C      1  0.5167360000000  0.4181000000000  0.4710930000000 1.0
C      1  0.4832640000000  0.5819000000000  0.4710930000000 1.0
C      1  0.4181000000000  0.5289070000000  0.4832640000000 1.0
C      1  0.5819000000000  0.5289070000000  0.5167360000000 1.0
C      1  0.4181000000000  0.4710930000000  0.5167360000000 1.0
C      1  0.5289070000000  0.4832640000000  0.4181000000000 1.0
C      1  0.4710930000000  0.4832640000000  0.5819000000000 1.0
C      1  0.5289070000000  0.5167360000000  0.5819000000000 1.0
C      1  0.5281770000000  0.4471710000000  0.5766770000000 1.0
C      1  0.4471710000000  0.5766770000000  0.5281770000000 1.0
C      1  0.5766770000000  0.5281770000000  0.4471710000000 1.0
C      1  0.4718230000000  0.5528290000000  0.5766770000000 1.0
C      1  0.5281770000000  0.5528290000000  0.4233230000000 1.0
C      1  0.4718230000000  0.4471710000000  0.4233230000000 1.0
C      1  0.5528290000000  0.4233230000000  0.5281770000000 1.0
C      1  0.4471710000000  0.4233230000000  0.4718230000000 1.0
C      1  0.5528290000000  0.5766770000000  0.4718230000000 1.0
C      1  0.4233230000000  0.4718230000000  0.4471710000000 1.0
C      1  0.5766770000000  0.4718230000000  0.5528290000000 1.0
C      1  0.4233230000000  0.5281770000000  0.5528290000000 1.0
C      1  0.5281770000000  0.4471710000000  0.4233230000000 1.0
C      1  0.4471710000000  0.5766770000000  0.4718230000000 1.0
C      1  0.5766770000000  0.5281770000000  0.5528290000000 1.0
C      1  0.4718230000000  0.5528290000000  0.4233230000000 1.0
C      1  0.5281770000000  0.5528290000000  0.5766770000000 1.0
C      1  0.4718230000000  0.4471710000000  0.5766770000000 1.0
C      1  0.5528290000000  0.4233230000000  0.4718230000000 1.0
C      1  0.4471710000000  0.4233230000000  0.5281770000000 1.0
C      1  0.5528290000000  0.5766770000000  0.5281770000000 1.0
C      1  0.4233230000000  0.4718230000000  0.5528290000000 1.0
C      1  0.5766770000000  0.4718230000000  0.4471710000000 1.0
C      1  0.4233230000000  0.5281770000000  0.4471710000000 1.0
C      1  0.5391630000000  0.4481120000000  0.4314630000000 1.0
C      1  0.4481120000000  0.4314630000000  0.5391630000000 1.0
C      1  0.4314630000000  0.5391630000000  0.4481120000000 1.0
C      1  0.4608370000000  0.5518880000000  0.4314630000000 1.0
C      1  0.5391630000000  0.5518880000000  0.5685370000000 1.0
C      1  0.4608370000000  0.4481120000000  0.5685370000000 1.0
C      1  0.5518880000000  0.5685370000000  0.5391630000000 1.0
C      1  0.4481120000000  0.5685370000000  0.4608370000000 1.0
C      1  0.5518880000000  0.4314630000000  0.4608370000000 1.0
C      1  0.5685370000000  0.4608370000000  0.4481120000000 1.0
C      1  0.4314630000000  0.4608370000000  0.5518880000000 1.0
C      1  0.5685370000000  0.5391630000000  0.5518880000000 1.0
C      1  0.5391630000000  0.4481120000000  0.5685370000000 1.0
C      1  0.4481120000000  0.4314630000000  0.4608370000000 1.0
C      1  0.4314630000000  0.5391630000000  0.5518880000000 1.0
C      1  0.4608370000000  0.5518880000000  0.5685370000000 1.0
C      1  0.5391630000000  0.5518880000000  0.4314630000000 1.0
C      1  0.4608370000000  0.4481120000000  0.4314630000000 1.0
C      1  0.5518880000000  0.5685370000000  0.4608370000000 1.0
C      1  0.4481120000000  0.5685370000000  0.5391630000000 1.0
C      1  0.5518880000000  0.4314630000000  0.5391630000000 1.0
C      1  0.5685370000000  0.4608370000000  0.5518880000000 1.0
C      1  0.4314630000000  0.4608370000000  0.4481120000000 1.0
C      1  0.5685370000000  0.5391630000000  0.4481120000000 1.0
C      1  0.5389730000000  0.5733190000000  0.4660700000000 1.0
C      1  0.5733190000000  0.4660700000000  0.5389730000000 1.0
C      1  0.4660700000000  0.5389730000000  0.5733190000000 1.0
C      1  0.4610270000000  0.4266810000000  0.4660700000000 1.0
C      1  0.5389730000000  0.4266810000000  0.5339300000000 1.0
C      1  0.4610270000000  0.5733190000000  0.5339300000000 1.0
C      1  0.4266810000000  0.5339300000000  0.5389730000000 1.0
C      1  0.5733190000000  0.5339300000000  0.4610270000000 1.0
C      1  0.4266810000000  0.4660700000000  0.4610270000000 1.0
C      1  0.5339300000000  0.4610270000000  0.5733190000000 1.0
C      1  0.4660700000000  0.4610270000000  0.4266810000000 1.0
C      1  0.5339300000000  0.5389730000000  0.4266810000000 1.0
C      1  0.5389730000000  0.5733190000000  0.5339300000000 1.0
C      1  0.5733190000000  0.4660700000000  0.4610270000000 1.0
C      1  0.4660700000000  0.5389730000000  0.4266810000000 1.0
C      1  0.4610270000000  0.4266810000000  0.5339300000000 1.0
C      1  0.5389730000000  0.4266810000000  0.4660700000000 1.0
C      1  0.4610270000000  0.5733190000000  0.4660700000000 1.0
C      1  0.4266810000000  0.5339300000000  0.4610270000000 1.0
C      1  0.5733190000000  0.5339300000000  0.5389730000000 1.0
C      1  0.4266810000000  0.4660700000000  0.5389730000000 1.0
C      1  0.5339300000000  0.4610270000000  0.4266810000000 1.0
C      1  0.4660700000000  0.4610270000000  0.5733190000000 1.0
C      1  0.5339300000000  0.5389730000000  0.5733190000000 1.0
C      1  0.4923120000000  0.5449750000000  0.4587760000000 1.0
C      1  0.5449750000000  0.4587760000000  0.4923120000000 1.0
C      1  0.4587760000000  0.4923120000000  0.5449750000000 1.0
C      1  0.5076880000000  0.4550250000000  0.4587760000000 1.0
C      1  0.4923120000000  0.4550250000000  0.5412240000000 1.0
C      1  0.5076880000000  0.5449750000000  0.5412240000000 1.0
C      1  0.4550250000000  0.5412240000000  0.4923120000000 1.0
C      1  0.5449750000000  0.5412240000000  0.5076880000000 1.0
C      1  0.4550250000000  0.4587760000000  0.5076880000000 1.0
C      1  0.5412240000000  0.5076880000000  0.5449750000000 1.0
C      1  0.4587760000000  0.5076880000000  0.4550250000000 1.0
C      1  0.5412240000000  0.4923120000000  0.4550250000000 1.0
C      1  0.4923120000000  0.5449750000000  0.5412240000000 1.0
C      1  0.5449750000000  0.4587760000000  0.5076880000000 1.0
C      1  0.4587760000000  0.4923120000000  0.4550250000000 1.0
C      1  0.5076880000000  0.4550250000000  0.5412240000000 1.0
C      1  0.4923120000000  0.4550250000000  0.4587760000000 1.0
C      1  0.5076880000000  0.5449750000000  0.4587760000000 1.0
C      1  0.4550250000000  0.5412240000000  0.5076880000000 1.0
C      1  0.5449750000000  0.5412240000000  0.4923120000000 1.0
C      1  0.4550250000000  0.4587760000000  0.4923120000000 1.0
C      1  0.5412240000000  0.5076880000000  0.4550250000000 1.0
C      1  0.4587760000000  0.5076880000000  0.5449750000000 1.0
C      1  0.5412240000000  0.4923120000000  0.5449750000000 1.0
C      1  0.4925020000000  0.4611520000000  0.5785700000000 1.0
C      1  0.4611520000000  0.5785700000000  0.4925020000000 1.0
C      1  0.5785700000000  0.4925020000000  0.4611520000000 1.0
C      1  0.5074980000000  0.5388480000000  0.5785700000000 1.0
C      1  0.4925020000000  0.5388480000000  0.4214300000000 1.0
C      1  0.5074980000000  0.4611520000000  0.4214300000000 1.0
C      1  0.5388480000000  0.4214300000000  0.4925020000000 1.0
C      1  0.4611520000000  0.4214300000000  0.5074980000000 1.0
C      1  0.5388480000000  0.5785700000000  0.5074980000000 1.0
C      1  0.4214300000000  0.5074980000000  0.4611520000000 1.0
C      1  0.5785700000000  0.5074980000000  0.5388480000000 1.0
C      1  0.4214300000000  0.4925020000000  0.5388480000000 1.0
C      1  0.4925020000000  0.4611520000000  0.4214300000000 1.0
C      1  0.4611520000000  0.5785700000000  0.5074980000000 1.0
C      1  0.5785700000000  0.4925020000000  0.5388480000000 1.0
C      1  0.5074980000000  0.5388480000000  0.4214300000000 1.0
C      1  0.4925020000000  0.5388480000000  0.5785700000000 1.0
C      1  0.5074980000000  0.4611520000000  0.5785700000000 1.0
C      1  0.5388480000000  0.4214300000000  0.5074980000000 1.0
C      1  0.4611520000000  0.4214300000000  0.4925020000000 1.0
C      1  0.5388480000000  0.5785700000000  0.4925020000000 1.0
C      1  0.4214300000000  0.5074980000000  0.5388480000000 1.0
C      1  0.5785700000000  0.5074980000000  0.4611520000000 1.0
C      1  0.4214300000000  0.4925020000000  0.4611520000000 1.0
C      1  0.4121220000000  0.5158880000000  0.4828570000000 1.0
C      1  0.5158880000000  0.4828570000000  0.4121220000000 1.0
C      1  0.4828570000000  0.4121220000000  0.5158880000000 1.0
C      1  0.5878780000000  0.4841120000000  0.4828570000000 1.0
C      1  0.4121220000000  0.4841120000000  0.5171430000000 1.0
C      1  0.5878780000000  0.5158880000000  0.5171430000000 1.0
C      1  0.4841120000000  0.5171430000000  0.4121220000000 1.0
C      1  0.5158880000000  0.5171430000000  0.5878780000000 1.0
C      1  0.4841120000000  0.4828570000000  0.5878780000000 1.0
C      1  0.5171430000000  0.5878780000000  0.5158880000000 1.0
C      1  0.4828570000000  0.5878780000000  0.4841120000000 1.0
C      1  0.5171430000000  0.4121220000000  0.4841120000000 1.0
C      1  0.4121220000000  0.5158880000000  0.5171430000000 1.0
C      1  0.5158880000000  0.4828570000000  0.5878780000000 1.0
C      1  0.4828570000000  0.4121220000000  0.4841120000000 1.0
C      1  0.5878780000000  0.4841120000000  0.5171430000000 1.0
C      1  0.4121220000000  0.4841120000000  0.4828570000000 1.0
C      1  0.5878780000000  0.5158880000000  0.4828570000000 1.0
C      1  0.4841120000000  0.5171430000000  0.5878780000000 1.0
C      1  0.5158880000000  0.5171430000000  0.4121220000000 1.0
C      1  0.4841120000000  0.4828570000000  0.4121220000000 1.0
C      1  0.5171430000000  0.5878780000000  0.4841120000000 1.0
C      1  0.4828570000000  0.5878780000000  0.5158880000000 1.0
C      1  0.5171430000000  0.4121220000000  0.5158880000000 1.0
C      1  0.4197760000000  0.4923520000000  0.4924500000000 1.0
C      1  0.4923520000000  0.4924500000000  0.4197760000000 1.0
C      1  0.4924500000000  0.4197760000000  0.4923520000000 1.0
C      1  0.5802240000000  0.5076480000000  0.4924500000000 1.0
C      1  0.4197760000000  0.5076480000000  0.5075500000000 1.0
C      1  0.5802240000000  0.4923520000000  0.5075500000000 1.0
C      1  0.5076480000000  0.5075500000000  0.4197760000000 1.0
C      1  0.4923520000000  0.5075500000000  0.5802240000000 1.0
C      1  0.5076480000000  0.4924500000000  0.5802240000000 1.0
C      1  0.5075500000000  0.5802240000000  0.4923520000000 1.0
C      1  0.4924500000000  0.5802240000000  0.5076480000000 1.0
C      1  0.5075500000000  0.4197760000000  0.5076480000000 1.0
C      1  0.4197760000000  0.4923520000000  0.5075500000000 1.0
C      1  0.4923520000000  0.4924500000000  0.5802240000000 1.0
C      1  0.4924500000000  0.4197760000000  0.5076480000000 1.0
C      1  0.5802240000000  0.5076480000000  0.5075500000000 1.0
C      1  0.4197760000000  0.5076480000000  0.4924500000000 1.0
C      1  0.5802240000000  0.4923520000000  0.4924500000000 1.0
C      1  0.5076480000000  0.5075500000000  0.5802240000000 1.0
C      1  0.4923520000000  0.5075500000000  0.4197760000000 1.0
C      1  0.5076480000000  0.4924500000000  0.4197760000000 1.0
C      1  0.5075500000000  0.5802240000000  0.5076480000000 1.0
C      1  0.4924500000000  0.5802240000000  0.4923520000000 1.0
C      1  0.5075500000000  0.4197760000000  0.4923520000000 1.0
C      1  0.4481510000000  0.5467620000000  0.4707700000000 1.0
C      1  0.5467620000000  0.4707700000000  0.4481510000000 1.0
C      1  0.4707700000000  0.4481510000000  0.5467620000000 1.0
C      1  0.5518490000000  0.4532380000000  0.4707700000000 1.0
C      1  0.4481510000000  0.4532380000000  0.5292300000000 1.0
C      1  0.5518490000000  0.5467620000000  0.5292300000000 1.0
C      1  0.4532380000000  0.5292300000000  0.4481510000000 1.0
C      1  0.5467620000000  0.5292300000000  0.5518490000000 1.0
C      1  0.4532380000000  0.4707700000000  0.5518490000000 1.0
C      1  0.5292300000000  0.5518490000000  0.5467620000000 1.0
C      1  0.4707700000000  0.5518490000000  0.4532380000000 1.0
C      1  0.5292300000000  0.4481510000000  0.4532380000000 1.0
C      1  0.4481510000000  0.5467620000000  0.5292300000000 1.0
C      1  0.5467620000000  0.4707700000000  0.5518490000000 1.0
C      1  0.4707700000000  0.4481510000000  0.4532380000000 1.0
C      1  0.5518490000000  0.4532380000000  0.5292300000000 1.0
C      1  0.4481510000000  0.4532380000000  0.4707700000000 1.0
C      1  0.5518490000000  0.5467620000000  0.4707700000000 1.0
C      1  0.4532380000000  0.5292300000000  0.5518490000000 1.0
C      1  0.5467620000000  0.5292300000000  0.4481510000000 1.0
C      1  0.4532380000000  0.4707700000000  0.4481510000000 1.0
C      1  0.5292300000000  0.5518490000000  0.4532380000000 1.0
C      1  0.4707700000000  0.5518490000000  0.5467620000000 1.0
C      1  0.5292300000000  0.4481510000000  0.5467620000000 1.0
C      1  0.4424220000000  0.5635410000000  0.5083130000000 1.0
C      1  0.5635410000000  0.5083130000000  0.4424220000000 1.0
C      1  0.5083130000000  0.4424220000000  0.5635410000000 1.0
C      1  0.5575780000000  0.4364590000000  0.5083130000000 1.0
C      1  0.4424220000000  0.4364590000000  0.4916870000000 1.0
C      1  0.5575780000000  0.5635410000000  0.4916870000000 1.0
C      1  0.4364590000000  0.4916870000000  0.4424220000000 1.0
C      1  0.5635410000000  0.4916870000000  0.5575780000000 1.0
C      1  0.4364590000000  0.5083130000000  0.5575780000000 1.0
C      1  0.4916870000000  0.5575780000000  0.5635410000000 1.0
C      1  0.5083130000000  0.5575780000000  0.4364590000000 1.0
C      1  0.4916870000000  0.4424220000000  0.4364590000000 1.0
C      1  0.4424220000000  0.5635410000000  0.4916870000000 1.0
C      1  0.5635410000000  0.5083130000000  0.5575780000000 1.0
C      1  0.5083130000000  0.4424220000000  0.4364590000000 1.0
C      1  0.5575780000000  0.4364590000000  0.4916870000000 1.0
C      1  0.4424220000000  0.4364590000000  0.5083130000000 1.0
C      1  0.5575780000000  0.5635410000000  0.5083130000000 1.0
C      1  0.4364590000000  0.4916870000000  0.5575780000000 1.0
C      1  0.5635410000000  0.4916870000000  0.4424220000000 1.0
C      1  0.4364590000000  0.5083130000000  0.4424220000000 1.0
C      1  0.4916870000000  0.5575780000000  0.4364590000000 1.0
C      1  0.5083130000000  0.5575780000000  0.5635410000000 1.0
C      1  0.4916870000000  0.4424220000000  0.5635410000000 1.0
C      1  0.5115070000000  0.4689520000000  0.5362600000000 1.0
C      1  0.4689520000000  0.5362600000000  0.5115070000000 1.0
C      1  0.5362600000000  0.5115070000000  0.4689520000000 1.0
C      1  0.4884930000000  0.5310480000000  0.5362600000000 1.0
C      1  0.5115070000000  0.5310480000000  0.4637400000000 1.0
C      1  0.4884930000000  0.4689520000000  0.4637400000000 1.0
C      1  0.5310480000000  0.4637400000000  0.5115070000000 1.0
C      1  0.4689520000000  0.4637400000000  0.4884930000000 1.0
C      1  0.5310480000000  0.5362600000000  0.4884930000000 1.0
C      1  0.4637400000000  0.4884930000000  0.4689520000000 1.0
C      1  0.5362600000000  0.4884930000000  0.5310480000000 1.0
C      1  0.4637400000000  0.5115070000000  0.5310480000000 1.0
C      1  0.5115070000000  0.4689520000000  0.4637400000000 1.0
C      1  0.4689520000000  0.5362600000000  0.4884930000000 1.0
C      1  0.5362600000000  0.5115070000000  0.5310480000000 1.0
C      1  0.4884930000000  0.5310480000000  0.4637400000000 1.0
C      1  0.5115070000000  0.5310480000000  0.5362600000000 1.0
C      1  0.4884930000000  0.4689520000000  0.5362600000000 1.0
C      1  0.5310480000000  0.4637400000000  0.4884930000000 1.0
C      1  0.4689520000000  0.4637400000000  0.5115070000000 1.0
C      1  0.5310480000000  0.5362600000000  0.5115070000000 1.0
C      1  0.4637400000000  0.4884930000000  0.5310480000000 1.0
C      1  0.5362600000000  0.4884930000000  0.4689520000000 1.0
C      1  0.4637400000000  0.5115070000000  0.4689520000000 1.0
C      1  0.4285580000000  0.4389540000000  0.5140510000000 1.0
C      1  0.4389540000000  0.5140510000000  0.4285580000000 1.0
C      1  0.5140510000000  0.4285580000000  0.4389540000000 1.0
C      1  0.5714420000000  0.5610460000000  0.5140510000000 1.0
C      1  0.4285580000000  0.5610460000000  0.4859490000000 1.0
C      1  0.5714420000000  0.4389540000000  0.4859490000000 1.0
C      1  0.5610460000000  0.4859490000000  0.4285580000000 1.0
C      1  0.4389540000000  0.4859490000000  0.5714420000000 1.0
C      1  0.5610460000000  0.5140510000000  0.5714420000000 1.0
C      1  0.4859490000000  0.5714420000000  0.4389540000000 1.0
C      1  0.5140510000000  0.5714420000000  0.5610460000000 1.0
C      1  0.4859490000000  0.4285580000000  0.5610460000000 1.0
C      1  0.4285580000000  0.4389540000000  0.4859490000000 1.0
C      1  0.4389540000000  0.5140510000000  0.5714420000000 1.0
C      1  0.5140510000000  0.4285580000000  0.5610460000000 1.0
C      1  0.5714420000000  0.5610460000000  0.4859490000000 1.0
C      1  0.4285580000000  0.5610460000000  0.5140510000000 1.0
C      1  0.5714420000000  0.4389540000000  0.5140510000000 1.0
C      1  0.5610460000000  0.4859490000000  0.5714420000000 1.0
C      1  0.4389540000000  0.4859490000000  0.4285580000000 1.0
C      1  0.5610460000000  0.5140510000000  0.4285580000000 1.0
C      1  0.4859490000000  0.5714420000000  0.5610460000000 1.0
C      1  0.5140510000000  0.5714420000000  0.4389540000000 1.0
C      1  0.4859490000000  0.4285580000000  0.4389540000000 1.0
C      1  0.4832830000000  0.4927160000000  0.5561580000000 1.0
C      1  0.4927160000000  0.5561580000000  0.4832830000000 1.0
C      1  0.5561580000000  0.4832830000000  0.4927160000000 1.0
C      1  0.5167170000000  0.5072840000000  0.5561580000000 1.0
C      1  0.4832830000000  0.5072840000000  0.4438420000000 1.0
C      1  0.5167170000000  0.4927160000000  0.4438420000000 1.0
C      1  0.5072840000000  0.4438420000000  0.4832830000000 1.0
C      1  0.4927160000000  0.4438420000000  0.5167170000000 1.0
C      1  0.5072840000000  0.5561580000000  0.5167170000000 1.0
C      1  0.4438420000000  0.5167170000000  0.4927160000000 1.0
C      1  0.5561580000000  0.5167170000000  0.5072840000000 1.0
C      1  0.4438420000000  0.4832830000000  0.5072840000000 1.0
C      1  0.4832830000000  0.4927160000000  0.4438420000000 1.0
C      1  0.4927160000000  0.5561580000000  0.5167170000000 1.0
C      1  0.5561580000000  0.4832830000000  0.5072840000000 1.0
C      1  0.5167170000000  0.5072840000000  0.4438420000000 1.0
C      1  0.4832830000000  0.5072840000000  0.5561580000000 1.0
C      1  0.5167170000000  0.4927160000000  0.5561580000000 1.0
C      1  0.5072840000000  0.4438420000000  0.5167170000000 1.0
C      1  0.4927160000000  0.4438420000000  0.4832830000000 1.0
C      1  0.5072840000000  0.5561580000000  0.4832830000000 1.0
C      1  0.4438420000000  0.5167170000000  0.5072840000000 1.0
C      1  0.5561580000000  0.5167170000000  0.4927160000000 1.0
C      1  0.4438420000000  0.4832830000000  0.4927160000000 1.0
C      1  0.5700510000000  0.5314450000000  0.4927630000000 1.0
C      1  0.5314450000000  0.4927630000000  0.5700510000000 1.0
C      1  0.4927630000000  0.5700510000000  0.5314450000000 1.0
C      1  0.4299490000000  0.4685550000000  0.4927630000000 1.0
C      1  0.5700510000000  0.4685550000000  0.5072370000000 1.0
C      1  0.4299490000000  0.5314450000000  0.5072370000000 1.0
C      1  0.4685550000000  0.5072370000000  0.5700510000000 1.0
C      1  0.5314450000000  0.5072370000000  0.4299490000000 1.0
C      1  0.4685550000000  0.4927630000000  0.4299490000000 1.0
C      1  0.5072370000000  0.4299490000000  0.5314450000000 1.0
C      1  0.4927630000000  0.4299490000000  0.4685550000000 1.0
C      1  0.5072370000000  0.5700510000000  0.4685550000000 1.0
C      1  0.5700510000000  0.5314450000000  0.5072370000000 1.0
C      1  0.5314450000000  0.4927630000000  0.4299490000000 1.0
C      1  0.4927630000000  0.5700510000000  0.4685550000000 1.0
C      1  0.4299490000000  0.4685550000000  0.5072370000000 1.0
C      1  0.5700510000000  0.4685550000000  0.4927630000000 1.0
C      1  0.4299490000000  0.5314450000000  0.4927630000000 1.0
C      1  0.4685550000000  0.5072370000000  0.4299490000000 1.0
C      1  0.5314450000000  0.5072370000000  0.5700510000000 1.0
C      1  0.4685550000000  0.4927630000000  0.5700510000000 1.0
C      1  0.5072370000000  0.4299490000000  0.4685550000000 1.0
C      1  0.4927630000000  0.4299490000000  0.5314450000000 1.0
C      1  0.5072370000000  0.5700510000000  0.5314450000000 1.0
C      1  0.5255520000000  0.5275320000000  0.4626590000000 1.0
C      1  0.5275320000000  0.4626590000000  0.5255520000000 1.0
C      1  0.4626590000000  0.5255520000000  0.5275320000000 1.0
C      1  0.4744480000000  0.4724680000000  0.4626590000000 1.0
C      1  0.5255520000000  0.4724680000000  0.5373410000000 1.0
C      1  0.4744480000000  0.5275320000000  0.5373410000000 1.0
C      1  0.4724680000000  0.5373410000000  0.5255520000000 1.0
C      1  0.5275320000000  0.5373410000000  0.4744480000000 1.0
C      1  0.4724680000000  0.4626590000000  0.4744480000000 1.0
C      1  0.5373410000000  0.4744480000000  0.5275320000000 1.0
C      1  0.4626590000000  0.4744480000000  0.4724680000000 1.0
C      1  0.5373410000000  0.5255520000000  0.4724680000000 1.0
C      1  0.5255520000000  0.5275320000000  0.5373410000000 1.0
C      1  0.5275320000000  0.4626590000000  0.4744480000000 1.0
C      1  0.4626590000000  0.5255520000000  0.4724680000000 1.0
C      1  0.4744480000000  0.4724680000000  0.5373410000000 1.0
C      1  0.5255520000000  0.4724680000000  0.4626590000000 1.0
C      1  0.4744480000000  0.5275320000000  0.4626590000000 1.0
C      1  0.4724680000000  0.5373410000000  0.4744480000000 1.0
C      1  0.5275320000000  0.5373410000000  0.5255520000000 1.0
C      1  0.4724680000000  0.4626590000000  0.5255520000000 1.0
C      1  0.5373410000000  0.4744480000000  0.4724680000000 1.0
C      1  0.4626590000000  0.4744480000000  0.5275320000000 1.0
C      1  0.5373410000000  0.5255520000000  0.5275320000000 1.0
C      1  0.4712380000000  0.5897830000000  0.5071080000000 1.0
C      1  0.5897830000000  0.5071080000000  0.4712380000000 1.0
C      1  0.5071080000000  0.4712380000000  0.5897830000000 1.0
C      1  0.5287620000000  0.4102170000000  0.5071080000000 1.0
C      1  0.4712380000000  0.4102170000000  0.4928920000000 1.0
C      1  0.5287620000000  0.5897830000000  0.4928920000000 1.0
C      1  0.4102170000000  0.4928920000000  0.4712380000000 1.0
C      1  0.5897830000000  0.4928920000000  0.5287620000000 1.0
C      1  0.4102170000000  0.5071080000000  0.5287620000000 1.0
C      1  0.4928920000000  0.5287620000000  0.5897830000000 1.0
C      1  0.5071080000000  0.5287620000000  0.4102170000000 1.0
C      1  0.4928920000000  0.4712380000000  0.4102170000000 1.0
C      1  0.4712380000000  0.5897830000000  0.4928920000000 1.0
C      1  0.5897830000000  0.5071080000000  0.5287620000000 1.0
C      1  0.5071080000000  0.4712380000000  0.4102170000000 1.0
C      1  0.5287620000000  0.4102170000000  0.4928920000000 1.0
C      1  0.4712380000000  0.4102170000000  0.5071080000000 1.0
C      1  0.5287620000000  0.5897830000000  0.5071080000000 1.0
C      1  0.4102170000000  0.4928920000000  0.5287620000000 1.0
C      1  0.5897830000000  0.4928920000000  0.4712380000000 1.0
C      1  0.4102170000000  0.5071080000000  0.4712380000000 1.0
C      1  0.4928920000000  0.5287620000000  0.4102170000000 1.0
C      1  0.5071080000000  0.5287620000000  0.5897830000000 1.0
C      1  0.4928920000000  0.4712380000000  0.5897830000000 1.0
C      1  0.4579660000000  0.4477940000000  0.4458830000000 1.0
C      1  0.4477940000000  0.4458830000000  0.4579660000000 1.0
C      1  0.4458830000000  0.4579660000000  0.4477940000000 1.0
C      1  0.5420340000000  0.5522060000000  0.4458830000000 1.0
C      1  0.4579660000000  0.5522060000000  0.5541170000000 1.0
C      1  0.5420340000000  0.4477940000000  0.5541170000000 1.0
C      1  0.5522060000000  0.5541170000000  0.4579660000000 1.0
C      1  0.4477940000000  0.5541170000000  0.5420340000000 1.0
C      1  0.5522060000000  0.4458830000000  0.5420340000000 1.0
C      1  0.5541170000000  0.5420340000000  0.4477940000000 1.0
C      1  0.4458830000000  0.5420340000000  0.5522060000000 1.0
C      1  0.5541170000000  0.4579660000000  0.5522060000000 1.0
C      1  0.4579660000000  0.4477940000000  0.5541170000000 1.0
C      1  0.4477940000000  0.4458830000000  0.5420340000000 1.0
C      1  0.4458830000000  0.4579660000000  0.5522060000000 1.0
C      1  0.5420340000000  0.5522060000000  0.5541170000000 1.0
C      1  0.4579660000000  0.5522060000000  0.4458830000000 1.0
C      1  0.5420340000000  0.4477940000000  0.4458830000000 1.0
C      1  0.5522060000000  0.5541170000000  0.5420340000000 1.0
C      1  0.4477940000000  0.5541170000000  0.4579660000000 1.0
C      1  0.5522060000000  0.4458830000000  0.4579660000000 1.0
C      1  0.5541170000000  0.5420340000000  0.5522060000000 1.0
C      1  0.4458830000000  0.5420340000000  0.4477940000000 1.0
C      1  0.5541170000000  0.4579660000000  0.4477940000000 1.0
C      1  0.4922980000000  0.4851480000000  0.4349290000000 1.0
C      1  0.4851480000000  0.4349290000000  0.4922980000000 1.0
C      1  0.4349290000000  0.4922980000000  0.4851480000000 1.0
C      1  0.5077020000000  0.5148520000000  0.4349290000000 1.0
C      1  0.4922980000000  0.5148520000000  0.5650710000000 1.0
C      1  0.5077020000000  0.4851480000000  0.5650710000000 1.0
C      1  0.5148520000000  0.5650710000000  0.4922980000000 1.0
C      1  0.4851480000000  0.5650710000000  0.5077020000000 1.0
C      1  0.5148520000000  0.4349290000000  0.5077020000000 1.0
C      1  0.5650710000000  0.5077020000000  0.4851480000000 1.0
C      1  0.4349290000000  0.5077020000000  0.5148520000000 1.0
C      1  0.5650710000000  0.4922980000000  0.5148520000000 1.0
C      1  0.4922980000000  0.4851480000000  0.5650710000000 1.0
C      1  0.4851480000000  0.4349290000000  0.5077020000000 1.0
C      1  0.4349290000000  0.4922980000000  0.5148520000000 1.0
C      1  0.5077020000000  0.5148520000000  0.5650710000000 1.0
C      1  0.4922980000000  0.5148520000000  0.4349290000000 1.0
C      1  0.5077020000000  0.4851480000000  0.4349290000000 1.0
C      1  0.5148520000000  0.5650710000000  0.5077020000000 1.0
C      1  0.4851480000000  0.5650710000000  0.4922980000000 1.0
C      1  0.5148520000000  0.4349290000000  0.4922980000000 1.0
C      1  0.5650710000000  0.5077020000000  0.5148520000000 1.0
C      1  0.4349290000000  0.5077020000000  0.4851480000000 1.0
C      1  0.5650710000000  0.4922980000000  0.4851480000000 1.0
C      1  0.4768300000000  0.5353340000000  0.5609800000000 1.0
C      1  0.5353340000000  0.5609800000000  0.4768300000000 1.0
C      1  0.5609800000000  0.4768300000000  0.5353340000000 1.0
C      1  0.5231700000000  0.4646660000000  0.5609800000000 1.0
C      1  0.4768300000000  0.4646660000000  0.4390200000000 1.0
C      1  0.5231700000000  0.5353340000000  0.4390200000000 1.0
C      1  0.4646660000000  0.4390200000000  0.4768300000000 1.0
C      1  0.5353340000000  0.4390200000000  0.5231700000000 1.0
C      1  0.4646660000000  0.5609800000000  0.5231700000000 1.0
C      1  0.4390200000000  0.5231700000000  0.5353340000000 1.0
C      1  0.5609800000000  0.5231700000000  0.4646660000000 1.0
C      1  0.4390200000000  0.4768300000000  0.4646660000000 1.0
C      1  0.4768300000000  0.5353340000000  0.4390200000000 1.0
C      1  0.5353340000000  0.5609800000000  0.5231700000000 1.0
C      1  0.5609800000000  0.4768300000000  0.4646660000000 1.0
C      1  0.5231700000000  0.4646660000000  0.4390200000000 1.0
C      1  0.4768300000000  0.4646660000000  0.5609800000000 1.0
C      1  0.5231700000000  0.5353340000000  0.5609800000000 1.0
C      1  0.4646660000000  0.4390200000000  0.5231700000000 1.0
C      1  0.5353340000000  0.4390200000000  0.4768300000000 1.0
C      1  0.4646660000000  0.5609800000000  0.4768300000000 1.0
C      1  0.4390200000000  0.5231700000000  0.4646660000000 1.0
C      1  0.5609800000000  0.5231700000000  0.5353340000000 1.0
C      1  0.4390200000000  0.4768300000000  0.5353340000000 1.0
C      1  0.4330530000000  0.5119270000000  0.4707020000000 1.0
C      1  0.5119270000000  0.4707020000000  0.4330530000000 1.0
C      1  0.4707020000000  0.4330530000000  0.5119270000000 1.0
C      1  0.5669470000000  0.4880730000000  0.4707020000000 1.0
C      1  0.4330530000000  0.4880730000000  0.5292980000000 1.0
C      1  0.5669470000000  0.5119270000000  0.5292980000000 1.0
C      1  0.4880730000000  0.5292980000000  0.4330530000000 1.0
C      1  0.5119270000000  0.5292980000000  0.5669470000000 1.0
C      1  0.4880730000000  0.4707020000000  0.5669470000000 1.0
C      1  0.5292980000000  0.5669470000000  0.5119270000000 1.0
C      1  0.4707020000000  0.5669470000000  0.4880730000000 1.0
C      1  0.5292980000000  0.4330530000000  0.4880730000000 1.0
C      1  0.4330530000000  0.5119270000000  0.5292980000000 1.0
C      1  0.5119270000000  0.4707020000000  0.5669470000000 1.0
C      1  0.4707020000000  0.4330530000000  0.4880730000000 1.0
C      1  0.5669470000000  0.4880730000000  0.5292980000000 1.0
C      1  0.4330530000000  0.4880730000000  0.4707020000000 1.0
C      1  0.5669470000000  0.5119270000000  0.4707020000000 1.0
C      1  0.4880730000000  0.5292980000000  0.5669470000000 1.0
C      1  0.5119270000000  0.5292980000000  0.4330530000000 1.0
C      1  0.4880730000000  0.4707020000000  0.4330530000000 1.0
C      1  0.5292980000000  0.5669470000000  0.4880730000000 1.0
C      1  0.4707020000000  0.5669470000000  0.5119270000000 1.0
C      1  0.5292980000000  0.4330530000000  0.5119270000000 1.0
C      1  0.4874690000000  0.4443010000000  0.4692750000000 1.0
C      1  0.4443010000000  0.4692750000000  0.4874690000000 1.0
C      1  0.4692750000000  0.4874690000000  0.4443010000000 1.0
C      1  0.5125310000000  0.5556990000000  0.4692750000000 1.0
C      1  0.4874690000000  0.5556990000000  0.5307250000000 1.0
C      1  0.5125310000000  0.4443010000000  0.5307250000000 1.0
C      1  0.5556990000000  0.5307250000000  0.4874690000000 1.0
C      1  0.4443010000000  0.5307250000000  0.5125310000000 1.0
C      1  0.5556990000000  0.4692750000000  0.5125310000000 1.0
C      1  0.5307250000000  0.5125310000000  0.4443010000000 1.0
C      1  0.4692750000000  0.5125310000000  0.5556990000000 1.0
C      1  0.5307250000000  0.4874690000000  0.5556990000000 1.0
C      1  0.4874690000000  0.4443010000000  0.5307250000000 1.0
C      1  0.4443010000000  0.4692750000000  0.5125310000000 1.0
C      1  0.4692750000000  0.4874690000000  0.5556990000000 1.0
C      1  0.5125310000000  0.5556990000000  0.5307250000000 1.0
C      1  0.4874690000000  0.5556990000000  0.4692750000000 1.0
C      1  0.5125310000000  0.4443010000000  0.4692750000000 1.0
C      1  0.5556990000000  0.5307250000000  0.5125310000000 1.0
C      1  0.4443010000000  0.5307250000000  0.4874690000000 1.0
C      1  0.5556990000000  0.4692750000000  0.4874690000000 1.0
C      1  0.5307250000000  0.5125310000000  0.5556990000000 1.0
C      1  0.4692750000000  0.5125310000000  0.4443010000000 1.0
C      1  0.5307250000000  0.4874690000000  0.4443010000000 1.0
C      1  0.4483520000000  0.4685230000000  0.5270870000000 1.0
C      1  0.4685230000000  0.5270870000000  0.4483520000000 1.0
C      1  0.5270870000000  0.4483520000000  0.4685230000000 1.0
C      1  0.5516480000000  0.5314770000000  0.5270870000000 1.0
C      1  0.4483520000000  0.5314770000000  0.4729130000000 1.0
C      1  0.5516480000000  0.4685230000000  0.4729130000000 1.0
C      1  0.5314770000000  0.4729130000000  0.4483520000000 1.0
C      1  0.4685230000000  0.4729130000000  0.5516480000000 1.0
C      1  0.5314770000000  0.5270870000000  0.5516480000000 1.0
C      1  0.4729130000000  0.5516480000000  0.4685230000000 1.0
