TITL C-1379265-1223-99 2.09683610088636e-07 1000000 -1235.44853046577 0 0 180 (Th) n - 1
REM
REM in /nfs/bkarasulu/CARBON/AIRSS/Generating-Clusters/GAP-ML-2020/Higher-Symm/Selected-Sizes/TryA-Only_Ih-Symm/Larger-Clusters/Try2-MINAMP_6A
REM
REM
REM
REM
REM
REM ./C.cell (31579ac4e95a012ec27f3239692ae8a5)
REM
REM compiler GCC version 9.2.1 20190827 (Red Hat 9.2.1-1)
REM options -cpp -mtune=generic -march=x86-64 -g -O0 -fpre-include=/usr/include/finclude/math-vector-fortran.h
REM seed 229828282 -1143607223 -1892097291 314852090 -1477603448 1632050079 -946219390 1133903687 -69882099 -1295637761 -1746202682 -1344743558 -1859826658 -379394235 990967276 1198964090 -1956273372 494786058 -1802776604 -821983310 224355347 1826926853 -540865204 880727597 994320081 2037715363 1697124223 -1770435316 -833792900 1466380763 1925232334 -1711638022 -1170753672
REM
CELL 1.54180  100.00000  100.00000  100.00000   90.00000   90.00000   90.00000
LATT -1
SFAC C  
C      1  0.4787360000000  0.5179180000000  0.4229360000000 1.0
C      1  0.5179180000000  0.4229360000000  0.4787360000000 1.0
C      1  0.4229360000000  0.4787360000000  0.5179180000000 1.0
C      1  0.5212640000000  0.4820820000000  0.4229360000000 1.0
C      1  0.4787360000000  0.4820820000000  0.5770640000000 1.0
C      1  0.5212640000000  0.5179180000000  0.5770640000000 1.0
C      1  0.4820820000000  0.5770640000000  0.4787360000000 1.0
C      1  0.5179180000000  0.5770640000000  0.5212640000000 1.0
C      1  0.4820820000000  0.4229360000000  0.5212640000000 1.0
C      1  0.5770640000000  0.5212640000000  0.5179180000000 1.0
C      1  0.4229360000000  0.5212640000000  0.4820820000000 1.0
C      1  0.5770640000000  0.4787360000000  0.4820820000000 1.0
C      1  0.4787360000000  0.5179180000000  0.5770640000000 1.0
C      1  0.5179180000000  0.4229360000000  0.5212640000000 1.0
C      1  0.4229360000000  0.4787360000000  0.4820820000000 1.0
C      1  0.5212640000000  0.4820820000000  0.5770640000000 1.0
C      1  0.4787360000000  0.4820820000000  0.4229360000000 1.0
C      1  0.5212640000000  0.5179180000000  0.4229360000000 1.0
C      1  0.4820820000000  0.5770640000000  0.5212640000000 1.0
C      1  0.5179180000000  0.5770640000000  0.4787360000000 1.0
C      1  0.4820820000000  0.4229360000000  0.4787360000000 1.0
C      1  0.5770640000000  0.5212640000000  0.4820820000000 1.0
C      1  0.4229360000000  0.5212640000000  0.5179180000000 1.0
C      1  0.5770640000000  0.4787360000000  0.5179180000000 1.0
C      1  0.5067810000000  0.5824840000000  0.4786570000000 1.0
C      1  0.5824840000000  0.4786570000000  0.5067810000000 1.0
C      1  0.4786570000000  0.5067810000000  0.5824840000000 1.0
C      1  0.4932190000000  0.4175160000000  0.4786570000000 1.0
C      1  0.5067810000000  0.4175160000000  0.5213430000000 1.0
C      1  0.4932190000000  0.5824840000000  0.5213430000000 1.0
C      1  0.4175160000000  0.5213430000000  0.5067810000000 1.0
C      1  0.5824840000000  0.5213430000000  0.4932190000000 1.0
C      1  0.4175160000000  0.4786570000000  0.4932190000000 1.0
C      1  0.5213430000000  0.4932190000000  0.5824840000000 1.0
C      1  0.4786570000000  0.4932190000000  0.4175160000000 1.0
C      1  0.5213430000000  0.5067810000000  0.4175160000000 1.0
C      1  0.5067810000000  0.5824840000000  0.5213430000000 1.0
C      1  0.5824840000000  0.4786570000000  0.4932190000000 1.0
C      1  0.4786570000000  0.5067810000000  0.4175160000000 1.0
C      1  0.4932190000000  0.4175160000000  0.5213430000000 1.0
C      1  0.5067810000000  0.4175160000000  0.4786570000000 1.0
C      1  0.4932190000000  0.5824840000000  0.4786570000000 1.0
C      1  0.4175160000000  0.5213430000000  0.4932190000000 1.0
C      1  0.5824840000000  0.5213430000000  0.5067810000000 1.0
C      1  0.4175160000000  0.4786570000000  0.5067810000000 1.0
C      1  0.5213430000000  0.4932190000000  0.4175160000000 1.0
C      1  0.4786570000000  0.4932190000000  0.5824840000000 1.0
C      1  0.5213430000000  0.5067810000000  0.5824840000000 1.0
C      1  0.4364670000000  0.5131480000000  0.5372360000000 1.0
C      1  0.5131480000000  0.5372360000000  0.4364670000000 1.0
C      1  0.5372360000000  0.4364670000000  0.5131480000000 1.0
C      1  0.5635330000000  0.4868520000000  0.5372360000000 1.0
C      1  0.4364670000000  0.4868520000000  0.4627640000000 1.0
C      1  0.5635330000000  0.5131480000000  0.4627640000000 1.0
C      1  0.4868520000000  0.4627640000000  0.4364670000000 1.0
C      1  0.5131480000000  0.4627640000000  0.5635330000000 1.0
C      1  0.4868520000000  0.5372360000000  0.5635330000000 1.0
C      1  0.4627640000000  0.5635330000000  0.5131480000000 1.0
C      1  0.5372360000000  0.5635330000000  0.4868520000000 1.0
C      1  0.4627640000000  0.4364670000000  0.4868520000000 1.0
C      1  0.4364670000000  0.5131480000000  0.4627640000000 1.0
C      1  0.5131480000000  0.5372360000000  0.5635330000000 1.0
C      1  0.5372360000000  0.4364670000000  0.4868520000000 1.0
C      1  0.5635330000000  0.4868520000000  0.4627640000000 1.0
C      1  0.4364670000000  0.4868520000000  0.5372360000000 1.0
C      1  0.5635330000000  0.5131480000000  0.5372360000000 1.0
C      1  0.4868520000000  0.4627640000000  0.5635330000000 1.0
C      1  0.5131480000000  0.4627640000000  0.4364670000000 1.0
C      1  0.4868520000000  0.5372360000000  0.4364670000000 1.0
C      1  0.4627640000000  0.5635330000000  0.4868520000000 1.0
C      1  0.5372360000000  0.5635330000000  0.5131480000000 1.0
C      1  0.4627640000000  0.4364670000000  0.5131480000000 1.0
C      1  0.4472780000000  0.5443430000000  0.4774450000000 1.0
C      1  0.5443430000000  0.4774450000000  0.4472780000000 1.0
C      1  0.4774450000000  0.4472780000000  0.5443430000000 1.0
C      1  0.5527220000000  0.4556570000000  0.4774450000000 1.0
C      1  0.4472780000000  0.4556570000000  0.5225550000000 1.0
C      1  0.5527220000000  0.5443430000000  0.5225550000000 1.0
C      1  0.4556570000000  0.5225550000000  0.4472780000000 1.0
C      1  0.5443430000000  0.5225550000000  0.5527220000000 1.0
C      1  0.4556570000000  0.4774450000000  0.5527220000000 1.0
C      1  0.5225550000000  0.5527220000000  0.5443430000000 1.0
C      1  0.4774450000000  0.5527220000000  0.4556570000000 1.0
C      1  0.5225550000000  0.4472780000000  0.4556570000000 1.0
C      1  0.4472780000000  0.5443430000000  0.5225550000000 1.0
C      1  0.5443430000000  0.4774450000000  0.5527220000000 1.0
C      1  0.4774450000000  0.4472780000000  0.4556570000000 1.0
C      1  0.5527220000000  0.4556570000000  0.5225550000000 1.0
C      1  0.4472780000000  0.4556570000000  0.4774450000000 1.0
C      1  0.5527220000000  0.5443430000000  0.4774450000000 1.0
C      1  0.4556570000000  0.5225550000000  0.5527220000000 1.0
C      1  0.5443430000000  0.5225550000000  0.4472780000000 1.0
C      1  0.4556570000000  0.4774450000000  0.4472780000000 1.0
C      1  0.5225550000000  0.5527220000000  0.4556570000000 1.0
C      1  0.4774450000000  0.5527220000000  0.5443430000000 1.0
C      1  0.5225550000000  0.4472780000000  0.5443430000000 1.0
C      1  0.4719700000000  0.5678150000000  0.5237130000000 1.0
C      1  0.5678150000000  0.5237130000000  0.4719700000000 1.0
C      1  0.5237130000000  0.4719700000000  0.5678150000000 1.0
C      1  0.5280300000000  0.4321850000000  0.5237130000000 1.0
C      1  0.4719700000000  0.4321850000000  0.4762870000000 1.0
C      1  0.5280300000000  0.5678150000000  0.4762870000000 1.0
C      1  0.4321850000000  0.4762870000000  0.4719700000000 1.0
C      1  0.5678150000000  0.4762870000000  0.5280300000000 1.0
C      1  0.4321850000000  0.5237130000000  0.5280300000000 1.0
C      1  0.4762870000000  0.5280300000000  0.5678150000000 1.0
C      1  0.5237130000000  0.5280300000000  0.4321850000000 1.0
C      1  0.4762870000000  0.4719700000000  0.4321850000000 1.0
C      1  0.4719700000000  0.5678150000000  0.4762870000000 1.0
C      1  0.5678150000000  0.5237130000000  0.5280300000000 1.0
C      1  0.5237130000000  0.4719700000000  0.4321850000000 1.0
C      1  0.5280300000000  0.4321850000000  0.4762870000000 1.0
C      1  0.4719700000000  0.4321850000000  0.5237130000000 1.0
C      1  0.5280300000000  0.5678150000000  0.5237130000000 1.0
C      1  0.4321850000000  0.4762870000000  0.5280300000000 1.0
C      1  0.5678150000000  0.4762870000000  0.4719700000000 1.0
C      1  0.4321850000000  0.5237130000000  0.4719700000000 1.0
C      1  0.4762870000000  0.5280300000000  0.4321850000000 1.0
C      1  0.5237130000000  0.5280300000000  0.5678150000000 1.0
C      1  0.4762870000000  0.4719700000000  0.5678150000000 1.0
C      1  0.4730700000000  0.4396140000000  0.5350660000000 1.0
C      1  0.4396140000000  0.5350660000000  0.4730700000000 1.0
C      1  0.5350660000000  0.4730700000000  0.4396140000000 1.0
C      1  0.5269300000000  0.5603860000000  0.5350660000000 1.0
C      1  0.4730700000000  0.5603860000000  0.4649340000000 1.0
C      1  0.5269300000000  0.4396140000000  0.4649340000000 1.0
C      1  0.5603860000000  0.4649340000000  0.4730700000000 1.0
C      1  0.4396140000000  0.4649340000000  0.5269300000000 1.0
C      1  0.5603860000000  0.5350660000000  0.5269300000000 1.0
C      1  0.4649340000000  0.5269300000000  0.4396140000000 1.0
C      1  0.5350660000000  0.5269300000000  0.5603860000000 1.0
C      1  0.4649340000000  0.4730700000000  0.5603860000000 1.0
C      1  0.4730700000000  0.4396140000000  0.4649340000000 1.0
C      1  0.4396140000000  0.5350660000000  0.5269300000000 1.0
C      1  0.5350660000000  0.4730700000000  0.5603860000000 1.0
C      1  0.5269300000000  0.5603860000000  0.4649340000000 1.0
C      1  0.4730700000000  0.5603860000000  0.5350660000000 1.0
C      1  0.5269300000000  0.4396140000000  0.5350660000000 1.0
C      1  0.5603860000000  0.4649340000000  0.5269300000000 1.0
C      1  0.4396140000000  0.4649340000000  0.4730700000000 1.0
C      1  0.5603860000000  0.5350660000000  0.4730700000000 1.0
C      1  0.4649340000000  0.5269300000000  0.5603860000000 1.0
C      1  0.5350660000000  0.5269300000000  0.4396140000000 1.0
C      1  0.4649340000000  0.4730700000000  0.4396140000000 1.0
C      1  0.4463970000000  0.5170790000000  0.5459320000000 1.0
C      1  0.5170790000000  0.5459320000000  0.4463970000000 1.0
C      1  0.5459320000000  0.4463970000000  0.5170790000000 1.0
C      1  0.5536030000000  0.4829210000000  0.5459320000000 1.0
C      1  0.4463970000000  0.4829210000000  0.4540680000000 1.0
C      1  0.5536030000000  0.5170790000000  0.4540680000000 1.0
C      1  0.4829210000000  0.4540680000000  0.4463970000000 1.0
C      1  0.5170790000000  0.4540680000000  0.5536030000000 1.0
C      1  0.4829210000000  0.5459320000000  0.5536030000000 1.0
C      1  0.4540680000000  0.5536030000000  0.5170790000000 1.0
C      1  0.5459320000000  0.5536030000000  0.4829210000000 1.0
C      1  0.4540680000000  0.4463970000000  0.4829210000000 1.0
C      1  0.4463970000000  0.5170790000000  0.4540680000000 1.0
C      1  0.5170790000000  0.5459320000000  0.5536030000000 1.0
C      1  0.5459320000000  0.4463970000000  0.4829210000000 1.0
C      1  0.5536030000000  0.4829210000000  0.4540680000000 1.0
C      1  0.4463970000000  0.4829210000000  0.5459320000000 1.0
C      1  0.5536030000000  0.5170790000000  0.5459320000000 1.0
C      1  0.4829210000000  0.4540680000000  0.5536030000000 1.0
C      1  0.5170790000000  0.4540680000000  0.4463970000000 1.0
C      1  0.4829210000000  0.5459320000000  0.4463970000000 1.0
C      1  0.4540680000000  0.5536030000000  0.4829210000000 1.0
C      1  0.5459320000000  0.5536030000000  0.5170790000000 1.0
C      1  0.4540680000000  0.4463970000000  0.5170790000000 1.0
C      1  0.5680750000000  0.5000000000000  0.4650150000000 1.0
C      1  0.5000000000000  0.4650150000000  0.5680750000000 1.0
C      1  0.4650150000000  0.5680750000000  0.5000000000000 1.0
C      1  0.4319250000000  0.5000000000000  0.4650150000000 1.0
C      1  0.5680750000000  0.5000000000000  0.5349850000000 1.0
C      1  0.4319250000000  0.5000000000000  0.5349850000000 1.0
C      1  0.5349850000000  0.4319250000000  0.5000000000000 1.0
C      1  0.5000000000000  0.5349850000000  0.4319250000000 1.0
C      1  0.5000000000000  0.4650150000000  0.4319250000000 1.0
C      1  0.4650150000000  0.4319250000000  0.5000000000000 1.0
C      1  0.5349850000000  0.5680750000000  0.5000000000000 1.0
C      1  0.5000000000000  0.5349850000000  0.5680750000000 1.0
END
