TITL C-1379265-1223-12 -3.34332778137676e-06 1000000 -5150.11709635059 0 0 720 (Th) n - 1
REM
REM in /nfs/bkarasulu/CARBON/AIRSS/Generating-Clusters/GAP-ML-2020/Higher-Symm/Selected-Sizes/TryA-Only_Ih-Symm/Larger-Clusters/Try2-MINAMP_6A
REM
REM
REM
REM
REM
REM ./C.cell (31579ac4e95a012ec27f3239692ae8a5)
REM
REM compiler GCC version 9.2.1 20190827 (Red Hat 9.2.1-1)
REM options -cpp -mtune=generic -march=x86-64 -g -O0 -fpre-include=/usr/include/finclude/math-vector-fortran.h
REM seed 8619555 494917765 -1422872963 366284615 -1920253941 1883681194 1550873452 -1121065860 451344870 1713457003 1661482234 -1067028713 -651804082 1455436609 1898950223 -413653410 421946289 988669187 -2111647898 351590923 900371417 -914112145 -1275054809 630910871 174634251 -1424911813 963548414 -290243719 606569332 -553217901 1559992570 -1400407742 -35128000
REM
CELL 1.54180  100.00000  100.00000  100.00000   90.00000   90.00000   90.00000
LATT -1
SFAC C  
C      1  0.5630370000000  0.5482960000000  0.4871240000000 1.0
C      1  0.5482960000000  0.4871240000000  0.5630370000000 1.0
C      1  0.4871240000000  0.5630370000000  0.5482960000000 1.0
C      1  0.4369630000000  0.4517040000000  0.4871240000000 1.0
C      1  0.5630370000000  0.4517040000000  0.5128760000000 1.0
C      1  0.4369630000000  0.5482960000000  0.5128760000000 1.0
C      1  0.4517040000000  0.5128760000000  0.5630370000000 1.0
C      1  0.5482960000000  0.5128760000000  0.4369630000000 1.0
C      1  0.4517040000000  0.4871240000000  0.4369630000000 1.0
C      1  0.5128760000000  0.4369630000000  0.5482960000000 1.0
C      1  0.4871240000000  0.4369630000000  0.4517040000000 1.0
C      1  0.5128760000000  0.5630370000000  0.4517040000000 1.0
C      1  0.5630370000000  0.5482960000000  0.5128760000000 1.0
C      1  0.5482960000000  0.4871240000000  0.4369630000000 1.0
C      1  0.4871240000000  0.5630370000000  0.4517040000000 1.0
C      1  0.4369630000000  0.4517040000000  0.5128760000000 1.0
C      1  0.5630370000000  0.4517040000000  0.4871240000000 1.0
C      1  0.4369630000000  0.5482960000000  0.4871240000000 1.0
C      1  0.4517040000000  0.5128760000000  0.4369630000000 1.0
C      1  0.5482960000000  0.5128760000000  0.5630370000000 1.0
C      1  0.4517040000000  0.4871240000000  0.5630370000000 1.0
C      1  0.5128760000000  0.4369630000000  0.4517040000000 1.0
C      1  0.4871240000000  0.4369630000000  0.5482960000000 1.0
C      1  0.5128760000000  0.5630370000000  0.5482960000000 1.0
C      1  0.5348770000000  0.4924740000000  0.5081670000000 1.0
C      1  0.4924740000000  0.5081670000000  0.5348770000000 1.0
C      1  0.5081670000000  0.5348770000000  0.4924740000000 1.0
C      1  0.4651230000000  0.5075260000000  0.5081670000000 1.0
C      1  0.5348770000000  0.5075260000000  0.4918330000000 1.0
C      1  0.4651230000000  0.4924740000000  0.4918330000000 1.0
C      1  0.5075260000000  0.4918330000000  0.5348770000000 1.0
C      1  0.4924740000000  0.4918330000000  0.4651230000000 1.0
C      1  0.5075260000000  0.5081670000000  0.4651230000000 1.0
C      1  0.4918330000000  0.4651230000000  0.4924740000000 1.0
C      1  0.5081670000000  0.4651230000000  0.5075260000000 1.0
C      1  0.4918330000000  0.5348770000000  0.5075260000000 1.0
C      1  0.5348770000000  0.4924740000000  0.4918330000000 1.0
C      1  0.4924740000000  0.5081670000000  0.4651230000000 1.0
C      1  0.5081670000000  0.5348770000000  0.5075260000000 1.0
C      1  0.4651230000000  0.5075260000000  0.4918330000000 1.0
C      1  0.5348770000000  0.5075260000000  0.5081670000000 1.0
C      1  0.4651230000000  0.4924740000000  0.5081670000000 1.0
C      1  0.5075260000000  0.4918330000000  0.4651230000000 1.0
C      1  0.4924740000000  0.4918330000000  0.5348770000000 1.0
C      1  0.5075260000000  0.5081670000000  0.5348770000000 1.0
C      1  0.4918330000000  0.4651230000000  0.5075260000000 1.0
C      1  0.5081670000000  0.4651230000000  0.4924740000000 1.0
C      1  0.4918330000000  0.5348770000000  0.4924740000000 1.0
C      1  0.4662640000000  0.5508510000000  0.4267000000000 1.0
C      1  0.5508510000000  0.4267000000000  0.4662640000000 1.0
C      1  0.4267000000000  0.4662640000000  0.5508510000000 1.0
C      1  0.5337360000000  0.4491490000000  0.4267000000000 1.0
C      1  0.4662640000000  0.4491490000000  0.5733000000000 1.0
C      1  0.5337360000000  0.5508510000000  0.5733000000000 1.0
C      1  0.4491490000000  0.5733000000000  0.4662640000000 1.0
C      1  0.5508510000000  0.5733000000000  0.5337360000000 1.0
C      1  0.4491490000000  0.4267000000000  0.5337360000000 1.0
C      1  0.5733000000000  0.5337360000000  0.5508510000000 1.0
C      1  0.4267000000000  0.5337360000000  0.4491490000000 1.0
C      1  0.5733000000000  0.4662640000000  0.4491490000000 1.0
C      1  0.4662640000000  0.5508510000000  0.5733000000000 1.0
C      1  0.5508510000000  0.4267000000000  0.5337360000000 1.0
C      1  0.4267000000000  0.4662640000000  0.4491490000000 1.0
C      1  0.5337360000000  0.4491490000000  0.5733000000000 1.0
C      1  0.4662640000000  0.4491490000000  0.4267000000000 1.0
C      1  0.5337360000000  0.5508510000000  0.4267000000000 1.0
C      1  0.4491490000000  0.5733000000000  0.5337360000000 1.0
C      1  0.5508510000000  0.5733000000000  0.4662640000000 1.0
C      1  0.4491490000000  0.4267000000000  0.4662640000000 1.0
C      1  0.5733000000000  0.5337360000000  0.4491490000000 1.0
C      1  0.4267000000000  0.5337360000000  0.5508510000000 1.0
C      1  0.5733000000000  0.4662640000000  0.5508510000000 1.0
C      1  0.5494400000000  0.5602150000000  0.5400520000000 1.0
C      1  0.5602150000000  0.5400520000000  0.5494400000000 1.0
C      1  0.5400520000000  0.5494400000000  0.5602150000000 1.0
C      1  0.4505600000000  0.4397850000000  0.5400520000000 1.0
C      1  0.5494400000000  0.4397850000000  0.4599480000000 1.0
C      1  0.4505600000000  0.5602150000000  0.4599480000000 1.0
C      1  0.4397850000000  0.4599480000000  0.5494400000000 1.0
C      1  0.5602150000000  0.4599480000000  0.4505600000000 1.0
C      1  0.4397850000000  0.5400520000000  0.4505600000000 1.0
C      1  0.4599480000000  0.4505600000000  0.5602150000000 1.0
C      1  0.5400520000000  0.4505600000000  0.4397850000000 1.0
C      1  0.4599480000000  0.5494400000000  0.4397850000000 1.0
C      1  0.5494400000000  0.5602150000000  0.4599480000000 1.0
C      1  0.5602150000000  0.5400520000000  0.4505600000000 1.0
C      1  0.5400520000000  0.5494400000000  0.4397850000000 1.0
C      1  0.4505600000000  0.4397850000000  0.4599480000000 1.0
C      1  0.5494400000000  0.4397850000000  0.5400520000000 1.0
C      1  0.4505600000000  0.5602150000000  0.5400520000000 1.0
C      1  0.4397850000000  0.4599480000000  0.4505600000000 1.0
C      1  0.5602150000000  0.4599480000000  0.5494400000000 1.0
C      1  0.4397850000000  0.5400520000000  0.5494400000000 1.0
C      1  0.4599480000000  0.4505600000000  0.4397850000000 1.0
C      1  0.5400520000000  0.4505600000000  0.5602150000000 1.0
C      1  0.4599480000000  0.5494400000000  0.5602150000000 1.0
C      1  0.5516880000000  0.5827310000000  0.4930670000000 1.0
C      1  0.5827310000000  0.4930670000000  0.5516880000000 1.0
C      1  0.4930670000000  0.5516880000000  0.5827310000000 1.0
C      1  0.4483120000000  0.4172690000000  0.4930670000000 1.0
C      1  0.5516880000000  0.4172690000000  0.5069330000000 1.0
C      1  0.4483120000000  0.5827310000000  0.5069330000000 1.0
C      1  0.4172690000000  0.5069330000000  0.5516880000000 1.0
C      1  0.5827310000000  0.5069330000000  0.4483120000000 1.0
C      1  0.4172690000000  0.4930670000000  0.4483120000000 1.0
C      1  0.5069330000000  0.4483120000000  0.5827310000000 1.0
C      1  0.4930670000000  0.4483120000000  0.4172690000000 1.0
C      1  0.5069330000000  0.5516880000000  0.4172690000000 1.0
C      1  0.5516880000000  0.5827310000000  0.5069330000000 1.0
C      1  0.5827310000000  0.4930670000000  0.4483120000000 1.0
C      1  0.4930670000000  0.5516880000000  0.4172690000000 1.0
C      1  0.4483120000000  0.4172690000000  0.5069330000000 1.0
C      1  0.5516880000000  0.4172690000000  0.4930670000000 1.0
C      1  0.4483120000000  0.5827310000000  0.4930670000000 1.0
C      1  0.4172690000000  0.5069330000000  0.4483120000000 1.0
C      1  0.5827310000000  0.5069330000000  0.5516880000000 1.0
C      1  0.4172690000000  0.4930670000000  0.5516880000000 1.0
C      1  0.5069330000000  0.4483120000000  0.4172690000000 1.0
C      1  0.4930670000000  0.4483120000000  0.5827310000000 1.0
C      1  0.5069330000000  0.5516880000000  0.5827310000000 1.0
C      1  0.5275170000000  0.4514330000000  0.5366780000000 1.0
C      1  0.4514330000000  0.5366780000000  0.5275170000000 1.0
C      1  0.5366780000000  0.5275170000000  0.4514330000000 1.0
C      1  0.4724830000000  0.5485670000000  0.5366780000000 1.0
C      1  0.5275170000000  0.5485670000000  0.4633220000000 1.0
C      1  0.4724830000000  0.4514330000000  0.4633220000000 1.0
C      1  0.5485670000000  0.4633220000000  0.5275170000000 1.0
C      1  0.4514330000000  0.4633220000000  0.4724830000000 1.0
C      1  0.5485670000000  0.5366780000000  0.4724830000000 1.0
C      1  0.4633220000000  0.4724830000000  0.4514330000000 1.0
C      1  0.5366780000000  0.4724830000000  0.5485670000000 1.0
C      1  0.4633220000000  0.5275170000000  0.5485670000000 1.0
C      1  0.5275170000000  0.4514330000000  0.4633220000000 1.0
C      1  0.4514330000000  0.5366780000000  0.4724830000000 1.0
C      1  0.5366780000000  0.5275170000000  0.5485670000000 1.0
C      1  0.4724830000000  0.5485670000000  0.4633220000000 1.0
C      1  0.5275170000000  0.5485670000000  0.5366780000000 1.0
C      1  0.4724830000000  0.4514330000000  0.5366780000000 1.0
C      1  0.5485670000000  0.4633220000000  0.4724830000000 1.0
C      1  0.4514330000000  0.4633220000000  0.5275170000000 1.0
C      1  0.5485670000000  0.5366780000000  0.5275170000000 1.0
C      1  0.4633220000000  0.4724830000000  0.5485670000000 1.0
C      1  0.5366780000000  0.4724830000000  0.4514330000000 1.0
C      1  0.4633220000000  0.5275170000000  0.4514330000000 1.0
C      1  0.4919370000000  0.5311470000000  0.5691490000000 1.0
C      1  0.5311470000000  0.5691490000000  0.4919370000000 1.0
C      1  0.5691490000000  0.4919370000000  0.5311470000000 1.0
C      1  0.5080630000000  0.4688530000000  0.5691490000000 1.0
C      1  0.4919370000000  0.4688530000000  0.4308510000000 1.0
C      1  0.5080630000000  0.5311470000000  0.4308510000000 1.0
C      1  0.4688530000000  0.4308510000000  0.4919370000000 1.0
C      1  0.5311470000000  0.4308510000000  0.5080630000000 1.0
C      1  0.4688530000000  0.5691490000000  0.5080630000000 1.0
C      1  0.4308510000000  0.5080630000000  0.5311470000000 1.0
C      1  0.5691490000000  0.5080630000000  0.4688530000000 1.0
C      1  0.4308510000000  0.4919370000000  0.4688530000000 1.0
C      1  0.4919370000000  0.5311470000000  0.4308510000000 1.0
C      1  0.5311470000000  0.5691490000000  0.5080630000000 1.0
C      1  0.5691490000000  0.4919370000000  0.4688530000000 1.0
C      1  0.5080630000000  0.4688530000000  0.4308510000000 1.0
C      1  0.4919370000000  0.4688530000000  0.5691490000000 1.0
C      1  0.5080630000000  0.5311470000000  0.5691490000000 1.0
C      1  0.4688530000000  0.4308510000000  0.5080630000000 1.0
C      1  0.5311470000000  0.4308510000000  0.4919370000000 1.0
C      1  0.4688530000000  0.5691490000000  0.4919370000000 1.0
C      1  0.4308510000000  0.5080630000000  0.4688530000000 1.0
C      1  0.5691490000000  0.5080630000000  0.5311470000000 1.0
C      1  0.4308510000000  0.4919370000000  0.5311470000000 1.0
C      1  0.5133050000000  0.5144450000000  0.4521790000000 1.0
C      1  0.5144450000000  0.4521790000000  0.5133050000000 1.0
C      1  0.4521790000000  0.5133050000000  0.5144450000000 1.0
C      1  0.4866950000000  0.4855550000000  0.4521790000000 1.0
C      1  0.5133050000000  0.4855550000000  0.5478210000000 1.0
C      1  0.4866950000000  0.5144450000000  0.5478210000000 1.0
C      1  0.4855550000000  0.5478210000000  0.5133050000000 1.0
C      1  0.5144450000000  0.5478210000000  0.4866950000000 1.0
C      1  0.4855550000000  0.4521790000000  0.4866950000000 1.0
C      1  0.5478210000000  0.4866950000000  0.5144450000000 1.0
C      1  0.4521790000000  0.4866950000000  0.4855550000000 1.0
C      1  0.5478210000000  0.5133050000000  0.4855550000000 1.0
C      1  0.5133050000000  0.5144450000000  0.5478210000000 1.0
C      1  0.5144450000000  0.4521790000000  0.4866950000000 1.0
C      1  0.4521790000000  0.5133050000000  0.4855550000000 1.0
C      1  0.4866950000000  0.4855550000000  0.5478210000000 1.0
C      1  0.5133050000000  0.4855550000000  0.4521790000000 1.0
C      1  0.4866950000000  0.5144450000000  0.4521790000000 1.0
C      1  0.4855550000000  0.5478210000000  0.4866950000000 1.0
C      1  0.5144450000000  0.5478210000000  0.5133050000000 1.0
C      1  0.4855550000000  0.4521790000000  0.5133050000000 1.0
C      1  0.5478210000000  0.4866950000000  0.4855550000000 1.0
C      1  0.4521790000000  0.4866950000000  0.5144450000000 1.0
C      1  0.5478210000000  0.5133050000000  0.5144450000000 1.0
C      1  0.4929990000000  0.4709280000000  0.5919670000000 1.0
C      1  0.4709280000000  0.5919670000000  0.4929990000000 1.0
C      1  0.5919670000000  0.4929990000000  0.4709280000000 1.0
C      1  0.5070010000000  0.5290720000000  0.5919670000000 1.0
C      1  0.4929990000000  0.5290720000000  0.4080330000000 1.0
C      1  0.5070010000000  0.4709280000000  0.4080330000000 1.0
C      1  0.5290720000000  0.4080330000000  0.4929990000000 1.0
C      1  0.4709280000000  0.4080330000000  0.5070010000000 1.0
C      1  0.5290720000000  0.5919670000000  0.5070010000000 1.0
C      1  0.4080330000000  0.5070010000000  0.4709280000000 1.0
C      1  0.5919670000000  0.5070010000000  0.5290720000000 1.0
C      1  0.4080330000000  0.4929990000000  0.5290720000000 1.0
C      1  0.4929990000000  0.4709280000000  0.4080330000000 1.0
C      1  0.4709280000000  0.5919670000000  0.5070010000000 1.0
C      1  0.5919670000000  0.4929990000000  0.5290720000000 1.0
C      1  0.5070010000000  0.5290720000000  0.4080330000000 1.0
C      1  0.4929990000000  0.5290720000000  0.5919670000000 1.0
C      1  0.5070010000000  0.4709280000000  0.5919670000000 1.0
C      1  0.5290720000000  0.4080330000000  0.5070010000000 1.0
C      1  0.4709280000000  0.4080330000000  0.4929990000000 1.0
C      1  0.5290720000000  0.5919670000000  0.4929990000000 1.0
C      1  0.4080330000000  0.5070010000000  0.5290720000000 1.0
C      1  0.5919670000000  0.5070010000000  0.4709280000000 1.0
C      1  0.4080330000000  0.4929990000000  0.4709280000000 1.0
C      1  0.4405300000000  0.4278520000000  0.5125510000000 1.0
C      1  0.4278520000000  0.5125510000000  0.4405300000000 1.0
C      1  0.5125510000000  0.4405300000000  0.4278520000000 1.0
C      1  0.5594700000000  0.5721480000000  0.5125510000000 1.0
C      1  0.4405300000000  0.5721480000000  0.4874490000000 1.0
C      1  0.5594700000000  0.4278520000000  0.4874490000000 1.0
C      1  0.5721480000000  0.4874490000000  0.4405300000000 1.0
C      1  0.4278520000000  0.4874490000000  0.5594700000000 1.0
C      1  0.5721480000000  0.5125510000000  0.5594700000000 1.0
C      1  0.4874490000000  0.5594700000000  0.4278520000000 1.0
C      1  0.5125510000000  0.5594700000000  0.5721480000000 1.0
C      1  0.4874490000000  0.4405300000000  0.5721480000000 1.0
C      1  0.4405300000000  0.4278520000000  0.4874490000000 1.0
C      1  0.4278520000000  0.5125510000000  0.5594700000000 1.0
C      1  0.5125510000000  0.4405300000000  0.5721480000000 1.0
C      1  0.5594700000000  0.5721480000000  0.4874490000000 1.0
C      1  0.4405300000000  0.5721480000000  0.5125510000000 1.0
C      1  0.5594700000000  0.4278520000000  0.5125510000000 1.0
C      1  0.5721480000000  0.4874490000000  0.5594700000000 1.0
C      1  0.4278520000000  0.4874490000000  0.4405300000000 1.0
C      1  0.5721480000000  0.5125510000000  0.4405300000000 1.0
C      1  0.4874490000000  0.5594700000000  0.5721480000000 1.0
C      1  0.5125510000000  0.5594700000000  0.4278520000000 1.0
C      1  0.4874490000000  0.4405300000000  0.4278520000000 1.0
C      1  0.4499430000000  0.4717050000000  0.5401440000000 1.0
C      1  0.4717050000000  0.5401440000000  0.4499430000000 1.0
C      1  0.5401440000000  0.4499430000000  0.4717050000000 1.0
C      1  0.5500570000000  0.5282950000000  0.5401440000000 1.0
C      1  0.4499430000000  0.5282950000000  0.4598560000000 1.0
C      1  0.5500570000000  0.4717050000000  0.4598560000000 1.0
C      1  0.5282950000000  0.4598560000000  0.4499430000000 1.0
C      1  0.4717050000000  0.4598560000000  0.5500570000000 1.0
C      1  0.5282950000000  0.5401440000000  0.5500570000000 1.0
C      1  0.4598560000000  0.5500570000000  0.4717050000000 1.0
C      1  0.5401440000000  0.5500570000000  0.5282950000000 1.0
C      1  0.4598560000000  0.4499430000000  0.5282950000000 1.0
C      1  0.4499430000000  0.4717050000000  0.4598560000000 1.0
C      1  0.4717050000000  0.5401440000000  0.5500570000000 1.0
C      1  0.5401440000000  0.4499430000000  0.5282950000000 1.0
C      1  0.5500570000000  0.5282950000000  0.4598560000000 1.0
C      1  0.4499430000000  0.5282950000000  0.5401440000000 1.0
C      1  0.5500570000000  0.4717050000000  0.5401440000000 1.0
C      1  0.5282950000000  0.4598560000000  0.5500570000000 1.0
C      1  0.4717050000000  0.4598560000000  0.4499430000000 1.0
C      1  0.5282950000000  0.5401440000000  0.4499430000000 1.0
C      1  0.4598560000000  0.5500570000000  0.5282950000000 1.0
C      1  0.5401440000000  0.5500570000000  0.4717050000000 1.0
C      1  0.4598560000000  0.4499430000000  0.4717050000000 1.0
C      1  0.4929190000000  0.4233120000000  0.4508570000000 1.0
C      1  0.4233120000000  0.4508570000000  0.4929190000000 1.0
C      1  0.4508570000000  0.4929190000000  0.4233120000000 1.0
C      1  0.5070810000000  0.5766880000000  0.4508570000000 1.0
C      1  0.4929190000000  0.5766880000000  0.5491430000000 1.0
C      1  0.5070810000000  0.4233120000000  0.5491430000000 1.0
C      1  0.5766880000000  0.5491430000000  0.4929190000000 1.0
C      1  0.4233120000000  0.5491430000000  0.5070810000000 1.0
C      1  0.5766880000000  0.4508570000000  0.5070810000000 1.0
C      1  0.5491430000000  0.5070810000000  0.4233120000000 1.0
C      1  0.4508570000000  0.5070810000000  0.5766880000000 1.0
C      1  0.5491430000000  0.4929190000000  0.5766880000000 1.0
C      1  0.4929190000000  0.4233120000000  0.5491430000000 1.0
C      1  0.4233120000000  0.4508570000000  0.5070810000000 1.0
C      1  0.4508570000000  0.4929190000000  0.5766880000000 1.0
C      1  0.5070810000000  0.5766880000000  0.5491430000000 1.0
C      1  0.4929190000000  0.5766880000000  0.4508570000000 1.0
C      1  0.5070810000000  0.4233120000000  0.4508570000000 1.0
C      1  0.5766880000000  0.5491430000000  0.5070810000000 1.0
C      1  0.4233120000000  0.5491430000000  0.4929190000000 1.0
C      1  0.5766880000000  0.4508570000000  0.4929190000000 1.0
C      1  0.5491430000000  0.5070810000000  0.5766880000000 1.0
C      1  0.4508570000000  0.5070810000000  0.4233120000000 1.0
C      1  0.5491430000000  0.4929190000000  0.4233120000000 1.0
C      1  0.5563960000000  0.5136290000000  0.4612450000000 1.0
C      1  0.5136290000000  0.4612450000000  0.5563960000000 1.0
C      1  0.4612450000000  0.5563960000000  0.5136290000000 1.0
C      1  0.4436040000000  0.4863710000000  0.4612450000000 1.0
C      1  0.5563960000000  0.4863710000000  0.5387550000000 1.0
C      1  0.4436040000000  0.5136290000000  0.5387550000000 1.0
C      1  0.4863710000000  0.5387550000000  0.5563960000000 1.0
C      1  0.5136290000000  0.5387550000000  0.4436040000000 1.0
C      1  0.4863710000000  0.4612450000000  0.4436040000000 1.0
C      1  0.5387550000000  0.4436040000000  0.5136290000000 1.0
C      1  0.4612450000000  0.4436040000000  0.4863710000000 1.0
C      1  0.5387550000000  0.5563960000000  0.4863710000000 1.0
C      1  0.5563960000000  0.5136290000000  0.5387550000000 1.0
C      1  0.5136290000000  0.4612450000000  0.4436040000000 1.0
C      1  0.4612450000000  0.5563960000000  0.4863710000000 1.0
C      1  0.4436040000000  0.4863710000000  0.5387550000000 1.0
C      1  0.5563960000000  0.4863710000000  0.4612450000000 1.0
C      1  0.4436040000000  0.5136290000000  0.4612450000000 1.0
C      1  0.4863710000000  0.5387550000000  0.4436040000000 1.0
C      1  0.5136290000000  0.5387550000000  0.5563960000000 1.0
C      1  0.4863710000000  0.4612450000000  0.5563960000000 1.0
C      1  0.5387550000000  0.4436040000000  0.4863710000000 1.0
C      1  0.4612450000000  0.4436040000000  0.5136290000000 1.0
C      1  0.5387550000000  0.5563960000000  0.5136290000000 1.0
C      1  0.5287970000000  0.5141720000000  0.5467680000000 1.0
C      1  0.5141720000000  0.5467680000000  0.5287970000000 1.0
C      1  0.5467680000000  0.5287970000000  0.5141720000000 1.0
C      1  0.4712030000000  0.4858280000000  0.5467680000000 1.0
C      1  0.5287970000000  0.4858280000000  0.4532320000000 1.0
C      1  0.4712030000000  0.5141720000000  0.4532320000000 1.0
C      1  0.4858280000000  0.4532320000000  0.5287970000000 1.0
C      1  0.5141720000000  0.4532320000000  0.4712030000000 1.0
C      1  0.4858280000000  0.5467680000000  0.4712030000000 1.0
C      1  0.4532320000000  0.4712030000000  0.5141720000000 1.0
C      1  0.5467680000000  0.4712030000000  0.4858280000000 1.0
C      1  0.4532320000000  0.5287970000000  0.4858280000000 1.0
C      1  0.5287970000000  0.5141720000000  0.4532320000000 1.0
C      1  0.5141720000000  0.5467680000000  0.4712030000000 1.0
C      1  0.5467680000000  0.5287970000000  0.4858280000000 1.0
C      1  0.4712030000000  0.4858280000000  0.4532320000000 1.0
C      1  0.5287970000000  0.4858280000000  0.5467680000000 1.0
C      1  0.4712030000000  0.5141720000000  0.5467680000000 1.0
C      1  0.4858280000000  0.4532320000000  0.4712030000000 1.0
C      1  0.5141720000000  0.4532320000000  0.5287970000000 1.0
C      1  0.4858280000000  0.5467680000000  0.5287970000000 1.0
C      1  0.4532320000000  0.4712030000000  0.4858280000000 1.0
C      1  0.5467680000000  0.4712030000000  0.5141720000000 1.0
C      1  0.4532320000000  0.5287970000000  0.5141720000000 1.0
C      1  0.5274350000000  0.5634760000000  0.4554540000000 1.0
C      1  0.5634760000000  0.4554540000000  0.5274350000000 1.0
C      1  0.4554540000000  0.5274350000000  0.5634760000000 1.0
C      1  0.4725650000000  0.4365240000000  0.4554540000000 1.0
C      1  0.5274350000000  0.4365240000000  0.5445460000000 1.0
C      1  0.4725650000000  0.5634760000000  0.5445460000000 1.0
C      1  0.4365240000000  0.5445460000000  0.5274350000000 1.0
C      1  0.5634760000000  0.5445460000000  0.4725650000000 1.0
C      1  0.4365240000000  0.4554540000000  0.4725650000000 1.0
C      1  0.5445460000000  0.4725650000000  0.5634760000000 1.0
C      1  0.4554540000000  0.4725650000000  0.4365240000000 1.0
C      1  0.5445460000000  0.5274350000000  0.4365240000000 1.0
C      1  0.5274350000000  0.5634760000000  0.5445460000000 1.0
C      1  0.5634760000000  0.4554540000000  0.4725650000000 1.0
C      1  0.4554540000000  0.5274350000000  0.4365240000000 1.0
C      1  0.4725650000000  0.4365240000000  0.5445460000000 1.0
C      1  0.5274350000000  0.4365240000000  0.4554540000000 1.0
C      1  0.4725650000000  0.5634760000000  0.4554540000000 1.0
C      1  0.4365240000000  0.5445460000000  0.4725650000000 1.0
C      1  0.5634760000000  0.5445460000000  0.5274350000000 1.0
C      1  0.4365240000000  0.4554540000000  0.5274350000000 1.0
C      1  0.5445460000000  0.4725650000000  0.4365240000000 1.0
C      1  0.4554540000000  0.4725650000000  0.5634760000000 1.0
C      1  0.5445460000000  0.5274350000000  0.5634760000000 1.0
C      1  0.5129160000000  0.5162480000000  0.5722830000000 1.0
C      1  0.5162480000000  0.5722830000000  0.5129160000000 1.0
C      1  0.5722830000000  0.5129160000000  0.5162480000000 1.0
C      1  0.4870840000000  0.4837520000000  0.5722830000000 1.0
C      1  0.5129160000000  0.4837520000000  0.4277170000000 1.0
C      1  0.4870840000000  0.5162480000000  0.4277170000000 1.0
C      1  0.4837520000000  0.4277170000000  0.5129160000000 1.0
C      1  0.5162480000000  0.4277170000000  0.4870840000000 1.0
C      1  0.4837520000000  0.5722830000000  0.4870840000000 1.0
C      1  0.4277170000000  0.4870840000000  0.5162480000000 1.0
C      1  0.5722830000000  0.4870840000000  0.4837520000000 1.0
C      1  0.4277170000000  0.5129160000000  0.4837520000000 1.0
C      1  0.5129160000000  0.5162480000000  0.4277170000000 1.0
C      1  0.5162480000000  0.5722830000000  0.4870840000000 1.0
C      1  0.5722830000000  0.5129160000000  0.4837520000000 1.0
C      1  0.4870840000000  0.4837520000000  0.4277170000000 1.0
C      1  0.5129160000000  0.4837520000000  0.5722830000000 1.0
C      1  0.4870840000000  0.5162480000000  0.5722830000000 1.0
C      1  0.4837520000000  0.4277170000000  0.4870840000000 1.0
C      1  0.5162480000000  0.4277170000000  0.5129160000000 1.0
C      1  0.4837520000000  0.5722830000000  0.5129160000000 1.0
C      1  0.4277170000000  0.4870840000000  0.4837520000000 1.0
C      1  0.5722830000000  0.4870840000000  0.5162480000000 1.0
C      1  0.4277170000000  0.5129160000000  0.5162480000000 1.0
C      1  0.4611250000000  0.4208500000000  0.4716400000000 1.0
C      1  0.4208500000000  0.4716400000000  0.4611250000000 1.0
C      1  0.4716400000000  0.4611250000000  0.4208500000000 1.0
C      1  0.5388750000000  0.5791500000000  0.4716400000000 1.0
C      1  0.4611250000000  0.5791500000000  0.5283600000000 1.0
C      1  0.5388750000000  0.4208500000000  0.5283600000000 1.0
C      1  0.5791500000000  0.5283600000000  0.4611250000000 1.0
C      1  0.4208500000000  0.5283600000000  0.5388750000000 1.0
C      1  0.5791500000000  0.4716400000000  0.5388750000000 1.0
C      1  0.5283600000000  0.5388750000000  0.4208500000000 1.0
C      1  0.4716400000000  0.5388750000000  0.5791500000000 1.0
C      1  0.5283600000000  0.4611250000000  0.5791500000000 1.0
C      1  0.4611250000000  0.4208500000000  0.5283600000000 1.0
C      1  0.4208500000000  0.4716400000000  0.5388750000000 1.0
C      1  0.4716400000000  0.4611250000000  0.5791500000000 1.0
C      1  0.5388750000000  0.5791500000000  0.5283600000000 1.0
C      1  0.4611250000000  0.5791500000000  0.4716400000000 1.0
C      1  0.5388750000000  0.4208500000000  0.4716400000000 1.0
C      1  0.5791500000000  0.5283600000000  0.5388750000000 1.0
C      1  0.4208500000000  0.5283600000000  0.4611250000000 1.0
C      1  0.5791500000000  0.4716400000000  0.4611250000000 1.0
C      1  0.5283600000000  0.5388750000000  0.5791500000000 1.0
C      1  0.4716400000000  0.5388750000000  0.4208500000000 1.0
C      1  0.5283600000000  0.4611250000000  0.4208500000000 1.0
C      1  0.5534640000000  0.5584370000000  0.4922750000000 1.0
C      1  0.5584370000000  0.4922750000000  0.5534640000000 1.0
C      1  0.4922750000000  0.5534640000000  0.5584370000000 1.0
C      1  0.4465360000000  0.4415630000000  0.4922750000000 1.0
C      1  0.5534640000000  0.4415630000000  0.5077250000000 1.0
C      1  0.4465360000000  0.5584370000000  0.5077250000000 1.0
C      1  0.4415630000000  0.5077250000000  0.5534640000000 1.0
C      1  0.5584370000000  0.5077250000000  0.4465360000000 1.0
C      1  0.4415630000000  0.4922750000000  0.4465360000000 1.0
C      1  0.5077250000000  0.4465360000000  0.5584370000000 1.0
C      1  0.4922750000000  0.4465360000000  0.4415630000000 1.0
C      1  0.5077250000000  0.5534640000000  0.4415630000000 1.0
C      1  0.5534640000000  0.5584370000000  0.5077250000000 1.0
C      1  0.5584370000000  0.4922750000000  0.4465360000000 1.0
C      1  0.4922750000000  0.5534640000000  0.4415630000000 1.0
C      1  0.4465360000000  0.4415630000000  0.5077250000000 1.0
C      1  0.5534640000000  0.4415630000000  0.4922750000000 1.0
C      1  0.4465360000000  0.5584370000000  0.4922750000000 1.0
C      1  0.4415630000000  0.5077250000000  0.4465360000000 1.0
C      1  0.5584370000000  0.5077250000000  0.5534640000000 1.0
C      1  0.4415630000000  0.4922750000000  0.5534640000000 1.0
C      1  0.5077250000000  0.4465360000000  0.4415630000000 1.0
C      1  0.4922750000000  0.4465360000000  0.5584370000000 1.0
C      1  0.5077250000000  0.5534640000000  0.5584370000000 1.0
C      1  0.4853480000000  0.4272330000000  0.5277100000000 1.0
C      1  0.4272330000000  0.5277100000000  0.4853480000000 1.0
C      1  0.5277100000000  0.4853480000000  0.4272330000000 1.0
C      1  0.5146520000000  0.5727670000000  0.5277100000000 1.0
C      1  0.4853480000000  0.5727670000000  0.4722900000000 1.0
C      1  0.5146520000000  0.4272330000000  0.4722900000000 1.0
C      1  0.5727670000000  0.4722900000000  0.4853480000000 1.0
C      1  0.4272330000000  0.4722900000000  0.5146520000000 1.0
C      1  0.5727670000000  0.5277100000000  0.5146520000000 1.0
C      1  0.4722900000000  0.5146520000000  0.4272330000000 1.0
C      1  0.5277100000000  0.5146520000000  0.5727670000000 1.0
C      1  0.4722900000000  0.4853480000000  0.5727670000000 1.0
C      1  0.4853480000000  0.4272330000000  0.4722900000000 1.0
C      1  0.4272330000000  0.5277100000000  0.5146520000000 1.0
C      1  0.5277100000000  0.4853480000000  0.5727670000000 1.0
C      1  0.5146520000000  0.5727670000000  0.4722900000000 1.0
C      1  0.4853480000000  0.5727670000000  0.5277100000000 1.0
C      1  0.5146520000000  0.4272330000000  0.5277100000000 1.0
C      1  0.5727670000000  0.4722900000000  0.5146520000000 1.0
C      1  0.4272330000000  0.4722900000000  0.4853480000000 1.0
C      1  0.5727670000000  0.5277100000000  0.4853480000000 1.0
C      1  0.4722900000000  0.5146520000000  0.5727670000000 1.0
C      1  0.5277100000000  0.5146520000000  0.4272330000000 1.0
C      1  0.4722900000000  0.4853480000000  0.4272330000000 1.0
C      1  0.5338940000000  0.4925290000000  0.4406270000000 1.0
C      1  0.4925290000000  0.4406270000000  0.5338940000000 1.0
C      1  0.4406270000000  0.5338940000000  0.4925290000000 1.0
C      1  0.4661060000000  0.5074710000000  0.4406270000000 1.0
C      1  0.5338940000000  0.5074710000000  0.5593730000000 1.0
C      1  0.4661060000000  0.4925290000000  0.5593730000000 1.0
C      1  0.5074710000000  0.5593730000000  0.5338940000000 1.0
C      1  0.4925290000000  0.5593730000000  0.4661060000000 1.0
C      1  0.5074710000000  0.4406270000000  0.4661060000000 1.0
C      1  0.5593730000000  0.4661060000000  0.4925290000000 1.0
C      1  0.4406270000000  0.4661060000000  0.5074710000000 1.0
C      1  0.5593730000000  0.5338940000000  0.5074710000000 1.0
C      1  0.5338940000000  0.4925290000000  0.5593730000000 1.0
C      1  0.4925290000000  0.4406270000000  0.4661060000000 1.0
C      1  0.4406270000000  0.5338940000000  0.5074710000000 1.0
C      1  0.4661060000000  0.5074710000000  0.5593730000000 1.0
C      1  0.5338940000000  0.5074710000000  0.4406270000000 1.0
C      1  0.4661060000000  0.4925290000000  0.4406270000000 1.0
C      1  0.5074710000000  0.5593730000000  0.4661060000000 1.0
C      1  0.4925290000000  0.5593730000000  0.5338940000000 1.0
C      1  0.5074710000000  0.4406270000000  0.5338940000000 1.0
C      1  0.5593730000000  0.4661060000000  0.5074710000000 1.0
C      1  0.4406270000000  0.4661060000000  0.4925290000000 1.0
C      1  0.5593730000000  0.5338940000000  0.4925290000000 1.0
C      1  0.5361210000000  0.5070440000000  0.5824420000000 1.0
C      1  0.5070440000000  0.5824420000000  0.5361210000000 1.0
C      1  0.5824420000000  0.5361210000000  0.5070440000000 1.0
C      1  0.4638790000000  0.4929560000000  0.5824420000000 1.0
C      1  0.5361210000000  0.4929560000000  0.4175580000000 1.0
C      1  0.4638790000000  0.5070440000000  0.4175580000000 1.0
C      1  0.4929560000000  0.4175580000000  0.5361210000000 1.0
C      1  0.5070440000000  0.4175580000000  0.4638790000000 1.0
C      1  0.4929560000000  0.5824420000000  0.4638790000000 1.0
C      1  0.4175580000000  0.4638790000000  0.5070440000000 1.0
C      1  0.5824420000000  0.4638790000000  0.4929560000000 1.0
C      1  0.4175580000000  0.5361210000000  0.4929560000000 1.0
C      1  0.5361210000000  0.5070440000000  0.4175580000000 1.0
C      1  0.5070440000000  0.5824420000000  0.4638790000000 1.0
C      1  0.5824420000000  0.5361210000000  0.4929560000000 1.0
C      1  0.4638790000000  0.4929560000000  0.4175580000000 1.0
C      1  0.5361210000000  0.4929560000000  0.5824420000000 1.0
C      1  0.4638790000000  0.5070440000000  0.5824420000000 1.0
C      1  0.4929560000000  0.4175580000000  0.4638790000000 1.0
C      1  0.5070440000000  0.4175580000000  0.5361210000000 1.0
C      1  0.4929560000000  0.5824420000000  0.5361210000000 1.0
C      1  0.4175580000000  0.4638790000000  0.4929560000000 1.0
C      1  0.5824420000000  0.4638790000000  0.5070440000000 1.0
C      1  0.4175580000000  0.5361210000000  0.5070440000000 1.0
C      1  0.5156380000000  0.4137970000000  0.4929360000000 1.0
C      1  0.4137970000000  0.4929360000000  0.5156380000000 1.0
C      1  0.4929360000000  0.5156380000000  0.4137970000000 1.0
C      1  0.4843620000000  0.5862030000000  0.4929360000000 1.0
C      1  0.5156380000000  0.5862030000000  0.5070640000000 1.0
C      1  0.4843620000000  0.4137970000000  0.5070640000000 1.0
C      1  0.5862030000000  0.5070640000000  0.5156380000000 1.0
C      1  0.4137970000000  0.5070640000000  0.4843620000000 1.0
C      1  0.5862030000000  0.4929360000000  0.4843620000000 1.0
C      1  0.5070640000000  0.4843620000000  0.4137970000000 1.0
C      1  0.4929360000000  0.4843620000000  0.5862030000000 1.0
C      1  0.5070640000000  0.5156380000000  0.5862030000000 1.0
C      1  0.5156380000000  0.4137970000000  0.5070640000000 1.0
C      1  0.4137970000000  0.4929360000000  0.4843620000000 1.0
C      1  0.4929360000000  0.5156380000000  0.5862030000000 1.0
C      1  0.4843620000000  0.5862030000000  0.5070640000000 1.0
C      1  0.5156380000000  0.5862030000000  0.4929360000000 1.0
C      1  0.4843620000000  0.4137970000000  0.4929360000000 1.0
C      1  0.5862030000000  0.5070640000000  0.4843620000000 1.0
C      1  0.4137970000000  0.5070640000000  0.5156380000000 1.0
C      1  0.5862030000000  0.4929360000000  0.5156380000000 1.0
C      1  0.5070640000000  0.4843620000000  0.5862030000000 1.0
C      1  0.4929360000000  0.4843620000000  0.4137970000000 1.0
C      1  0.5070640000000  0.5156380000000  0.4137970000000 1.0
C      1  0.5137170000000  0.4615280000000  0.5827070000000 1.0
C      1  0.4615280000000  0.5827070000000  0.5137170000000 1.0
C      1  0.5827070000000  0.5137170000000  0.4615280000000 1.0
C      1  0.4862830000000  0.5384720000000  0.5827070000000 1.0
C      1  0.5137170000000  0.5384720000000  0.4172930000000 1.0
C      1  0.4862830000000  0.4615280000000  0.4172930000000 1.0
C      1  0.5384720000000  0.4172930000000  0.5137170000000 1.0
C      1  0.4615280000000  0.4172930000000  0.4862830000000 1.0
C      1  0.5384720000000  0.5827070000000  0.4862830000000 1.0
C      1  0.4172930000000  0.4862830000000  0.4615280000000 1.0
C      1  0.5827070000000  0.4862830000000  0.5384720000000 1.0
C      1  0.4172930000000  0.5137170000000  0.5384720000000 1.0
C      1  0.5137170000000  0.4615280000000  0.4172930000000 1.0
C      1  0.4615280000000  0.5827070000000  0.4862830000000 1.0
C      1  0.5827070000000  0.5137170000000  0.5384720000000 1.0
C      1  0.4862830000000  0.5384720000000  0.4172930000000 1.0
C      1  0.5137170000000  0.5384720000000  0.5827070000000 1.0
C      1  0.4862830000000  0.4615280000000  0.5827070000000 1.0
C      1  0.5384720000000  0.4172930000000  0.4862830000000 1.0
C      1  0.4615280000000  0.4172930000000  0.5137170000000 1.0
C      1  0.5384720000000  0.5827070000000  0.5137170000000 1.0
C      1  0.4172930000000  0.4862830000000  0.5384720000000 1.0
C      1  0.5827070000000  0.4862830000000  0.4615280000000 1.0
C      1  0.4172930000000  0.5137170000000  0.4615280000000 1.0
C      1  0.4655810000000  0.5275680000000  0.4261230000000 1.0
C      1  0.5275680000000  0.4261230000000  0.4655810000000 1.0
C      1  0.4261230000000  0.4655810000000  0.5275680000000 1.0
C      1  0.5344190000000  0.4724320000000  0.4261230000000 1.0
C      1  0.4655810000000  0.4724320000000  0.5738770000000 1.0
C      1  0.5344190000000  0.5275680000000  0.5738770000000 1.0
C      1  0.4724320000000  0.5738770000000  0.4655810000000 1.0
C      1  0.5275680000000  0.5738770000000  0.5344190000000 1.0
C      1  0.4724320000000  0.4261230000000  0.5344190000000 1.0
C      1  0.5738770000000  0.5344190000000  0.5275680000000 1.0
C      1  0.4261230000000  0.5344190000000  0.4724320000000 1.0
C      1  0.5738770000000  0.4655810000000  0.4724320000000 1.0
C      1  0.4655810000000  0.5275680000000  0.5738770000000 1.0
C      1  0.5275680000000  0.4261230000000  0.5344190000000 1.0
C      1  0.4261230000000  0.4655810000000  0.4724320000000 1.0
C      1  0.5344190000000  0.4724320000000  0.5738770000000 1.0
C      1  0.4655810000000  0.4724320000000  0.4261230000000 1.0
C      1  0.5344190000000  0.5275680000000  0.4261230000000 1.0
C      1  0.4724320000000  0.5738770000000  0.5344190000000 1.0
C      1  0.5275680000000  0.5738770000000  0.4655810000000 1.0
C      1  0.4724320000000  0.4261230000000  0.4655810000000 1.0
C      1  0.5738770000000  0.5344190000000  0.4724320000000 1.0
C      1  0.4261230000000  0.5344190000000  0.5275680000000 1.0
C      1  0.5738770000000  0.4655810000000  0.5275680000000 1.0
C      1  0.4921660000000  0.5607420000000  0.5077690000000 1.0
C      1  0.5607420000000  0.5077690000000  0.4921660000000 1.0
C      1  0.5077690000000  0.4921660000000  0.5607420000000 1.0
C      1  0.5078340000000  0.4392580000000  0.5077690000000 1.0
C      1  0.4921660000000  0.4392580000000  0.4922310000000 1.0
C      1  0.5078340000000  0.5607420000000  0.4922310000000 1.0
C      1  0.4392580000000  0.4922310000000  0.4921660000000 1.0
C      1  0.5607420000000  0.4922310000000  0.5078340000000 1.0
C      1  0.4392580000000  0.5077690000000  0.5078340000000 1.0
C      1  0.4922310000000  0.5078340000000  0.5607420000000 1.0
C      1  0.5077690000000  0.5078340000000  0.4392580000000 1.0
C      1  0.4922310000000  0.4921660000000  0.4392580000000 1.0
C      1  0.4921660000000  0.5607420000000  0.4922310000000 1.0
C      1  0.5607420000000  0.5077690000000  0.5078340000000 1.0
C      1  0.5077690000000  0.4921660000000  0.4392580000000 1.0
C      1  0.5078340000000  0.4392580000000  0.4922310000000 1.0
C      1  0.4921660000000  0.4392580000000  0.5077690000000 1.0
C      1  0.5078340000000  0.5607420000000  0.5077690000000 1.0
C      1  0.4392580000000  0.4922310000000  0.5078340000000 1.0
C      1  0.5607420000000  0.4922310000000  0.4921660000000 1.0
C      1  0.4392580000000  0.5077690000000  0.4921660000000 1.0
C      1  0.4922310000000  0.5078340000000  0.4392580000000 1.0
C      1  0.5077690000000  0.5078340000000  0.5607420000000 1.0
C      1  0.4922310000000  0.4921660000000  0.5607420000000 1.0
C      1  0.5195340000000  0.5248200000000  0.5127850000000 1.0
C      1  0.5248200000000  0.5127850000000  0.5195340000000 1.0
C      1  0.5127850000000  0.5195340000000  0.5248200000000 1.0
C      1  0.4804660000000  0.4751800000000  0.5127850000000 1.0
C      1  0.5195340000000  0.4751800000000  0.4872150000000 1.0
C      1  0.4804660000000  0.5248200000000  0.4872150000000 1.0
C      1  0.4751800000000  0.4872150000000  0.5195340000000 1.0
C      1  0.5248200000000  0.4872150000000  0.4804660000000 1.0
C      1  0.4751800000000  0.5127850000000  0.4804660000000 1.0
C      1  0.4872150000000  0.4804660000000  0.5248200000000 1.0
