TITL C-1892070-372-66 3.6505954632013e-06 1000000 -2897.74364028315 0 0 420 (Th) n - 1
REM
REM in /nfs/bkarasulu/CARBON/AIRSS/Generating-Clusters/GAP-ML-2020/Higher-Symm/Selected-Sizes/TryA-Only_Ih-Symm/Larger-Clusters
REM
REM
REM
REM
REM
REM ./C.cell (2cf5181f0f1d4d5b12b972d32ad12063)
REM
REM compiler GCC version 9.2.1 20190827 (Red Hat 9.2.1-1)
REM options -cpp -mtune=generic -march=x86-64 -g -O0 -fpre-include=/usr/include/finclude/math-vector-fortran.h
REM seed 143783695 -363052013 -257569117 -1363648835 -1785713062 1090954423 1442979640 -969422838 -1809354150 1981532002 -2077357805 1612498483 205001923 -1409696960 -1201856860 1428515217 664064931 2135697456 -444866047 -41187560 409467981 1392246625 -901259796 -1594255527 575586814 738883406 1663023826 -1913335766 -239507275 364990912 -1744162505 -1099777568 -658697502
REM
CELL 1.54180  100.00000  100.00000  100.00000   90.00000   90.00000   90.00000
LATT -1
SFAC C  
C      1  0.4928140000000  0.4127920000000  0.4924270000000 1.0
C      1  0.4127920000000  0.4924270000000  0.4928140000000 1.0
C      1  0.4924270000000  0.4928140000000  0.4127920000000 1.0
C      1  0.5071860000000  0.5872080000000  0.4924270000000 1.0
C      1  0.4928140000000  0.5872080000000  0.5075730000000 1.0
C      1  0.5071860000000  0.4127920000000  0.5075730000000 1.0
C      1  0.5872080000000  0.5075730000000  0.4928140000000 1.0
C      1  0.4127920000000  0.5075730000000  0.5071860000000 1.0
C      1  0.5872080000000  0.4924270000000  0.5071860000000 1.0
C      1  0.5075730000000  0.5071860000000  0.4127920000000 1.0
C      1  0.4924270000000  0.5071860000000  0.5872080000000 1.0
C      1  0.5075730000000  0.4928140000000  0.5872080000000 1.0
C      1  0.4928140000000  0.4127920000000  0.5075730000000 1.0
C      1  0.4127920000000  0.4924270000000  0.5071860000000 1.0
C      1  0.4924270000000  0.4928140000000  0.5872080000000 1.0
C      1  0.5071860000000  0.5872080000000  0.5075730000000 1.0
C      1  0.4928140000000  0.5872080000000  0.4924270000000 1.0
C      1  0.5071860000000  0.4127920000000  0.4924270000000 1.0
C      1  0.5872080000000  0.5075730000000  0.5071860000000 1.0
C      1  0.4127920000000  0.5075730000000  0.4928140000000 1.0
C      1  0.5872080000000  0.4924270000000  0.4928140000000 1.0
C      1  0.5075730000000  0.5071860000000  0.5872080000000 1.0
C      1  0.4924270000000  0.5071860000000  0.4127920000000 1.0
C      1  0.5075730000000  0.4928140000000  0.4127920000000 1.0
C      1  0.5122940000000  0.5274050000000  0.5462670000000 1.0
C      1  0.5274050000000  0.5462670000000  0.5122940000000 1.0
C      1  0.5462670000000  0.5122940000000  0.5274050000000 1.0
C      1  0.4877060000000  0.4725950000000  0.5462670000000 1.0
C      1  0.5122940000000  0.4725950000000  0.4537330000000 1.0
C      1  0.4877060000000  0.5274050000000  0.4537330000000 1.0
C      1  0.4725950000000  0.4537330000000  0.5122940000000 1.0
C      1  0.5274050000000  0.4537330000000  0.4877060000000 1.0
C      1  0.4725950000000  0.5462670000000  0.4877060000000 1.0
C      1  0.4537330000000  0.4877060000000  0.5274050000000 1.0
C      1  0.5462670000000  0.4877060000000  0.4725950000000 1.0
C      1  0.4537330000000  0.5122940000000  0.4725950000000 1.0
C      1  0.5122940000000  0.5274050000000  0.4537330000000 1.0
C      1  0.5274050000000  0.5462670000000  0.4877060000000 1.0
C      1  0.5462670000000  0.5122940000000  0.4725950000000 1.0
C      1  0.4877060000000  0.4725950000000  0.4537330000000 1.0
C      1  0.5122940000000  0.4725950000000  0.5462670000000 1.0
C      1  0.4877060000000  0.5274050000000  0.5462670000000 1.0
C      1  0.4725950000000  0.4537330000000  0.4877060000000 1.0
C      1  0.5274050000000  0.4537330000000  0.5122940000000 1.0
C      1  0.4725950000000  0.5462670000000  0.5122940000000 1.0
C      1  0.4537330000000  0.4877060000000  0.4725950000000 1.0
C      1  0.5462670000000  0.4877060000000  0.5274050000000 1.0
C      1  0.4537330000000  0.5122940000000  0.5274050000000 1.0
C      1  0.5674070000000  0.5255700000000  0.5352320000000 1.0
C      1  0.5255700000000  0.5352320000000  0.5674070000000 1.0
C      1  0.5352320000000  0.5674070000000  0.5255700000000 1.0
C      1  0.4325930000000  0.4744300000000  0.5352320000000 1.0
C      1  0.5674070000000  0.4744300000000  0.4647680000000 1.0
C      1  0.4325930000000  0.5255700000000  0.4647680000000 1.0
C      1  0.4744300000000  0.4647680000000  0.5674070000000 1.0
C      1  0.5255700000000  0.4647680000000  0.4325930000000 1.0
C      1  0.4744300000000  0.5352320000000  0.4325930000000 1.0
C      1  0.4647680000000  0.4325930000000  0.5255700000000 1.0
C      1  0.5352320000000  0.4325930000000  0.4744300000000 1.0
C      1  0.4647680000000  0.5674070000000  0.4744300000000 1.0
C      1  0.5674070000000  0.5255700000000  0.4647680000000 1.0
C      1  0.5255700000000  0.5352320000000  0.4325930000000 1.0
C      1  0.5352320000000  0.5674070000000  0.4744300000000 1.0
C      1  0.4325930000000  0.4744300000000  0.4647680000000 1.0
C      1  0.5674070000000  0.4744300000000  0.5352320000000 1.0
C      1  0.4325930000000  0.5255700000000  0.5352320000000 1.0
C      1  0.4744300000000  0.4647680000000  0.4325930000000 1.0
C      1  0.5255700000000  0.4647680000000  0.5674070000000 1.0
C      1  0.4744300000000  0.5352320000000  0.5674070000000 1.0
C      1  0.4647680000000  0.4325930000000  0.4744300000000 1.0
C      1  0.5352320000000  0.4325930000000  0.5255700000000 1.0
C      1  0.4647680000000  0.5674070000000  0.5255700000000 1.0
C      1  0.5073890000000  0.5446000000000  0.4695580000000 1.0
C      1  0.5446000000000  0.4695580000000  0.5073890000000 1.0
C      1  0.4695580000000  0.5073890000000  0.5446000000000 1.0
C      1  0.4926110000000  0.4554000000000  0.4695580000000 1.0
C      1  0.5073890000000  0.4554000000000  0.5304420000000 1.0
C      1  0.4926110000000  0.5446000000000  0.5304420000000 1.0
C      1  0.4554000000000  0.5304420000000  0.5073890000000 1.0
C      1  0.5446000000000  0.5304420000000  0.4926110000000 1.0
C      1  0.4554000000000  0.4695580000000  0.4926110000000 1.0
C      1  0.5304420000000  0.4926110000000  0.5446000000000 1.0
C      1  0.4695580000000  0.4926110000000  0.4554000000000 1.0
C      1  0.5304420000000  0.5073890000000  0.4554000000000 1.0
C      1  0.5073890000000  0.5446000000000  0.5304420000000 1.0
C      1  0.5446000000000  0.4695580000000  0.4926110000000 1.0
C      1  0.4695580000000  0.5073890000000  0.4554000000000 1.0
C      1  0.4926110000000  0.4554000000000  0.5304420000000 1.0
C      1  0.5073890000000  0.4554000000000  0.4695580000000 1.0
C      1  0.4926110000000  0.5446000000000  0.4695580000000 1.0
C      1  0.4554000000000  0.5304420000000  0.4926110000000 1.0
C      1  0.5446000000000  0.5304420000000  0.5073890000000 1.0
C      1  0.4554000000000  0.4695580000000  0.5073890000000 1.0
C      1  0.5304420000000  0.4926110000000  0.4554000000000 1.0
C      1  0.4695580000000  0.4926110000000  0.5446000000000 1.0
C      1  0.5304420000000  0.5073890000000  0.5446000000000 1.0
C      1  0.5082460000000  0.4499410000000  0.5552540000000 1.0
C      1  0.4499410000000  0.5552540000000  0.5082460000000 1.0
C      1  0.5552540000000  0.5082460000000  0.4499410000000 1.0
C      1  0.4917540000000  0.5500590000000  0.5552540000000 1.0
C      1  0.5082460000000  0.5500590000000  0.4447460000000 1.0
C      1  0.4917540000000  0.4499410000000  0.4447460000000 1.0
C      1  0.5500590000000  0.4447460000000  0.5082460000000 1.0
C      1  0.4499410000000  0.4447460000000  0.4917540000000 1.0
C      1  0.5500590000000  0.5552540000000  0.4917540000000 1.0
C      1  0.4447460000000  0.4917540000000  0.4499410000000 1.0
C      1  0.5552540000000  0.4917540000000  0.5500590000000 1.0
C      1  0.4447460000000  0.5082460000000  0.5500590000000 1.0
C      1  0.5082460000000  0.4499410000000  0.4447460000000 1.0
C      1  0.4499410000000  0.5552540000000  0.4917540000000 1.0
C      1  0.5552540000000  0.5082460000000  0.5500590000000 1.0
C      1  0.4917540000000  0.5500590000000  0.4447460000000 1.0
C      1  0.5082460000000  0.5500590000000  0.5552540000000 1.0
C      1  0.4917540000000  0.4499410000000  0.5552540000000 1.0
C      1  0.5500590000000  0.4447460000000  0.4917540000000 1.0
C      1  0.4499410000000  0.4447460000000  0.5082460000000 1.0
C      1  0.5500590000000  0.5552540000000  0.5082460000000 1.0
C      1  0.4447460000000  0.4917540000000  0.5500590000000 1.0
C      1  0.5552540000000  0.4917540000000  0.4499410000000 1.0
C      1  0.4447460000000  0.5082460000000  0.4499410000000 1.0
C      1  0.4529670000000  0.5247650000000  0.5651020000000 1.0
C      1  0.5247650000000  0.5651020000000  0.4529670000000 1.0
C      1  0.5651020000000  0.4529670000000  0.5247650000000 1.0
C      1  0.5470330000000  0.4752350000000  0.5651020000000 1.0
C      1  0.4529670000000  0.4752350000000  0.4348980000000 1.0
C      1  0.5470330000000  0.5247650000000  0.4348980000000 1.0
C      1  0.4752350000000  0.4348980000000  0.4529670000000 1.0
C      1  0.5247650000000  0.4348980000000  0.5470330000000 1.0
C      1  0.4752350000000  0.5651020000000  0.5470330000000 1.0
C      1  0.4348980000000  0.5470330000000  0.5247650000000 1.0
C      1  0.5651020000000  0.5470330000000  0.4752350000000 1.0
C      1  0.4348980000000  0.4529670000000  0.4752350000000 1.0
C      1  0.4529670000000  0.5247650000000  0.4348980000000 1.0
C      1  0.5247650000000  0.5651020000000  0.5470330000000 1.0
C      1  0.5651020000000  0.4529670000000  0.4752350000000 1.0
C      1  0.5470330000000  0.4752350000000  0.4348980000000 1.0
C      1  0.4529670000000  0.4752350000000  0.5651020000000 1.0
C      1  0.5470330000000  0.5247650000000  0.5651020000000 1.0
C      1  0.4752350000000  0.4348980000000  0.5470330000000 1.0
C      1  0.5247650000000  0.4348980000000  0.4529670000000 1.0
C      1  0.4752350000000  0.5651020000000  0.4529670000000 1.0
C      1  0.4348980000000  0.5470330000000  0.4752350000000 1.0
C      1  0.5651020000000  0.5470330000000  0.5247650000000 1.0
C      1  0.4348980000000  0.4529670000000  0.5247650000000 1.0
C      1  0.4783690000000  0.4407350000000  0.5072650000000 1.0
C      1  0.4407350000000  0.5072650000000  0.4783690000000 1.0
C      1  0.5072650000000  0.4783690000000  0.4407350000000 1.0
C      1  0.5216310000000  0.5592650000000  0.5072650000000 1.0
C      1  0.4783690000000  0.5592650000000  0.4927350000000 1.0
C      1  0.5216310000000  0.4407350000000  0.4927350000000 1.0
C      1  0.5592650000000  0.4927350000000  0.4783690000000 1.0
C      1  0.4407350000000  0.4927350000000  0.5216310000000 1.0
C      1  0.5592650000000  0.5072650000000  0.5216310000000 1.0
C      1  0.4927350000000  0.5216310000000  0.4407350000000 1.0
C      1  0.5072650000000  0.5216310000000  0.5592650000000 1.0
C      1  0.4927350000000  0.4783690000000  0.5592650000000 1.0
C      1  0.4783690000000  0.4407350000000  0.4927350000000 1.0
C      1  0.4407350000000  0.5072650000000  0.5216310000000 1.0
C      1  0.5072650000000  0.4783690000000  0.5592650000000 1.0
C      1  0.5216310000000  0.5592650000000  0.4927350000000 1.0
C      1  0.4783690000000  0.5592650000000  0.5072650000000 1.0
C      1  0.5216310000000  0.4407350000000  0.5072650000000 1.0
C      1  0.5592650000000  0.4927350000000  0.5216310000000 1.0
C      1  0.4407350000000  0.4927350000000  0.4783690000000 1.0
C      1  0.5592650000000  0.5072650000000  0.4783690000000 1.0
C      1  0.4927350000000  0.5216310000000  0.5592650000000 1.0
C      1  0.5072650000000  0.5216310000000  0.4407350000000 1.0
C      1  0.4927350000000  0.4783690000000  0.4407350000000 1.0
C      1  0.5116800000000  0.4357020000000  0.5510160000000 1.0
C      1  0.4357020000000  0.5510160000000  0.5116800000000 1.0
C      1  0.5510160000000  0.5116800000000  0.4357020000000 1.0
C      1  0.4883200000000  0.5642980000000  0.5510160000000 1.0
C      1  0.5116800000000  0.5642980000000  0.4489840000000 1.0
C      1  0.4883200000000  0.4357020000000  0.4489840000000 1.0
C      1  0.5642980000000  0.4489840000000  0.5116800000000 1.0
C      1  0.4357020000000  0.4489840000000  0.4883200000000 1.0
C      1  0.5642980000000  0.5510160000000  0.4883200000000 1.0
C      1  0.4489840000000  0.4883200000000  0.4357020000000 1.0
C      1  0.5510160000000  0.4883200000000  0.5642980000000 1.0
C      1  0.4489840000000  0.5116800000000  0.5642980000000 1.0
C      1  0.5116800000000  0.4357020000000  0.4489840000000 1.0
C      1  0.4357020000000  0.5510160000000  0.4883200000000 1.0
C      1  0.5510160000000  0.5116800000000  0.5642980000000 1.0
C      1  0.4883200000000  0.5642980000000  0.4489840000000 1.0
C      1  0.5116800000000  0.5642980000000  0.5510160000000 1.0
C      1  0.4883200000000  0.4357020000000  0.5510160000000 1.0
C      1  0.5642980000000  0.4489840000000  0.4883200000000 1.0
C      1  0.4357020000000  0.4489840000000  0.5116800000000 1.0
C      1  0.5642980000000  0.5510160000000  0.5116800000000 1.0
C      1  0.4489840000000  0.4883200000000  0.5642980000000 1.0
C      1  0.5510160000000  0.4883200000000  0.4357020000000 1.0
C      1  0.4489840000000  0.5116800000000  0.4357020000000 1.0
C      1  0.4322080000000  0.4845930000000  0.4545420000000 1.0
C      1  0.4845930000000  0.4545420000000  0.4322080000000 1.0
C      1  0.4545420000000  0.4322080000000  0.4845930000000 1.0
C      1  0.5677920000000  0.5154070000000  0.4545420000000 1.0
C      1  0.4322080000000  0.5154070000000  0.5454580000000 1.0
C      1  0.5677920000000  0.4845930000000  0.5454580000000 1.0
C      1  0.5154070000000  0.5454580000000  0.4322080000000 1.0
C      1  0.4845930000000  0.5454580000000  0.5677920000000 1.0
C      1  0.5154070000000  0.4545420000000  0.5677920000000 1.0
C      1  0.5454580000000  0.5677920000000  0.4845930000000 1.0
C      1  0.4545420000000  0.5677920000000  0.5154070000000 1.0
C      1  0.5454580000000  0.4322080000000  0.5154070000000 1.0
C      1  0.4322080000000  0.4845930000000  0.5454580000000 1.0
C      1  0.4845930000000  0.4545420000000  0.5677920000000 1.0
C      1  0.4545420000000  0.4322080000000  0.5154070000000 1.0
C      1  0.5677920000000  0.5154070000000  0.5454580000000 1.0
C      1  0.4322080000000  0.5154070000000  0.4545420000000 1.0
C      1  0.5677920000000  0.4845930000000  0.4545420000000 1.0
C      1  0.5154070000000  0.5454580000000  0.5677920000000 1.0
C      1  0.4845930000000  0.5454580000000  0.4322080000000 1.0
C      1  0.5154070000000  0.4545420000000  0.4322080000000 1.0
C      1  0.5454580000000  0.5677920000000  0.5154070000000 1.0
C      1  0.4545420000000  0.5677920000000  0.4845930000000 1.0
C      1  0.5454580000000  0.4322080000000  0.4845930000000 1.0
C      1  0.5313180000000  0.4124320000000  0.5072290000000 1.0
C      1  0.4124320000000  0.5072290000000  0.5313180000000 1.0
C      1  0.5072290000000  0.5313180000000  0.4124320000000 1.0
C      1  0.4686820000000  0.5875680000000  0.5072290000000 1.0
C      1  0.5313180000000  0.5875680000000  0.4927710000000 1.0
C      1  0.4686820000000  0.4124320000000  0.4927710000000 1.0
C      1  0.5875680000000  0.4927710000000  0.5313180000000 1.0
C      1  0.4124320000000  0.4927710000000  0.4686820000000 1.0
C      1  0.5875680000000  0.5072290000000  0.4686820000000 1.0
C      1  0.4927710000000  0.4686820000000  0.4124320000000 1.0
C      1  0.5072290000000  0.4686820000000  0.5875680000000 1.0
C      1  0.4927710000000  0.5313180000000  0.5875680000000 1.0
C      1  0.5313180000000  0.4124320000000  0.4927710000000 1.0
C      1  0.4124320000000  0.5072290000000  0.4686820000000 1.0
C      1  0.5072290000000  0.5313180000000  0.5875680000000 1.0
C      1  0.4686820000000  0.5875680000000  0.4927710000000 1.0
C      1  0.5313180000000  0.5875680000000  0.5072290000000 1.0
C      1  0.4686820000000  0.4124320000000  0.5072290000000 1.0
C      1  0.5875680000000  0.4927710000000  0.4686820000000 1.0
C      1  0.4124320000000  0.4927710000000  0.5313180000000 1.0
C      1  0.5875680000000  0.5072290000000  0.5313180000000 1.0
C      1  0.4927710000000  0.4686820000000  0.5875680000000 1.0
C      1  0.5072290000000  0.4686820000000  0.4124320000000 1.0
C      1  0.4927710000000  0.5313180000000  0.4124320000000 1.0
C      1  0.4622810000000  0.5072720000000  0.5168360000000 1.0
C      1  0.5072720000000  0.5168360000000  0.4622810000000 1.0
C      1  0.5168360000000  0.4622810000000  0.5072720000000 1.0
C      1  0.5377190000000  0.4927280000000  0.5168360000000 1.0
C      1  0.4622810000000  0.4927280000000  0.4831640000000 1.0
C      1  0.5377190000000  0.5072720000000  0.4831640000000 1.0
C      1  0.4927280000000  0.4831640000000  0.4622810000000 1.0
C      1  0.5072720000000  0.4831640000000  0.5377190000000 1.0
C      1  0.4927280000000  0.5168360000000  0.5377190000000 1.0
C      1  0.4831640000000  0.5377190000000  0.5072720000000 1.0
C      1  0.5168360000000  0.5377190000000  0.4927280000000 1.0
C      1  0.4831640000000  0.4622810000000  0.4927280000000 1.0
C      1  0.4622810000000  0.5072720000000  0.4831640000000 1.0
C      1  0.5072720000000  0.5168360000000  0.5377190000000 1.0
C      1  0.5168360000000  0.4622810000000  0.4927280000000 1.0
C      1  0.5377190000000  0.4927280000000  0.4831640000000 1.0
C      1  0.4622810000000  0.4927280000000  0.5168360000000 1.0
C      1  0.5377190000000  0.5072720000000  0.5168360000000 1.0
C      1  0.4927280000000  0.4831640000000  0.5377190000000 1.0
C      1  0.5072720000000  0.4831640000000  0.4622810000000 1.0
C      1  0.4927280000000  0.5168360000000  0.4622810000000 1.0
C      1  0.4831640000000  0.5377190000000  0.4927280000000 1.0
C      1  0.5168360000000  0.5377190000000  0.5072720000000 1.0
C      1  0.4831640000000  0.4622810000000  0.5072720000000 1.0
C      1  0.5654280000000  0.4608240000000  0.5348290000000 1.0
C      1  0.4608240000000  0.5348290000000  0.5654280000000 1.0
C      1  0.5348290000000  0.5654280000000  0.4608240000000 1.0
C      1  0.4345720000000  0.5391760000000  0.5348290000000 1.0
C      1  0.5654280000000  0.5391760000000  0.4651710000000 1.0
C      1  0.4345720000000  0.4608240000000  0.4651710000000 1.0
C      1  0.5391760000000  0.4651710000000  0.5654280000000 1.0
C      1  0.4608240000000  0.4651710000000  0.4345720000000 1.0
C      1  0.5391760000000  0.5348290000000  0.4345720000000 1.0
C      1  0.4651710000000  0.4345720000000  0.4608240000000 1.0
C      1  0.5348290000000  0.4345720000000  0.5391760000000 1.0
C      1  0.4651710000000  0.5654280000000  0.5391760000000 1.0
C      1  0.5654280000000  0.4608240000000  0.4651710000000 1.0
C      1  0.4608240000000  0.5348290000000  0.4345720000000 1.0
C      1  0.5348290000000  0.5654280000000  0.5391760000000 1.0
C      1  0.4345720000000  0.5391760000000  0.4651710000000 1.0
C      1  0.5654280000000  0.5391760000000  0.5348290000000 1.0
C      1  0.4345720000000  0.4608240000000  0.5348290000000 1.0
C      1  0.5391760000000  0.4651710000000  0.4345720000000 1.0
C      1  0.4608240000000  0.4651710000000  0.5654280000000 1.0
C      1  0.5391760000000  0.5348290000000  0.5654280000000 1.0
C      1  0.4651710000000  0.4345720000000  0.5391760000000 1.0
C      1  0.5348290000000  0.4345720000000  0.4608240000000 1.0
C      1  0.4651710000000  0.5654280000000  0.4608240000000 1.0
C      1  0.4566270000000  0.5789680000000  0.5071360000000 1.0
C      1  0.5789680000000  0.5071360000000  0.4566270000000 1.0
C      1  0.5071360000000  0.4566270000000  0.5789680000000 1.0
C      1  0.5433730000000  0.4210320000000  0.5071360000000 1.0
C      1  0.4566270000000  0.4210320000000  0.4928640000000 1.0
C      1  0.5433730000000  0.5789680000000  0.4928640000000 1.0
C      1  0.4210320000000  0.4928640000000  0.4566270000000 1.0
C      1  0.5789680000000  0.4928640000000  0.5433730000000 1.0
C      1  0.4210320000000  0.5071360000000  0.5433730000000 1.0
C      1  0.4928640000000  0.5433730000000  0.5789680000000 1.0
C      1  0.5071360000000  0.5433730000000  0.4210320000000 1.0
C      1  0.4928640000000  0.4566270000000  0.4210320000000 1.0
C      1  0.4566270000000  0.5789680000000  0.4928640000000 1.0
C      1  0.5789680000000  0.5071360000000  0.5433730000000 1.0
C      1  0.5071360000000  0.4566270000000  0.4210320000000 1.0
C      1  0.5433730000000  0.4210320000000  0.4928640000000 1.0
C      1  0.4566270000000  0.4210320000000  0.5071360000000 1.0
C      1  0.5433730000000  0.5789680000000  0.5071360000000 1.0
C      1  0.4210320000000  0.4928640000000  0.5433730000000 1.0
C      1  0.5789680000000  0.4928640000000  0.4566270000000 1.0
C      1  0.4210320000000  0.5071360000000  0.4566270000000 1.0
C      1  0.4928640000000  0.5433730000000  0.4210320000000 1.0
C      1  0.5071360000000  0.5433730000000  0.5789680000000 1.0
C      1  0.4928640000000  0.4566270000000  0.5789680000000 1.0
C      1  0.4590010000000  0.4567740000000  0.4870810000000 1.0
C      1  0.4567740000000  0.4870810000000  0.4590010000000 1.0
C      1  0.4870810000000  0.4590010000000  0.4567740000000 1.0
C      1  0.5409990000000  0.5432260000000  0.4870810000000 1.0
C      1  0.4590010000000  0.5432260000000  0.5129190000000 1.0
C      1  0.5409990000000  0.4567740000000  0.5129190000000 1.0
C      1  0.5432260000000  0.5129190000000  0.4590010000000 1.0
C      1  0.4567740000000  0.5129190000000  0.5409990000000 1.0
C      1  0.5432260000000  0.4870810000000  0.5409990000000 1.0
C      1  0.5129190000000  0.5409990000000  0.4567740000000 1.0
C      1  0.4870810000000  0.5409990000000  0.5432260000000 1.0
C      1  0.5129190000000  0.4590010000000  0.5432260000000 1.0
C      1  0.4590010000000  0.4567740000000  0.5129190000000 1.0
C      1  0.4567740000000  0.4870810000000  0.5409990000000 1.0
C      1  0.4870810000000  0.4590010000000  0.5432260000000 1.0
C      1  0.5409990000000  0.5432260000000  0.5129190000000 1.0
C      1  0.4590010000000  0.5432260000000  0.4870810000000 1.0
C      1  0.5409990000000  0.4567740000000  0.4870810000000 1.0
C      1  0.5432260000000  0.5129190000000  0.5409990000000 1.0
C      1  0.4567740000000  0.5129190000000  0.4590010000000 1.0
C      1  0.5432260000000  0.4870810000000  0.4590010000000 1.0
C      1  0.5129190000000  0.5409990000000  0.5432260000000 1.0
C      1  0.4870810000000  0.5409990000000  0.4567740000000 1.0
C      1  0.5129190000000  0.4590010000000  0.4567740000000 1.0
C      1  0.5138210000000  0.4809560000000  0.5830810000000 1.0
C      1  0.4809560000000  0.5830810000000  0.5138210000000 1.0
C      1  0.5830810000000  0.5138210000000  0.4809560000000 1.0
C      1  0.4861790000000  0.5190440000000  0.5830810000000 1.0
C      1  0.5138210000000  0.5190440000000  0.4169190000000 1.0
C      1  0.4861790000000  0.4809560000000  0.4169190000000 1.0
C      1  0.5190440000000  0.4169190000000  0.5138210000000 1.0
C      1  0.4809560000000  0.4169190000000  0.4861790000000 1.0
C      1  0.5190440000000  0.5830810000000  0.4861790000000 1.0
C      1  0.4169190000000  0.4861790000000  0.4809560000000 1.0
C      1  0.5830810000000  0.4861790000000  0.5190440000000 1.0
C      1  0.4169190000000  0.5138210000000  0.5190440000000 1.0
C      1  0.5138210000000  0.4809560000000  0.4169190000000 1.0
C      1  0.4809560000000  0.5830810000000  0.4861790000000 1.0
C      1  0.5830810000000  0.5138210000000  0.5190440000000 1.0
C      1  0.4861790000000  0.5190440000000  0.4169190000000 1.0
C      1  0.5138210000000  0.5190440000000  0.5830810000000 1.0
C      1  0.4861790000000  0.4809560000000  0.5830810000000 1.0
C      1  0.5190440000000  0.4169190000000  0.4861790000000 1.0
C      1  0.4809560000000  0.4169190000000  0.5138210000000 1.0
C      1  0.5190440000000  0.5830810000000  0.5138210000000 1.0
C      1  0.4169190000000  0.4861790000000  0.5190440000000 1.0
C      1  0.5830810000000  0.4861790000000  0.4809560000000 1.0
C      1  0.4169190000000  0.5138210000000  0.4809560000000 1.0
C      1  0.5217700000000  0.4306100000000  0.5175990000000 1.0
C      1  0.4306100000000  0.5175990000000  0.5217700000000 1.0
C      1  0.5175990000000  0.5217700000000  0.4306100000000 1.0
C      1  0.4782300000000  0.5693900000000  0.5175990000000 1.0
C      1  0.5217700000000  0.5693900000000  0.4824010000000 1.0
C      1  0.4782300000000  0.4306100000000  0.4824010000000 1.0
C      1  0.5693900000000  0.4824010000000  0.5217700000000 1.0
C      1  0.4306100000000  0.4824010000000  0.4782300000000 1.0
C      1  0.5693900000000  0.5175990000000  0.4782300000000 1.0
C      1  0.4824010000000  0.4782300000000  0.4306100000000 1.0
C      1  0.5175990000000  0.4782300000000  0.5693900000000 1.0
C      1  0.4824010000000  0.5217700000000  0.5693900000000 1.0
C      1  0.5217700000000  0.4306100000000  0.4824010000000 1.0
C      1  0.4306100000000  0.5175990000000  0.4782300000000 1.0
C      1  0.5175990000000  0.5217700000000  0.5693900000000 1.0
C      1  0.4782300000000  0.5693900000000  0.4824010000000 1.0
C      1  0.5217700000000  0.5693900000000  0.5175990000000 1.0
C      1  0.4782300000000  0.4306100000000  0.5175990000000 1.0
C      1  0.5693900000000  0.4824010000000  0.4782300000000 1.0
C      1  0.4306100000000  0.4824010000000  0.5217700000000 1.0
C      1  0.5693900000000  0.5175990000000  0.5217700000000 1.0
C      1  0.4824010000000  0.4782300000000  0.5693900000000 1.0
C      1  0.5175990000000  0.4782300000000  0.4306100000000 1.0
C      1  0.4824010000000  0.5217700000000  0.4306100000000 1.0
C      1  0.4929130000000  0.5375580000000  0.5170070000000 1.0
C      1  0.5375580000000  0.5170070000000  0.4929130000000 1.0
C      1  0.5170070000000  0.4929130000000  0.5375580000000 1.0
C      1  0.5070870000000  0.4624420000000  0.5170070000000 1.0
C      1  0.4929130000000  0.4624420000000  0.4829930000000 1.0
C      1  0.5070870000000  0.5375580000000  0.4829930000000 1.0
C      1  0.4624420000000  0.4829930000000  0.4929130000000 1.0
C      1  0.5375580000000  0.4829930000000  0.5070870000000 1.0
C      1  0.4624420000000  0.5170070000000  0.5070870000000 1.0
C      1  0.4829930000000  0.5070870000000  0.5375580000000 1.0
C      1  0.5170070000000  0.5070870000000  0.4624420000000 1.0
C      1  0.4829930000000  0.4929130000000  0.4624420000000 1.0
C      1  0.4929130000000  0.5375580000000  0.4829930000000 1.0
C      1  0.5375580000000  0.5170070000000  0.5070870000000 1.0
C      1  0.5170070000000  0.4929130000000  0.4624420000000 1.0
C      1  0.5070870000000  0.4624420000000  0.4829930000000 1.0
C      1  0.4929130000000  0.4624420000000  0.5170070000000 1.0
C      1  0.5070870000000  0.5375580000000  0.5170070000000 1.0
C      1  0.4624420000000  0.4829930000000  0.5070870000000 1.0
C      1  0.5375580000000  0.4829930000000  0.4929130000000 1.0
C      1  0.4624420000000  0.5170070000000  0.4929130000000 1.0
C      1  0.4829930000000  0.5070870000000  0.4624420000000 1.0
C      1  0.5170070000000  0.5070870000000  0.5375580000000 1.0
C      1  0.4829930000000  0.4929130000000  0.5375580000000 1.0
C      1  0.4283290000000  0.4506520000000  0.5000000000000 1.0
C      1  0.5716710000000  0.5493480000000  0.5000000000000 1.0
C      1  0.4283290000000  0.5493480000000  0.5000000000000 1.0
C      1  0.5716710000000  0.4506520000000  0.5000000000000 1.0
C      1  0.4506520000000  0.5000000000000  0.4283290000000 1.0
C      1  0.5000000000000  0.4283290000000  0.4506520000000 1.0
C      1  0.5493480000000  0.5000000000000  0.4283290000000 1.0
C      1  0.4506520000000  0.5000000000000  0.5716710000000 1.0
C      1  0.5493480000000  0.5000000000000  0.5716710000000 1.0
C      1  0.5000000000000  0.5716710000000  0.4506520000000 1.0
C      1  0.5000000000000  0.5716710000000  0.5493480000000 1.0
C      1  0.5000000000000  0.4283290000000  0.5493480000000 1.0
END
