TITL C-1887012-575-27 1.90939003829491e-06 1000000 -5038.22866662932 0 0 720 (Th) n - 1
REM
REM in /nfs/bkarasulu/CARBON/AIRSS/Generating-Clusters/GAP-ML-2020/Higher-Symm/Selected-Sizes/TryA-Only_Ih-Symm/Larger-Clusters
REM
REM
REM
REM
REM
REM ./C.cell (2cf5181f0f1d4d5b12b972d32ad12063)
REM
REM compiler GCC version 9.2.1 20190827 (Red Hat 9.2.1-1)
REM options -cpp -mtune=generic -march=x86-64 -g -O0 -fpre-include=/usr/include/finclude/math-vector-fortran.h
REM seed 992976057 1509571452 -1744371145 -71938167 626579674 -655128915 -988423536 -931681261 839611657 159063230 1323514109 657824830 -362177715 -628076437 2102020653 1080841520 -956930201 -1561874166 815511803 -492860210 -1467694950 1442011633 859709964 1248374028 -1002985007 699719575 -1123868575 881824561 852664505 817841277 1256496238 996251674 605443004
REM
CELL 1.54180  100.00000  100.00000  100.00000   90.00000   90.00000   90.00000
LATT -1
SFAC C  
C      1  0.4605430000000  0.4439900000000  0.4634620000000 1.0
C      1  0.4439900000000  0.4634620000000  0.4605430000000 1.0
C      1  0.4634620000000  0.4605430000000  0.4439900000000 1.0
C      1  0.5394570000000  0.5560100000000  0.4634620000000 1.0
C      1  0.4605430000000  0.5560100000000  0.5365380000000 1.0
C      1  0.5394570000000  0.4439900000000  0.5365380000000 1.0
C      1  0.5560100000000  0.5365380000000  0.4605430000000 1.0
C      1  0.4439900000000  0.5365380000000  0.5394570000000 1.0
C      1  0.5560100000000  0.4634620000000  0.5394570000000 1.0
C      1  0.5365380000000  0.5394570000000  0.4439900000000 1.0
C      1  0.4634620000000  0.5394570000000  0.5560100000000 1.0
C      1  0.5365380000000  0.4605430000000  0.5560100000000 1.0
C      1  0.4605430000000  0.4439900000000  0.5365380000000 1.0
C      1  0.4439900000000  0.4634620000000  0.5394570000000 1.0
C      1  0.4634620000000  0.4605430000000  0.5560100000000 1.0
C      1  0.5394570000000  0.5560100000000  0.5365380000000 1.0
C      1  0.4605430000000  0.5560100000000  0.4634620000000 1.0
C      1  0.5394570000000  0.4439900000000  0.4634620000000 1.0
C      1  0.5560100000000  0.5365380000000  0.5394570000000 1.0
C      1  0.4439900000000  0.5365380000000  0.4605430000000 1.0
C      1  0.5560100000000  0.4634620000000  0.4605430000000 1.0
C      1  0.5365380000000  0.5394570000000  0.5560100000000 1.0
C      1  0.4634620000000  0.5394570000000  0.4439900000000 1.0
C      1  0.5365380000000  0.4605430000000  0.4439900000000 1.0
C      1  0.5118770000000  0.4297030000000  0.4434940000000 1.0
C      1  0.4297030000000  0.4434940000000  0.5118770000000 1.0
C      1  0.4434940000000  0.5118770000000  0.4297030000000 1.0
C      1  0.4881230000000  0.5702970000000  0.4434940000000 1.0
C      1  0.5118770000000  0.5702970000000  0.5565060000000 1.0
C      1  0.4881230000000  0.4297030000000  0.5565060000000 1.0
C      1  0.5702970000000  0.5565060000000  0.5118770000000 1.0
C      1  0.4297030000000  0.5565060000000  0.4881230000000 1.0
C      1  0.5702970000000  0.4434940000000  0.4881230000000 1.0
C      1  0.5565060000000  0.4881230000000  0.4297030000000 1.0
C      1  0.4434940000000  0.4881230000000  0.5702970000000 1.0
C      1  0.5565060000000  0.5118770000000  0.5702970000000 1.0
C      1  0.5118770000000  0.4297030000000  0.5565060000000 1.0
C      1  0.4297030000000  0.4434940000000  0.4881230000000 1.0
C      1  0.4434940000000  0.5118770000000  0.5702970000000 1.0
C      1  0.4881230000000  0.5702970000000  0.5565060000000 1.0
C      1  0.5118770000000  0.5702970000000  0.4434940000000 1.0
C      1  0.4881230000000  0.4297030000000  0.4434940000000 1.0
C      1  0.5702970000000  0.5565060000000  0.4881230000000 1.0
C      1  0.4297030000000  0.5565060000000  0.5118770000000 1.0
C      1  0.5702970000000  0.4434940000000  0.5118770000000 1.0
C      1  0.5565060000000  0.4881230000000  0.5702970000000 1.0
C      1  0.4434940000000  0.4881230000000  0.4297030000000 1.0
C      1  0.5565060000000  0.5118770000000  0.4297030000000 1.0
C      1  0.5321060000000  0.4834190000000  0.5840620000000 1.0
C      1  0.4834190000000  0.5840620000000  0.5321060000000 1.0
C      1  0.5840620000000  0.5321060000000  0.4834190000000 1.0
C      1  0.4678940000000  0.5165810000000  0.5840620000000 1.0
C      1  0.5321060000000  0.5165810000000  0.4159380000000 1.0
C      1  0.4678940000000  0.4834190000000  0.4159380000000 1.0
C      1  0.5165810000000  0.4159380000000  0.5321060000000 1.0
C      1  0.4834190000000  0.4159380000000  0.4678940000000 1.0
C      1  0.5165810000000  0.5840620000000  0.4678940000000 1.0
C      1  0.4159380000000  0.4678940000000  0.4834190000000 1.0
C      1  0.5840620000000  0.4678940000000  0.5165810000000 1.0
C      1  0.4159380000000  0.5321060000000  0.5165810000000 1.0
C      1  0.5321060000000  0.4834190000000  0.4159380000000 1.0
C      1  0.4834190000000  0.5840620000000  0.4678940000000 1.0
C      1  0.5840620000000  0.5321060000000  0.5165810000000 1.0
C      1  0.4678940000000  0.5165810000000  0.4159380000000 1.0
C      1  0.5321060000000  0.5165810000000  0.5840620000000 1.0
C      1  0.4678940000000  0.4834190000000  0.5840620000000 1.0
C      1  0.5165810000000  0.4159380000000  0.4678940000000 1.0
C      1  0.4834190000000  0.4159380000000  0.5321060000000 1.0
C      1  0.5165810000000  0.5840620000000  0.5321060000000 1.0
C      1  0.4159380000000  0.4678940000000  0.5165810000000 1.0
C      1  0.5840620000000  0.4678940000000  0.4834190000000 1.0
C      1  0.4159380000000  0.5321060000000  0.4834190000000 1.0
C      1  0.4239650000000  0.4853680000000  0.5523190000000 1.0
C      1  0.4853680000000  0.5523190000000  0.4239650000000 1.0
C      1  0.5523190000000  0.4239650000000  0.4853680000000 1.0
C      1  0.5760350000000  0.5146320000000  0.5523190000000 1.0
C      1  0.4239650000000  0.5146320000000  0.4476810000000 1.0
C      1  0.5760350000000  0.4853680000000  0.4476810000000 1.0
C      1  0.5146320000000  0.4476810000000  0.4239650000000 1.0
C      1  0.4853680000000  0.4476810000000  0.5760350000000 1.0
C      1  0.5146320000000  0.5523190000000  0.5760350000000 1.0
C      1  0.4476810000000  0.5760350000000  0.4853680000000 1.0
C      1  0.5523190000000  0.5760350000000  0.5146320000000 1.0
C      1  0.4476810000000  0.4239650000000  0.5146320000000 1.0
C      1  0.4239650000000  0.4853680000000  0.4476810000000 1.0
C      1  0.4853680000000  0.5523190000000  0.5760350000000 1.0
C      1  0.5523190000000  0.4239650000000  0.5146320000000 1.0
C      1  0.5760350000000  0.5146320000000  0.4476810000000 1.0
C      1  0.4239650000000  0.5146320000000  0.5523190000000 1.0
C      1  0.5760350000000  0.4853680000000  0.5523190000000 1.0
C      1  0.5146320000000  0.4476810000000  0.5760350000000 1.0
C      1  0.4853680000000  0.4476810000000  0.4239650000000 1.0
C      1  0.5146320000000  0.5523190000000  0.4239650000000 1.0
C      1  0.4476810000000  0.5760350000000  0.5146320000000 1.0
C      1  0.5523190000000  0.5760350000000  0.4853680000000 1.0
C      1  0.4476810000000  0.4239650000000  0.4853680000000 1.0
C      1  0.5441960000000  0.5074830000000  0.5623430000000 1.0
C      1  0.5074830000000  0.5623430000000  0.5441960000000 1.0
C      1  0.5623430000000  0.5441960000000  0.5074830000000 1.0
C      1  0.4558040000000  0.4925170000000  0.5623430000000 1.0
C      1  0.5441960000000  0.4925170000000  0.4376570000000 1.0
C      1  0.4558040000000  0.5074830000000  0.4376570000000 1.0
C      1  0.4925170000000  0.4376570000000  0.5441960000000 1.0
C      1  0.5074830000000  0.4376570000000  0.4558040000000 1.0
C      1  0.4925170000000  0.5623430000000  0.4558040000000 1.0
C      1  0.4376570000000  0.4558040000000  0.5074830000000 1.0
C      1  0.5623430000000  0.4558040000000  0.4925170000000 1.0
C      1  0.4376570000000  0.5441960000000  0.4925170000000 1.0
C      1  0.5441960000000  0.5074830000000  0.4376570000000 1.0
C      1  0.5074830000000  0.5623430000000  0.4558040000000 1.0
C      1  0.5623430000000  0.5441960000000  0.4925170000000 1.0
C      1  0.4558040000000  0.4925170000000  0.4376570000000 1.0
C      1  0.5441960000000  0.4925170000000  0.5623430000000 1.0
C      1  0.4558040000000  0.5074830000000  0.5623430000000 1.0
C      1  0.4925170000000  0.4376570000000  0.4558040000000 1.0
C      1  0.5074830000000  0.4376570000000  0.5441960000000 1.0
C      1  0.4925170000000  0.5623430000000  0.5441960000000 1.0
C      1  0.4376570000000  0.4558040000000  0.4925170000000 1.0
C      1  0.5623430000000  0.4558040000000  0.5074830000000 1.0
C      1  0.4376570000000  0.5441960000000  0.5074830000000 1.0
C      1  0.4210730000000  0.5389210000000  0.4721270000000 1.0
C      1  0.5389210000000  0.4721270000000  0.4210730000000 1.0
C      1  0.4721270000000  0.4210730000000  0.5389210000000 1.0
C      1  0.5789270000000  0.4610790000000  0.4721270000000 1.0
C      1  0.4210730000000  0.4610790000000  0.5278730000000 1.0
C      1  0.5789270000000  0.5389210000000  0.5278730000000 1.0
C      1  0.4610790000000  0.5278730000000  0.4210730000000 1.0
C      1  0.5389210000000  0.5278730000000  0.5789270000000 1.0
C      1  0.4610790000000  0.4721270000000  0.5789270000000 1.0
C      1  0.5278730000000  0.5789270000000  0.5389210000000 1.0
C      1  0.4721270000000  0.5789270000000  0.4610790000000 1.0
C      1  0.5278730000000  0.4210730000000  0.4610790000000 1.0
C      1  0.4210730000000  0.5389210000000  0.5278730000000 1.0
C      1  0.5389210000000  0.4721270000000  0.5789270000000 1.0
C      1  0.4721270000000  0.4210730000000  0.4610790000000 1.0
C      1  0.5789270000000  0.4610790000000  0.5278730000000 1.0
C      1  0.4210730000000  0.4610790000000  0.4721270000000 1.0
C      1  0.5789270000000  0.5389210000000  0.4721270000000 1.0
C      1  0.4610790000000  0.5278730000000  0.5789270000000 1.0
C      1  0.5389210000000  0.5278730000000  0.4210730000000 1.0
C      1  0.4610790000000  0.4721270000000  0.4210730000000 1.0
C      1  0.5278730000000  0.5789270000000  0.4610790000000 1.0
C      1  0.4721270000000  0.5789270000000  0.5389210000000 1.0
C      1  0.5278730000000  0.4210730000000  0.5389210000000 1.0
C      1  0.5577240000000  0.5297450000000  0.4375640000000 1.0
C      1  0.5297450000000  0.4375640000000  0.5577240000000 1.0
C      1  0.4375640000000  0.5577240000000  0.5297450000000 1.0
C      1  0.4422760000000  0.4702550000000  0.4375640000000 1.0
C      1  0.5577240000000  0.4702550000000  0.5624360000000 1.0
C      1  0.4422760000000  0.5297450000000  0.5624360000000 1.0
C      1  0.4702550000000  0.5624360000000  0.5577240000000 1.0
C      1  0.5297450000000  0.5624360000000  0.4422760000000 1.0
C      1  0.4702550000000  0.4375640000000  0.4422760000000 1.0
C      1  0.5624360000000  0.4422760000000  0.5297450000000 1.0
C      1  0.4375640000000  0.4422760000000  0.4702550000000 1.0
C      1  0.5624360000000  0.5577240000000  0.4702550000000 1.0
C      1  0.5577240000000  0.5297450000000  0.5624360000000 1.0
C      1  0.5297450000000  0.4375640000000  0.4422760000000 1.0
C      1  0.4375640000000  0.5577240000000  0.4702550000000 1.0
C      1  0.4422760000000  0.4702550000000  0.5624360000000 1.0
C      1  0.5577240000000  0.4702550000000  0.4375640000000 1.0
C      1  0.4422760000000  0.5297450000000  0.4375640000000 1.0
C      1  0.4702550000000  0.5624360000000  0.4422760000000 1.0
C      1  0.5297450000000  0.5624360000000  0.5577240000000 1.0
C      1  0.4702550000000  0.4375640000000  0.5577240000000 1.0
C      1  0.5624360000000  0.4422760000000  0.4702550000000 1.0
C      1  0.4375640000000  0.4422760000000  0.5297450000000 1.0
C      1  0.5624360000000  0.5577240000000  0.5297450000000 1.0
C      1  0.4733270000000  0.5357320000000  0.5155060000000 1.0
C      1  0.5357320000000  0.5155060000000  0.4733270000000 1.0
C      1  0.5155060000000  0.4733270000000  0.5357320000000 1.0
C      1  0.5266730000000  0.4642680000000  0.5155060000000 1.0
C      1  0.4733270000000  0.4642680000000  0.4844940000000 1.0
C      1  0.5266730000000  0.5357320000000  0.4844940000000 1.0
C      1  0.4642680000000  0.4844940000000  0.4733270000000 1.0
C      1  0.5357320000000  0.4844940000000  0.5266730000000 1.0
C      1  0.4642680000000  0.5155060000000  0.5266730000000 1.0
C      1  0.4844940000000  0.5266730000000  0.5357320000000 1.0
C      1  0.5155060000000  0.5266730000000  0.4642680000000 1.0
C      1  0.4844940000000  0.4733270000000  0.4642680000000 1.0
C      1  0.4733270000000  0.5357320000000  0.4844940000000 1.0
C      1  0.5357320000000  0.5155060000000  0.5266730000000 1.0
C      1  0.5155060000000  0.4733270000000  0.4642680000000 1.0
C      1  0.5266730000000  0.4642680000000  0.4844940000000 1.0
C      1  0.4733270000000  0.4642680000000  0.5155060000000 1.0
C      1  0.5266730000000  0.5357320000000  0.5155060000000 1.0
C      1  0.4642680000000  0.4844940000000  0.5266730000000 1.0
C      1  0.5357320000000  0.4844940000000  0.4733270000000 1.0
C      1  0.4642680000000  0.5155060000000  0.4733270000000 1.0
C      1  0.4844940000000  0.5266730000000  0.4642680000000 1.0
C      1  0.5155060000000  0.5266730000000  0.5357320000000 1.0
C      1  0.4844940000000  0.4733270000000  0.5357320000000 1.0
C      1  0.4821680000000  0.4380490000000  0.4331820000000 1.0
C      1  0.4380490000000  0.4331820000000  0.4821680000000 1.0
C      1  0.4331820000000  0.4821680000000  0.4380490000000 1.0
C      1  0.5178320000000  0.5619510000000  0.4331820000000 1.0
C      1  0.4821680000000  0.5619510000000  0.5668180000000 1.0
C      1  0.5178320000000  0.4380490000000  0.5668180000000 1.0
C      1  0.5619510000000  0.5668180000000  0.4821680000000 1.0
C      1  0.4380490000000  0.5668180000000  0.5178320000000 1.0
C      1  0.5619510000000  0.4331820000000  0.5178320000000 1.0
C      1  0.5668180000000  0.5178320000000  0.4380490000000 1.0
C      1  0.4331820000000  0.5178320000000  0.5619510000000 1.0
C      1  0.5668180000000  0.4821680000000  0.5619510000000 1.0
C      1  0.4821680000000  0.4380490000000  0.5668180000000 1.0
C      1  0.4380490000000  0.4331820000000  0.5178320000000 1.0
C      1  0.4331820000000  0.4821680000000  0.5619510000000 1.0
C      1  0.5178320000000  0.5619510000000  0.5668180000000 1.0
C      1  0.4821680000000  0.5619510000000  0.4331820000000 1.0
C      1  0.5178320000000  0.4380490000000  0.4331820000000 1.0
C      1  0.5619510000000  0.5668180000000  0.5178320000000 1.0
C      1  0.4380490000000  0.5668180000000  0.4821680000000 1.0
C      1  0.5619510000000  0.4331820000000  0.4821680000000 1.0
C      1  0.5668180000000  0.5178320000000  0.5619510000000 1.0
C      1  0.4331820000000  0.5178320000000  0.4380490000000 1.0
C      1  0.5668180000000  0.4821680000000  0.4380490000000 1.0
C      1  0.5071640000000  0.4470320000000  0.4120590000000 1.0
C      1  0.4470320000000  0.4120590000000  0.5071640000000 1.0
C      1  0.4120590000000  0.5071640000000  0.4470320000000 1.0
C      1  0.4928360000000  0.5529680000000  0.4120590000000 1.0
C      1  0.5071640000000  0.5529680000000  0.5879410000000 1.0
C      1  0.4928360000000  0.4470320000000  0.5879410000000 1.0
C      1  0.5529680000000  0.5879410000000  0.5071640000000 1.0
C      1  0.4470320000000  0.5879410000000  0.4928360000000 1.0
C      1  0.5529680000000  0.4120590000000  0.4928360000000 1.0
C      1  0.5879410000000  0.4928360000000  0.4470320000000 1.0
C      1  0.4120590000000  0.4928360000000  0.5529680000000 1.0
C      1  0.5879410000000  0.5071640000000  0.5529680000000 1.0
C      1  0.5071640000000  0.4470320000000  0.5879410000000 1.0
C      1  0.4470320000000  0.4120590000000  0.4928360000000 1.0
C      1  0.4120590000000  0.5071640000000  0.5529680000000 1.0
C      1  0.4928360000000  0.5529680000000  0.5879410000000 1.0
C      1  0.5071640000000  0.5529680000000  0.4120590000000 1.0
C      1  0.4928360000000  0.4470320000000  0.4120590000000 1.0
C      1  0.5529680000000  0.5879410000000  0.4928360000000 1.0
C      1  0.4470320000000  0.5879410000000  0.5071640000000 1.0
C      1  0.5529680000000  0.4120590000000  0.5071640000000 1.0
C      1  0.5879410000000  0.4928360000000  0.5529680000000 1.0
C      1  0.4120590000000  0.4928360000000  0.4470320000000 1.0
C      1  0.5879410000000  0.5071640000000  0.4470320000000 1.0
C      1  0.4541960000000  0.4734020000000  0.5082400000000 1.0
C      1  0.4734020000000  0.5082400000000  0.4541960000000 1.0
C      1  0.5082400000000  0.4541960000000  0.4734020000000 1.0
C      1  0.5458040000000  0.5265980000000  0.5082400000000 1.0
C      1  0.4541960000000  0.5265980000000  0.4917600000000 1.0
C      1  0.5458040000000  0.4734020000000  0.4917600000000 1.0
C      1  0.5265980000000  0.4917600000000  0.4541960000000 1.0
C      1  0.4734020000000  0.4917600000000  0.5458040000000 1.0
C      1  0.5265980000000  0.5082400000000  0.5458040000000 1.0
C      1  0.4917600000000  0.5458040000000  0.4734020000000 1.0
C      1  0.5082400000000  0.5458040000000  0.5265980000000 1.0
C      1  0.4917600000000  0.4541960000000  0.5265980000000 1.0
C      1  0.4541960000000  0.4734020000000  0.4917600000000 1.0
C      1  0.4734020000000  0.5082400000000  0.5458040000000 1.0
C      1  0.5082400000000  0.4541960000000  0.5265980000000 1.0
C      1  0.5458040000000  0.5265980000000  0.4917600000000 1.0
C      1  0.4541960000000  0.5265980000000  0.5082400000000 1.0
C      1  0.5458040000000  0.4734020000000  0.5082400000000 1.0
C      1  0.5265980000000  0.4917600000000  0.5458040000000 1.0
C      1  0.4734020000000  0.4917600000000  0.4541960000000 1.0
C      1  0.5265980000000  0.5082400000000  0.4541960000000 1.0
C      1  0.4917600000000  0.5458040000000  0.5265980000000 1.0
C      1  0.5082400000000  0.5458040000000  0.4734020000000 1.0
C      1  0.4917600000000  0.4541960000000  0.4734020000000 1.0
C      1  0.5206490000000  0.4850880000000  0.4925970000000 1.0
C      1  0.4850880000000  0.4925970000000  0.5206490000000 1.0
C      1  0.4925970000000  0.5206490000000  0.4850880000000 1.0
C      1  0.4793510000000  0.5149120000000  0.4925970000000 1.0
C      1  0.5206490000000  0.5149120000000  0.5074030000000 1.0
C      1  0.4793510000000  0.4850880000000  0.5074030000000 1.0
C      1  0.5149120000000  0.5074030000000  0.5206490000000 1.0
C      1  0.4850880000000  0.5074030000000  0.4793510000000 1.0
C      1  0.5149120000000  0.4925970000000  0.4793510000000 1.0
C      1  0.5074030000000  0.4793510000000  0.4850880000000 1.0
C      1  0.4925970000000  0.4793510000000  0.5149120000000 1.0
C      1  0.5074030000000  0.5206490000000  0.5149120000000 1.0
C      1  0.5206490000000  0.4850880000000  0.5074030000000 1.0
C      1  0.4850880000000  0.4925970000000  0.4793510000000 1.0
C      1  0.4925970000000  0.5206490000000  0.5149120000000 1.0
C      1  0.4793510000000  0.5149120000000  0.5074030000000 1.0
C      1  0.5206490000000  0.5149120000000  0.4925970000000 1.0
C      1  0.4793510000000  0.4850880000000  0.4925970000000 1.0
C      1  0.5149120000000  0.5074030000000  0.4793510000000 1.0
C      1  0.4850880000000  0.5074030000000  0.5206490000000 1.0
C      1  0.5149120000000  0.4925970000000  0.5206490000000 1.0
C      1  0.5074030000000  0.4793510000000  0.5149120000000 1.0
C      1  0.4925970000000  0.4793510000000  0.4850880000000 1.0
C      1  0.5074030000000  0.5206490000000  0.4850880000000 1.0
C      1  0.5138460000000  0.5070780000000  0.4466700000000 1.0
C      1  0.5070780000000  0.4466700000000  0.5138460000000 1.0
C      1  0.4466700000000  0.5138460000000  0.5070780000000 1.0
C      1  0.4861540000000  0.4929220000000  0.4466700000000 1.0
C      1  0.5138460000000  0.4929220000000  0.5533300000000 1.0
C      1  0.4861540000000  0.5070780000000  0.5533300000000 1.0
C      1  0.4929220000000  0.5533300000000  0.5138460000000 1.0
C      1  0.5070780000000  0.5533300000000  0.4861540000000 1.0
C      1  0.4929220000000  0.4466700000000  0.4861540000000 1.0
C      1  0.5533300000000  0.4861540000000  0.5070780000000 1.0
C      1  0.4466700000000  0.4861540000000  0.4929220000000 1.0
C      1  0.5533300000000  0.5138460000000  0.4929220000000 1.0
C      1  0.5138460000000  0.5070780000000  0.5533300000000 1.0
C      1  0.5070780000000  0.4466700000000  0.4861540000000 1.0
C      1  0.4466700000000  0.5138460000000  0.4929220000000 1.0
C      1  0.4861540000000  0.4929220000000  0.5533300000000 1.0
C      1  0.5138460000000  0.4929220000000  0.4466700000000 1.0
C      1  0.4861540000000  0.5070780000000  0.4466700000000 1.0
C      1  0.4929220000000  0.5533300000000  0.4861540000000 1.0
C      1  0.5070780000000  0.5533300000000  0.5138460000000 1.0
C      1  0.4929220000000  0.4466700000000  0.5138460000000 1.0
C      1  0.5533300000000  0.4861540000000  0.4929220000000 1.0
C      1  0.4466700000000  0.4861540000000  0.5070780000000 1.0
C      1  0.5533300000000  0.5138460000000  0.5070780000000 1.0
C      1  0.4561080000000  0.5618560000000  0.4402490000000 1.0
C      1  0.5618560000000  0.4402490000000  0.4561080000000 1.0
C      1  0.4402490000000  0.4561080000000  0.5618560000000 1.0
C      1  0.5438920000000  0.4381440000000  0.4402490000000 1.0
C      1  0.4561080000000  0.4381440000000  0.5597510000000 1.0
C      1  0.5438920000000  0.5618560000000  0.5597510000000 1.0
C      1  0.4381440000000  0.5597510000000  0.4561080000000 1.0
C      1  0.5618560000000  0.5597510000000  0.5438920000000 1.0
C      1  0.4381440000000  0.4402490000000  0.5438920000000 1.0
C      1  0.5597510000000  0.5438920000000  0.5618560000000 1.0
C      1  0.4402490000000  0.5438920000000  0.4381440000000 1.0
C      1  0.5597510000000  0.4561080000000  0.4381440000000 1.0
C      1  0.4561080000000  0.5618560000000  0.5597510000000 1.0
C      1  0.5618560000000  0.4402490000000  0.5438920000000 1.0
C      1  0.4402490000000  0.4561080000000  0.4381440000000 1.0
C      1  0.5438920000000  0.4381440000000  0.5597510000000 1.0
C      1  0.4561080000000  0.4381440000000  0.4402490000000 1.0
C      1  0.5438920000000  0.5618560000000  0.4402490000000 1.0
C      1  0.4381440000000  0.5597510000000  0.5438920000000 1.0
C      1  0.5618560000000  0.5597510000000  0.4561080000000 1.0
C      1  0.4381440000000  0.4402490000000  0.4561080000000 1.0
C      1  0.5597510000000  0.5438920000000  0.4381440000000 1.0
C      1  0.4402490000000  0.5438920000000  0.5618560000000 1.0
C      1  0.5597510000000  0.4561080000000  0.5618560000000 1.0
C      1  0.4674580000000  0.4926240000000  0.5728990000000 1.0
C      1  0.4926240000000  0.5728990000000  0.4674580000000 1.0
C      1  0.5728990000000  0.4674580000000  0.4926240000000 1.0
C      1  0.5325420000000  0.5073760000000  0.5728990000000 1.0
C      1  0.4674580000000  0.5073760000000  0.4271010000000 1.0
C      1  0.5325420000000  0.4926240000000  0.4271010000000 1.0
C      1  0.5073760000000  0.4271010000000  0.4674580000000 1.0
C      1  0.4926240000000  0.4271010000000  0.5325420000000 1.0
C      1  0.5073760000000  0.5728990000000  0.5325420000000 1.0
C      1  0.4271010000000  0.5325420000000  0.4926240000000 1.0
C      1  0.5728990000000  0.5325420000000  0.5073760000000 1.0
C      1  0.4271010000000  0.4674580000000  0.5073760000000 1.0
C      1  0.4674580000000  0.4926240000000  0.4271010000000 1.0
C      1  0.4926240000000  0.5728990000000  0.5325420000000 1.0
C      1  0.5728990000000  0.4674580000000  0.5073760000000 1.0
C      1  0.5325420000000  0.5073760000000  0.4271010000000 1.0
C      1  0.4674580000000  0.5073760000000  0.5728990000000 1.0
C      1  0.5325420000000  0.4926240000000  0.5728990000000 1.0
C      1  0.5073760000000  0.4271010000000  0.5325420000000 1.0
C      1  0.4926240000000  0.4271010000000  0.4674580000000 1.0
C      1  0.5073760000000  0.5728990000000  0.4674580000000 1.0
C      1  0.4271010000000  0.5325420000000  0.5073760000000 1.0
C      1  0.5728990000000  0.5325420000000  0.4926240000000 1.0
C      1  0.4271010000000  0.4674580000000  0.4926240000000 1.0
C      1  0.4126920000000  0.5172060000000  0.5163420000000 1.0
C      1  0.5172060000000  0.5163420000000  0.4126920000000 1.0
C      1  0.5163420000000  0.4126920000000  0.5172060000000 1.0
C      1  0.5873080000000  0.4827940000000  0.5163420000000 1.0
C      1  0.4126920000000  0.4827940000000  0.4836580000000 1.0
C      1  0.5873080000000  0.5172060000000  0.4836580000000 1.0
C      1  0.4827940000000  0.4836580000000  0.4126920000000 1.0
C      1  0.5172060000000  0.4836580000000  0.5873080000000 1.0
C      1  0.4827940000000  0.5163420000000  0.5873080000000 1.0
C      1  0.4836580000000  0.5873080000000  0.5172060000000 1.0
C      1  0.5163420000000  0.5873080000000  0.4827940000000 1.0
C      1  0.4836580000000  0.4126920000000  0.4827940000000 1.0
C      1  0.4126920000000  0.5172060000000  0.4836580000000 1.0
C      1  0.5172060000000  0.5163420000000  0.5873080000000 1.0
C      1  0.5163420000000  0.4126920000000  0.4827940000000 1.0
C      1  0.5873080000000  0.4827940000000  0.4836580000000 1.0
C      1  0.4126920000000  0.4827940000000  0.5163420000000 1.0
C      1  0.5873080000000  0.5172060000000  0.5163420000000 1.0
C      1  0.4827940000000  0.4836580000000  0.5873080000000 1.0
C      1  0.5172060000000  0.4836580000000  0.4126920000000 1.0
C      1  0.4827940000000  0.5163420000000  0.4126920000000 1.0
C      1  0.4836580000000  0.5873080000000  0.4827940000000 1.0
C      1  0.5163420000000  0.5873080000000  0.5172060000000 1.0
C      1  0.4836580000000  0.4126920000000  0.5172060000000 1.0
C      1  0.5347390000000  0.5464330000000  0.5082660000000 1.0
C      1  0.5464330000000  0.5082660000000  0.5347390000000 1.0
C      1  0.5082660000000  0.5347390000000  0.5464330000000 1.0
C      1  0.4652610000000  0.4535670000000  0.5082660000000 1.0
C      1  0.5347390000000  0.4535670000000  0.4917340000000 1.0
C      1  0.4652610000000  0.5464330000000  0.4917340000000 1.0
C      1  0.4535670000000  0.4917340000000  0.5347390000000 1.0
C      1  0.5464330000000  0.4917340000000  0.4652610000000 1.0
C      1  0.4535670000000  0.5082660000000  0.4652610000000 1.0
C      1  0.4917340000000  0.4652610000000  0.5464330000000 1.0
C      1  0.5082660000000  0.4652610000000  0.4535670000000 1.0
C      1  0.4917340000000  0.5347390000000  0.4535670000000 1.0
C      1  0.5347390000000  0.5464330000000  0.4917340000000 1.0
C      1  0.5464330000000  0.5082660000000  0.4652610000000 1.0
C      1  0.5082660000000  0.5347390000000  0.4535670000000 1.0
C      1  0.4652610000000  0.4535670000000  0.4917340000000 1.0
C      1  0.5347390000000  0.4535670000000  0.5082660000000 1.0
C      1  0.4652610000000  0.5464330000000  0.5082660000000 1.0
C      1  0.4535670000000  0.4917340000000  0.4652610000000 1.0
C      1  0.5464330000000  0.4917340000000  0.5347390000000 1.0
C      1  0.4535670000000  0.5082660000000  0.5347390000000 1.0
C      1  0.4917340000000  0.4652610000000  0.4535670000000 1.0
C      1  0.5082660000000  0.4652610000000  0.5464330000000 1.0
C      1  0.4917340000000  0.5347390000000  0.5464330000000 1.0
C      1  0.4509180000000  0.5640170000000  0.4530590000000 1.0
C      1  0.5640170000000  0.4530590000000  0.4509180000000 1.0
C      1  0.4530590000000  0.4509180000000  0.5640170000000 1.0
C      1  0.5490820000000  0.4359830000000  0.4530590000000 1.0
C      1  0.4509180000000  0.4359830000000  0.5469410000000 1.0
C      1  0.5490820000000  0.5640170000000  0.5469410000000 1.0
C      1  0.4359830000000  0.5469410000000  0.4509180000000 1.0
C      1  0.5640170000000  0.5469410000000  0.5490820000000 1.0
C      1  0.4359830000000  0.4530590000000  0.5490820000000 1.0
C      1  0.5469410000000  0.5490820000000  0.5640170000000 1.0
C      1  0.4530590000000  0.5490820000000  0.4359830000000 1.0
C      1  0.5469410000000  0.4509180000000  0.4359830000000 1.0
C      1  0.4509180000000  0.5640170000000  0.5469410000000 1.0
C      1  0.5640170000000  0.4530590000000  0.5490820000000 1.0
C      1  0.4530590000000  0.4509180000000  0.4359830000000 1.0
C      1  0.5490820000000  0.4359830000000  0.5469410000000 1.0
C      1  0.4509180000000  0.4359830000000  0.4530590000000 1.0
C      1  0.5490820000000  0.5640170000000  0.4530590000000 1.0
C      1  0.4359830000000  0.5469410000000  0.5490820000000 1.0
C      1  0.5640170000000  0.5469410000000  0.4509180000000 1.0
C      1  0.4359830000000  0.4530590000000  0.4509180000000 1.0
C      1  0.5469410000000  0.5490820000000  0.4359830000000 1.0
C      1  0.4530590000000  0.5490820000000  0.5640170000000 1.0
C      1  0.5469410000000  0.4509180000000  0.5640170000000 1.0
C      1  0.4670810000000  0.5226610000000  0.5138130000000 1.0
C      1  0.5226610000000  0.5138130000000  0.4670810000000 1.0
C      1  0.5138130000000  0.4670810000000  0.5226610000000 1.0
C      1  0.5329190000000  0.4773390000000  0.5138130000000 1.0
C      1  0.4670810000000  0.4773390000000  0.4861870000000 1.0
C      1  0.5329190000000  0.5226610000000  0.4861870000000 1.0
C      1  0.4773390000000  0.4861870000000  0.4670810000000 1.0
C      1  0.5226610000000  0.4861870000000  0.5329190000000 1.0
C      1  0.4773390000000  0.5138130000000  0.5329190000000 1.0
C      1  0.4861870000000  0.5329190000000  0.5226610000000 1.0
C      1  0.5138130000000  0.5329190000000  0.4773390000000 1.0
C      1  0.4861870000000  0.4670810000000  0.4773390000000 1.0
C      1  0.4670810000000  0.5226610000000  0.4861870000000 1.0
C      1  0.5226610000000  0.5138130000000  0.5329190000000 1.0
C      1  0.5138130000000  0.4670810000000  0.4773390000000 1.0
C      1  0.5329190000000  0.4773390000000  0.4861870000000 1.0
C      1  0.4670810000000  0.4773390000000  0.5138130000000 1.0
C      1  0.5329190000000  0.5226610000000  0.5138130000000 1.0
C      1  0.4773390000000  0.4861870000000  0.5329190000000 1.0
C      1  0.5226610000000  0.4861870000000  0.4670810000000 1.0
C      1  0.4773390000000  0.5138130000000  0.4670810000000 1.0
C      1  0.4861870000000  0.5329190000000  0.4773390000000 1.0
C      1  0.5138130000000  0.5329190000000  0.5226610000000 1.0
C      1  0.4861870000000  0.4670810000000  0.5226610000000 1.0
C      1  0.4926860000000  0.5074170000000  0.5948430000000 1.0
C      1  0.5074170000000  0.5948430000000  0.4926860000000 1.0
C      1  0.5948430000000  0.4926860000000  0.5074170000000 1.0
C      1  0.5073140000000  0.4925830000000  0.5948430000000 1.0
C      1  0.4926860000000  0.4925830000000  0.4051570000000 1.0
C      1  0.5073140000000  0.5074170000000  0.4051570000000 1.0
C      1  0.4925830000000  0.4051570000000  0.4926860000000 1.0
C      1  0.5074170000000  0.4051570000000  0.5073140000000 1.0
C      1  0.4925830000000  0.5948430000000  0.5073140000000 1.0
C      1  0.4051570000000  0.5073140000000  0.5074170000000 1.0
C      1  0.5948430000000  0.5073140000000  0.4925830000000 1.0
C      1  0.4051570000000  0.4926860000000  0.4925830000000 1.0
C      1  0.4926860000000  0.5074170000000  0.4051570000000 1.0
C      1  0.5074170000000  0.5948430000000  0.5073140000000 1.0
C      1  0.5948430000000  0.4926860000000  0.4925830000000 1.0
C      1  0.5073140000000  0.4925830000000  0.4051570000000 1.0
C      1  0.4926860000000  0.4925830000000  0.5948430000000 1.0
C      1  0.5073140000000  0.5074170000000  0.5948430000000 1.0
C      1  0.4925830000000  0.4051570000000  0.5073140000000 1.0
C      1  0.5074170000000  0.4051570000000  0.4926860000000 1.0
C      1  0.4925830000000  0.5948430000000  0.4926860000000 1.0
C      1  0.4051570000000  0.5073140000000  0.4925830000000 1.0
C      1  0.5948430000000  0.5073140000000  0.5074170000000 1.0
C      1  0.4051570000000  0.4926860000000  0.5074170000000 1.0
C      1  0.4921890000000  0.5307080000000  0.5615760000000 1.0
C      1  0.5307080000000  0.5615760000000  0.4921890000000 1.0
C      1  0.5615760000000  0.4921890000000  0.5307080000000 1.0
C      1  0.5078110000000  0.4692920000000  0.5615760000000 1.0
C      1  0.4921890000000  0.4692920000000  0.4384240000000 1.0
C      1  0.5078110000000  0.5307080000000  0.4384240000000 1.0
C      1  0.4692920000000  0.4384240000000  0.4921890000000 1.0
C      1  0.5307080000000  0.4384240000000  0.5078110000000 1.0
C      1  0.4692920000000  0.5615760000000  0.5078110000000 1.0
C      1  0.4384240000000  0.5078110000000  0.5307080000000 1.0
C      1  0.5615760000000  0.5078110000000  0.4692920000000 1.0
C      1  0.4384240000000  0.4921890000000  0.4692920000000 1.0
C      1  0.4921890000000  0.5307080000000  0.4384240000000 1.0
C      1  0.5307080000000  0.5615760000000  0.5078110000000 1.0
C      1  0.5615760000000  0.4921890000000  0.4692920000000 1.0
C      1  0.5078110000000  0.4692920000000  0.4384240000000 1.0
C      1  0.4921890000000  0.4692920000000  0.5615760000000 1.0
C      1  0.5078110000000  0.5307080000000  0.5615760000000 1.0
C      1  0.4692920000000  0.4384240000000  0.5078110000000 1.0
C      1  0.5307080000000  0.4384240000000  0.4921890000000 1.0
C      1  0.4692920000000  0.5615760000000  0.4921890000000 1.0
C      1  0.4384240000000  0.5078110000000  0.4692920000000 1.0
C      1  0.5615760000000  0.5078110000000  0.5307080000000 1.0
C      1  0.4384240000000  0.4921890000000  0.5307080000000 1.0
C      1  0.5305180000000  0.5859580000000  0.4856330000000 1.0
C      1  0.5859580000000  0.4856330000000  0.5305180000000 1.0
C      1  0.4856330000000  0.5305180000000  0.5859580000000 1.0
C      1  0.4694820000000  0.4140420000000  0.4856330000000 1.0
C      1  0.5305180000000  0.4140420000000  0.5143670000000 1.0
C      1  0.4694820000000  0.5859580000000  0.5143670000000 1.0
C      1  0.4140420000000  0.5143670000000  0.5305180000000 1.0
C      1  0.5859580000000  0.5143670000000  0.4694820000000 1.0
C      1  0.4140420000000  0.4856330000000  0.4694820000000 1.0
C      1  0.5143670000000  0.4694820000000  0.5859580000000 1.0
C      1  0.4856330000000  0.4694820000000  0.4140420000000 1.0
C      1  0.5143670000000  0.5305180000000  0.4140420000000 1.0
C      1  0.5305180000000  0.5859580000000  0.5143670000000 1.0
C      1  0.5859580000000  0.4856330000000  0.4694820000000 1.0
C      1  0.4856330000000  0.5305180000000  0.4140420000000 1.0
C      1  0.4694820000000  0.4140420000000  0.5143670000000 1.0
C      1  0.5305180000000  0.4140420000000  0.4856330000000 1.0
C      1  0.4694820000000  0.5859580000000  0.4856330000000 1.0
C      1  0.4140420000000  0.5143670000000  0.4694820000000 1.0
C      1  0.5859580000000  0.5143670000000  0.5305180000000 1.0
C      1  0.4140420000000  0.4856330000000  0.5305180000000 1.0
C      1  0.5143670000000  0.4694820000000  0.4140420000000 1.0
C      1  0.4856330000000  0.4694820000000  0.5859580000000 1.0
C      1  0.5143670000000  0.5305180000000  0.5859580000000 1.0
C      1  0.5167060000000  0.4920930000000  0.4268140000000 1.0
C      1  0.4920930000000  0.4268140000000  0.5167060000000 1.0
C      1  0.4268140000000  0.5167060000000  0.4920930000000 1.0
C      1  0.4832940000000  0.5079070000000  0.4268140000000 1.0
C      1  0.5167060000000  0.5079070000000  0.5731860000000 1.0
C      1  0.4832940000000  0.4920930000000  0.5731860000000 1.0
C      1  0.5079070000000  0.5731860000000  0.5167060000000 1.0
C      1  0.4920930000000  0.5731860000000  0.4832940000000 1.0
C      1  0.5079070000000  0.4268140000000  0.4832940000000 1.0
C      1  0.5731860000000  0.4832940000000  0.4920930000000 1.0
C      1  0.4268140000000  0.4832940000000  0.5079070000000 1.0
C      1  0.5731860000000  0.5167060000000  0.5079070000000 1.0
C      1  0.5167060000000  0.4920930000000  0.5731860000000 1.0
C      1  0.4920930000000  0.4268140000000  0.4832940000000 1.0
C      1  0.4268140000000  0.5167060000000  0.5079070000000 1.0
C      1  0.4832940000000  0.5079070000000  0.5731860000000 1.0
C      1  0.5167060000000  0.5079070000000  0.4268140000000 1.0
C      1  0.4832940000000  0.4920930000000  0.4268140000000 1.0
C      1  0.5079070000000  0.5731860000000  0.4832940000000 1.0
C      1  0.4920930000000  0.5731860000000  0.5167060000000 1.0
C      1  0.5079070000000  0.4268140000000  0.5167060000000 1.0
C      1  0.5731860000000  0.4832940000000  0.5079070000000 1.0
C      1  0.4268140000000  0.4832940000000  0.4920930000000 1.0
C      1  0.5731860000000  0.5167060000000  0.4920930000000 1.0
C      1  0.5172210000000  0.4625420000000  0.5725830000000 1.0
C      1  0.4625420000000  0.5725830000000  0.5172210000000 1.0
C      1  0.5725830000000  0.5172210000000  0.4625420000000 1.0
C      1  0.4827790000000  0.5374580000000  0.5725830000000 1.0
C      1  0.5172210000000  0.5374580000000  0.4274170000000 1.0
C      1  0.4827790000000  0.4625420000000  0.4274170000000 1.0
C      1  0.5374580000000  0.4274170000000  0.5172210000000 1.0
C      1  0.4625420000000  0.4274170000000  0.4827790000000 1.0
C      1  0.5374580000000  0.5725830000000  0.4827790000000 1.0
C      1  0.4274170000000  0.4827790000000  0.4625420000000 1.0
C      1  0.5725830000000  0.4827790000000  0.5374580000000 1.0
C      1  0.4274170000000  0.5172210000000  0.5374580000000 1.0
C      1  0.5172210000000  0.4625420000000  0.4274170000000 1.0
C      1  0.4625420000000  0.5725830000000  0.4827790000000 1.0
C      1  0.5725830000000  0.5172210000000  0.5374580000000 1.0
C      1  0.4827790000000  0.5374580000000  0.4274170000000 1.0
C      1  0.5172210000000  0.5374580000000  0.5725830000000 1.0
C      1  0.4827790000000  0.4625420000000  0.5725830000000 1.0
C      1  0.5374580000000  0.4274170000000  0.4827790000000 1.0
C      1  0.4625420000000  0.4274170000000  0.5172210000000 1.0
C      1  0.5374580000000  0.5725830000000  0.5172210000000 1.0
C      1  0.4274170000000  0.4827790000000  0.5374580000000 1.0
C      1  0.5725830000000  0.4827790000000  0.4625420000000 1.0
C      1  0.4274170000000  0.5172210000000  0.4625420000000 1.0
C      1  0.5518460000000  0.4752170000000  0.4249690000000 1.0
C      1  0.4752170000000  0.4249690000000  0.5518460000000 1.0
C      1  0.4249690000000  0.5518460000000  0.4752170000000 1.0
C      1  0.4481540000000  0.5247830000000  0.4249690000000 1.0
C      1  0.5518460000000  0.5247830000000  0.5750310000000 1.0
C      1  0.4481540000000  0.4752170000000  0.5750310000000 1.0
C      1  0.5247830000000  0.5750310000000  0.5518460000000 1.0
C      1  0.4752170000000  0.5750310000000  0.4481540000000 1.0
C      1  0.5247830000000  0.4249690000000  0.4481540000000 1.0
C      1  0.5750310000000  0.4481540000000  0.4752170000000 1.0
C      1  0.4249690000000  0.4481540000000  0.5247830000000 1.0
C      1  0.5750310000000  0.5518460000000  0.5247830000000 1.0
C      1  0.5518460000000  0.4752170000000  0.5750310000000 1.0
C      1  0.4752170000000  0.4249690000000  0.4481540000000 1.0
C      1  0.4249690000000  0.5518460000000  0.5247830000000 1.0
C      1  0.4481540000000  0.5247830000000  0.5750310000000 1.0
C      1  0.5518460000000  0.5247830000000  0.4249690000000 1.0
C      1  0.4481540000000  0.4752170000000  0.4249690000000 1.0
C      1  0.5247830000000  0.5750310000000  0.4481540000000 1.0
C      1  0.4752170000000  0.5750310000000  0.5518460000000 1.0
C      1  0.5247830000000  0.4249690000000  0.5518460000000 1.0
C      1  0.5750310000000  0.4481540000000  0.5247830000000 1.0
C      1  0.4249690000000  0.4481540000000  0.4752170000000 1.0
C      1  0.5750310000000  0.5518460000000  0.4752170000000 1.0
C      1  0.4537060000000  0.5291270000000  0.4500410000000 1.0
C      1  0.5291270000000  0.4500410000000  0.4537060000000 1.0
C      1  0.4500410000000  0.4537060000000  0.5291270000000 1.0
C      1  0.5462940000000  0.4708730000000  0.4500410000000 1.0
C      1  0.4537060000000  0.4708730000000  0.5499590000000 1.0
C      1  0.5462940000000  0.5291270000000  0.5499590000000 1.0
C      1  0.4708730000000  0.5499590000000  0.4537060000000 1.0
C      1  0.5291270000000  0.5499590000000  0.5462940000000 1.0
C      1  0.4708730000000  0.4500410000000  0.5462940000000 1.0
C      1  0.5499590000000  0.5462940000000  0.5291270000000 1.0
