TITL C-1887021-2772-44 3.11210417730233e-06 1000000 -5097.28326549517 0 0 720 (Th) n - 1
REM
REM in /nfs/bkarasulu/CARBON/AIRSS/Generating-Clusters/GAP-ML-2020/Higher-Symm/Selected-Sizes/TryA-Only_Ih-Symm/Larger-Clusters
REM
REM
REM
REM
REM
REM ./C.cell (2cf5181f0f1d4d5b12b972d32ad12063)
REM
REM compiler GCC version 9.2.1 20190827 (Red Hat 9.2.1-1)
REM options -cpp -mtune=generic -march=x86-64 -g -O0 -fpre-include=/usr/include/finclude/math-vector-fortran.h
REM seed -326531140 -550519063 -77711255 459946660 1903505771 1475146514 1028956405 -1890544968 -438504923 1613865268 175402033 818948568 -965052496 -2076186253 1287585165 21355409 -1026096006 -1014848358 1845363318 611614209 323803090 463839921 -2046979431 -1390566049 -1972236070 1613869290 987561785 -443933351 523183438 -120424394 -1668351617 -507302674 1812561932
REM
CELL 1.54180  100.00000  100.00000  100.00000   90.00000   90.00000   90.00000
LATT -1
SFAC C  
C      1  0.5290650000000  0.4492340000000  0.5396020000000 1.0
C      1  0.4492340000000  0.5396020000000  0.5290650000000 1.0
C      1  0.5396020000000  0.5290650000000  0.4492340000000 1.0
C      1  0.4709350000000  0.5507660000000  0.5396020000000 1.0
C      1  0.5290650000000  0.5507660000000  0.4603980000000 1.0
C      1  0.4709350000000  0.4492340000000  0.4603980000000 1.0
C      1  0.5507660000000  0.4603980000000  0.5290650000000 1.0
C      1  0.4492340000000  0.4603980000000  0.4709350000000 1.0
C      1  0.5507660000000  0.5396020000000  0.4709350000000 1.0
C      1  0.4603980000000  0.4709350000000  0.4492340000000 1.0
C      1  0.5396020000000  0.4709350000000  0.5507660000000 1.0
C      1  0.4603980000000  0.5290650000000  0.5507660000000 1.0
C      1  0.5290650000000  0.4492340000000  0.4603980000000 1.0
C      1  0.4492340000000  0.5396020000000  0.4709350000000 1.0
C      1  0.5396020000000  0.5290650000000  0.5507660000000 1.0
C      1  0.4709350000000  0.5507660000000  0.4603980000000 1.0
C      1  0.5290650000000  0.5507660000000  0.5396020000000 1.0
C      1  0.4709350000000  0.4492340000000  0.5396020000000 1.0
C      1  0.5507660000000  0.4603980000000  0.4709350000000 1.0
C      1  0.4492340000000  0.4603980000000  0.5290650000000 1.0
C      1  0.5507660000000  0.5396020000000  0.5290650000000 1.0
C      1  0.4603980000000  0.4709350000000  0.5507660000000 1.0
C      1  0.5396020000000  0.4709350000000  0.4492340000000 1.0
C      1  0.4603980000000  0.5290650000000  0.4492340000000 1.0
C      1  0.5358820000000  0.4734140000000  0.4841830000000 1.0
C      1  0.4734140000000  0.4841830000000  0.5358820000000 1.0
C      1  0.4841830000000  0.5358820000000  0.4734140000000 1.0
C      1  0.4641180000000  0.5265860000000  0.4841830000000 1.0
C      1  0.5358820000000  0.5265860000000  0.5158170000000 1.0
C      1  0.4641180000000  0.4734140000000  0.5158170000000 1.0
C      1  0.5265860000000  0.5158170000000  0.5358820000000 1.0
C      1  0.4734140000000  0.5158170000000  0.4641180000000 1.0
C      1  0.5265860000000  0.4841830000000  0.4641180000000 1.0
C      1  0.5158170000000  0.4641180000000  0.4734140000000 1.0
C      1  0.4841830000000  0.4641180000000  0.5265860000000 1.0
C      1  0.5158170000000  0.5358820000000  0.5265860000000 1.0
C      1  0.5358820000000  0.4734140000000  0.5158170000000 1.0
C      1  0.4734140000000  0.4841830000000  0.4641180000000 1.0
C      1  0.4841830000000  0.5358820000000  0.5265860000000 1.0
C      1  0.4641180000000  0.5265860000000  0.5158170000000 1.0
C      1  0.5358820000000  0.5265860000000  0.4841830000000 1.0
C      1  0.4641180000000  0.4734140000000  0.4841830000000 1.0
C      1  0.5265860000000  0.5158170000000  0.4641180000000 1.0
C      1  0.4734140000000  0.5158170000000  0.5358820000000 1.0
C      1  0.5265860000000  0.4841830000000  0.5358820000000 1.0
C      1  0.5158170000000  0.4641180000000  0.5265860000000 1.0
C      1  0.4841830000000  0.4641180000000  0.4734140000000 1.0
C      1  0.5158170000000  0.5358820000000  0.4734140000000 1.0
C      1  0.4518680000000  0.4707150000000  0.4922970000000 1.0
C      1  0.4707150000000  0.4922970000000  0.4518680000000 1.0
C      1  0.4922970000000  0.4518680000000  0.4707150000000 1.0
C      1  0.5481320000000  0.5292850000000  0.4922970000000 1.0
C      1  0.4518680000000  0.5292850000000  0.5077030000000 1.0
C      1  0.5481320000000  0.4707150000000  0.5077030000000 1.0
C      1  0.5292850000000  0.5077030000000  0.4518680000000 1.0
C      1  0.4707150000000  0.5077030000000  0.5481320000000 1.0
C      1  0.5292850000000  0.4922970000000  0.5481320000000 1.0
C      1  0.5077030000000  0.5481320000000  0.4707150000000 1.0
C      1  0.4922970000000  0.5481320000000  0.5292850000000 1.0
C      1  0.5077030000000  0.4518680000000  0.5292850000000 1.0
C      1  0.4518680000000  0.4707150000000  0.5077030000000 1.0
C      1  0.4707150000000  0.4922970000000  0.5481320000000 1.0
C      1  0.4922970000000  0.4518680000000  0.5292850000000 1.0
C      1  0.5481320000000  0.5292850000000  0.5077030000000 1.0
C      1  0.4518680000000  0.5292850000000  0.4922970000000 1.0
C      1  0.5481320000000  0.4707150000000  0.4922970000000 1.0
C      1  0.5292850000000  0.5077030000000  0.5481320000000 1.0
C      1  0.4707150000000  0.5077030000000  0.4518680000000 1.0
C      1  0.5292850000000  0.4922970000000  0.4518680000000 1.0
C      1  0.5077030000000  0.5481320000000  0.5292850000000 1.0
C      1  0.4922970000000  0.5481320000000  0.4707150000000 1.0
C      1  0.5077030000000  0.4518680000000  0.4707150000000 1.0
C      1  0.4559440000000  0.4930180000000  0.5118110000000 1.0
C      1  0.4930180000000  0.5118110000000  0.4559440000000 1.0
C      1  0.5118110000000  0.4559440000000  0.4930180000000 1.0
C      1  0.5440560000000  0.5069820000000  0.5118110000000 1.0
C      1  0.4559440000000  0.5069820000000  0.4881890000000 1.0
C      1  0.5440560000000  0.4930180000000  0.4881890000000 1.0
C      1  0.5069820000000  0.4881890000000  0.4559440000000 1.0
C      1  0.4930180000000  0.4881890000000  0.5440560000000 1.0
C      1  0.5069820000000  0.5118110000000  0.5440560000000 1.0
C      1  0.4881890000000  0.5440560000000  0.4930180000000 1.0
C      1  0.5118110000000  0.5440560000000  0.5069820000000 1.0
C      1  0.4881890000000  0.4559440000000  0.5069820000000 1.0
C      1  0.4559440000000  0.4930180000000  0.4881890000000 1.0
C      1  0.4930180000000  0.5118110000000  0.5440560000000 1.0
C      1  0.5118110000000  0.4559440000000  0.5069820000000 1.0
C      1  0.5440560000000  0.5069820000000  0.4881890000000 1.0
C      1  0.4559440000000  0.5069820000000  0.5118110000000 1.0
C      1  0.5440560000000  0.4930180000000  0.5118110000000 1.0
C      1  0.5069820000000  0.4881890000000  0.5440560000000 1.0
C      1  0.4930180000000  0.4881890000000  0.4559440000000 1.0
C      1  0.5069820000000  0.5118110000000  0.4559440000000 1.0
C      1  0.4881890000000  0.5440560000000  0.5069820000000 1.0
C      1  0.5118110000000  0.5440560000000  0.4930180000000 1.0
C      1  0.4881890000000  0.4559440000000  0.4930180000000 1.0
C      1  0.5770050000000  0.4476540000000  0.4783000000000 1.0
C      1  0.4476540000000  0.4783000000000  0.5770050000000 1.0
C      1  0.4783000000000  0.5770050000000  0.4476540000000 1.0
C      1  0.4229950000000  0.5523460000000  0.4783000000000 1.0
C      1  0.5770050000000  0.5523460000000  0.5217000000000 1.0
C      1  0.4229950000000  0.4476540000000  0.5217000000000 1.0
C      1  0.5523460000000  0.5217000000000  0.5770050000000 1.0
C      1  0.4476540000000  0.5217000000000  0.4229950000000 1.0
C      1  0.5523460000000  0.4783000000000  0.4229950000000 1.0
C      1  0.5217000000000  0.4229950000000  0.4476540000000 1.0
C      1  0.4783000000000  0.4229950000000  0.5523460000000 1.0
C      1  0.5217000000000  0.5770050000000  0.5523460000000 1.0
C      1  0.5770050000000  0.4476540000000  0.5217000000000 1.0
C      1  0.4476540000000  0.4783000000000  0.4229950000000 1.0
C      1  0.4783000000000  0.5770050000000  0.5523460000000 1.0
C      1  0.4229950000000  0.5523460000000  0.5217000000000 1.0
C      1  0.5770050000000  0.5523460000000  0.4783000000000 1.0
C      1  0.4229950000000  0.4476540000000  0.4783000000000 1.0
C      1  0.5523460000000  0.5217000000000  0.4229950000000 1.0
C      1  0.4476540000000  0.5217000000000  0.5770050000000 1.0
C      1  0.5523460000000  0.4783000000000  0.5770050000000 1.0
C      1  0.5217000000000  0.4229950000000  0.5523460000000 1.0
C      1  0.4783000000000  0.4229950000000  0.4476540000000 1.0
C      1  0.5217000000000  0.5770050000000  0.4476540000000 1.0
C      1  0.4501510000000  0.5842120000000  0.5171280000000 1.0
C      1  0.5842120000000  0.5171280000000  0.4501510000000 1.0
C      1  0.5171280000000  0.4501510000000  0.5842120000000 1.0
C      1  0.5498490000000  0.4157880000000  0.5171280000000 1.0
C      1  0.4501510000000  0.4157880000000  0.4828720000000 1.0
C      1  0.5498490000000  0.5842120000000  0.4828720000000 1.0
C      1  0.4157880000000  0.4828720000000  0.4501510000000 1.0
C      1  0.5842120000000  0.4828720000000  0.5498490000000 1.0
C      1  0.4157880000000  0.5171280000000  0.5498490000000 1.0
C      1  0.4828720000000  0.5498490000000  0.5842120000000 1.0
C      1  0.5171280000000  0.5498490000000  0.4157880000000 1.0
C      1  0.4828720000000  0.4501510000000  0.4157880000000 1.0
C      1  0.4501510000000  0.5842120000000  0.4828720000000 1.0
C      1  0.5842120000000  0.5171280000000  0.5498490000000 1.0
C      1  0.5171280000000  0.4501510000000  0.4157880000000 1.0
C      1  0.5498490000000  0.4157880000000  0.4828720000000 1.0
C      1  0.4501510000000  0.4157880000000  0.5171280000000 1.0
C      1  0.5498490000000  0.5842120000000  0.5171280000000 1.0
C      1  0.4157880000000  0.4828720000000  0.5498490000000 1.0
C      1  0.5842120000000  0.4828720000000  0.4501510000000 1.0
C      1  0.4157880000000  0.5171280000000  0.4501510000000 1.0
C      1  0.4828720000000  0.5498490000000  0.4157880000000 1.0
C      1  0.5171280000000  0.5498490000000  0.5842120000000 1.0
C      1  0.4828720000000  0.4501510000000  0.5842120000000 1.0
C      1  0.4517730000000  0.5274960000000  0.4617640000000 1.0
C      1  0.5274960000000  0.4617640000000  0.4517730000000 1.0
C      1  0.4617640000000  0.4517730000000  0.5274960000000 1.0
C      1  0.5482270000000  0.4725040000000  0.4617640000000 1.0
C      1  0.4517730000000  0.4725040000000  0.5382360000000 1.0
C      1  0.5482270000000  0.5274960000000  0.5382360000000 1.0
C      1  0.4725040000000  0.5382360000000  0.4517730000000 1.0
C      1  0.5274960000000  0.5382360000000  0.5482270000000 1.0
C      1  0.4725040000000  0.4617640000000  0.5482270000000 1.0
C      1  0.5382360000000  0.5482270000000  0.5274960000000 1.0
C      1  0.4617640000000  0.5482270000000  0.4725040000000 1.0
C      1  0.5382360000000  0.4517730000000  0.4725040000000 1.0
C      1  0.4517730000000  0.5274960000000  0.5382360000000 1.0
C      1  0.5274960000000  0.4617640000000  0.5482270000000 1.0
C      1  0.4617640000000  0.4517730000000  0.4725040000000 1.0
C      1  0.5482270000000  0.4725040000000  0.5382360000000 1.0
C      1  0.4517730000000  0.4725040000000  0.4617640000000 1.0
C      1  0.5482270000000  0.5274960000000  0.4617640000000 1.0
C      1  0.4725040000000  0.5382360000000  0.5482270000000 1.0
C      1  0.5274960000000  0.5382360000000  0.4517730000000 1.0
C      1  0.4725040000000  0.4617640000000  0.4517730000000 1.0
C      1  0.5382360000000  0.5482270000000  0.4725040000000 1.0
C      1  0.4617640000000  0.5482270000000  0.5274960000000 1.0
C      1  0.5382360000000  0.4517730000000  0.5274960000000 1.0
C      1  0.5918990000000  0.4927630000000  0.4723410000000 1.0
C      1  0.4927630000000  0.4723410000000  0.5918990000000 1.0
C      1  0.4723410000000  0.5918990000000  0.4927630000000 1.0
C      1  0.4081010000000  0.5072370000000  0.4723410000000 1.0
C      1  0.5918990000000  0.5072370000000  0.5276590000000 1.0
C      1  0.4081010000000  0.4927630000000  0.5276590000000 1.0
C      1  0.5072370000000  0.5276590000000  0.5918990000000 1.0
C      1  0.4927630000000  0.5276590000000  0.4081010000000 1.0
C      1  0.5072370000000  0.4723410000000  0.4081010000000 1.0
C      1  0.5276590000000  0.4081010000000  0.4927630000000 1.0
C      1  0.4723410000000  0.4081010000000  0.5072370000000 1.0
C      1  0.5276590000000  0.5918990000000  0.5072370000000 1.0
C      1  0.5918990000000  0.4927630000000  0.5276590000000 1.0
C      1  0.4927630000000  0.4723410000000  0.4081010000000 1.0
C      1  0.4723410000000  0.5918990000000  0.5072370000000 1.0
C      1  0.4081010000000  0.5072370000000  0.5276590000000 1.0
C      1  0.5918990000000  0.5072370000000  0.4723410000000 1.0
C      1  0.4081010000000  0.4927630000000  0.4723410000000 1.0
C      1  0.5072370000000  0.5276590000000  0.4081010000000 1.0
C      1  0.4927630000000  0.5276590000000  0.5918990000000 1.0
C      1  0.5072370000000  0.4723410000000  0.5918990000000 1.0
C      1  0.5276590000000  0.4081010000000  0.5072370000000 1.0
C      1  0.4723410000000  0.4081010000000  0.4927630000000 1.0
C      1  0.5276590000000  0.5918990000000  0.4927630000000 1.0
C      1  0.5192920000000  0.4707160000000  0.5391590000000 1.0
C      1  0.4707160000000  0.5391590000000  0.5192920000000 1.0
C      1  0.5391590000000  0.5192920000000  0.4707160000000 1.0
C      1  0.4807080000000  0.5292840000000  0.5391590000000 1.0
C      1  0.5192920000000  0.5292840000000  0.4608410000000 1.0
C      1  0.4807080000000  0.4707160000000  0.4608410000000 1.0
C      1  0.5292840000000  0.4608410000000  0.5192920000000 1.0
C      1  0.4707160000000  0.4608410000000  0.4807080000000 1.0
C      1  0.5292840000000  0.5391590000000  0.4807080000000 1.0
C      1  0.4608410000000  0.4807080000000  0.4707160000000 1.0
C      1  0.5391590000000  0.4807080000000  0.5292840000000 1.0
C      1  0.4608410000000  0.5192920000000  0.5292840000000 1.0
C      1  0.5192920000000  0.4707160000000  0.4608410000000 1.0
C      1  0.4707160000000  0.5391590000000  0.4807080000000 1.0
C      1  0.5391590000000  0.5192920000000  0.5292840000000 1.0
C      1  0.4807080000000  0.5292840000000  0.4608410000000 1.0
C      1  0.5192920000000  0.5292840000000  0.5391590000000 1.0
C      1  0.4807080000000  0.4707160000000  0.5391590000000 1.0
C      1  0.5292840000000  0.4608410000000  0.4807080000000 1.0
C      1  0.4707160000000  0.4608410000000  0.5192920000000 1.0
C      1  0.5292840000000  0.5391590000000  0.5192920000000 1.0
C      1  0.4608410000000  0.4807080000000  0.5292840000000 1.0
C      1  0.5391590000000  0.4807080000000  0.4707160000000 1.0
C      1  0.4608410000000  0.5192920000000  0.4707160000000 1.0
C      1  0.4808730000000  0.5071900000000  0.5120580000000 1.0
C      1  0.5071900000000  0.5120580000000  0.4808730000000 1.0
C      1  0.5120580000000  0.4808730000000  0.5071900000000 1.0
C      1  0.5191270000000  0.4928100000000  0.5120580000000 1.0
C      1  0.4808730000000  0.4928100000000  0.4879420000000 1.0
C      1  0.5191270000000  0.5071900000000  0.4879420000000 1.0
C      1  0.4928100000000  0.4879420000000  0.4808730000000 1.0
C      1  0.5071900000000  0.4879420000000  0.5191270000000 1.0
C      1  0.4928100000000  0.5120580000000  0.5191270000000 1.0
C      1  0.4879420000000  0.5191270000000  0.5071900000000 1.0
C      1  0.5120580000000  0.5191270000000  0.4928100000000 1.0
C      1  0.4879420000000  0.4808730000000  0.4928100000000 1.0
C      1  0.4808730000000  0.5071900000000  0.4879420000000 1.0
C      1  0.5071900000000  0.5120580000000  0.5191270000000 1.0
C      1  0.5120580000000  0.4808730000000  0.4928100000000 1.0
C      1  0.5191270000000  0.4928100000000  0.4879420000000 1.0
C      1  0.4808730000000  0.4928100000000  0.5120580000000 1.0
C      1  0.5191270000000  0.5071900000000  0.5120580000000 1.0
C      1  0.4928100000000  0.4879420000000  0.5191270000000 1.0
C      1  0.5071900000000  0.4879420000000  0.4808730000000 1.0
C      1  0.4928100000000  0.5120580000000  0.4808730000000 1.0
C      1  0.4879420000000  0.5191270000000  0.4928100000000 1.0
C      1  0.5120580000000  0.5191270000000  0.5071900000000 1.0
C      1  0.4879420000000  0.4808730000000  0.5071900000000 1.0
C      1  0.4193130000000  0.5407120000000  0.5279520000000 1.0
C      1  0.5407120000000  0.5279520000000  0.4193130000000 1.0
C      1  0.5279520000000  0.4193130000000  0.5407120000000 1.0
C      1  0.5806870000000  0.4592880000000  0.5279520000000 1.0
C      1  0.4193130000000  0.4592880000000  0.4720480000000 1.0
C      1  0.5806870000000  0.5407120000000  0.4720480000000 1.0
C      1  0.4592880000000  0.4720480000000  0.4193130000000 1.0
C      1  0.5407120000000  0.4720480000000  0.5806870000000 1.0
C      1  0.4592880000000  0.5279520000000  0.5806870000000 1.0
C      1  0.4720480000000  0.5806870000000  0.5407120000000 1.0
C      1  0.5279520000000  0.5806870000000  0.4592880000000 1.0
C      1  0.4720480000000  0.4193130000000  0.4592880000000 1.0
C      1  0.4193130000000  0.5407120000000  0.4720480000000 1.0
C      1  0.5407120000000  0.5279520000000  0.5806870000000 1.0
C      1  0.5279520000000  0.4193130000000  0.4592880000000 1.0
C      1  0.5806870000000  0.4592880000000  0.4720480000000 1.0
C      1  0.4193130000000  0.4592880000000  0.5279520000000 1.0
C      1  0.5806870000000  0.5407120000000  0.5279520000000 1.0
C      1  0.4592880000000  0.4720480000000  0.5806870000000 1.0
C      1  0.5407120000000  0.4720480000000  0.4193130000000 1.0
C      1  0.4592880000000  0.5279520000000  0.4193130000000 1.0
C      1  0.4720480000000  0.5806870000000  0.4592880000000 1.0
C      1  0.5279520000000  0.5806870000000  0.5407120000000 1.0
C      1  0.4720480000000  0.4193130000000  0.5407120000000 1.0
C      1  0.5894570000000  0.5075270000000  0.4575220000000 1.0
C      1  0.5075270000000  0.4575220000000  0.5894570000000 1.0
C      1  0.4575220000000  0.5894570000000  0.5075270000000 1.0
C      1  0.4105430000000  0.4924730000000  0.4575220000000 1.0
C      1  0.5894570000000  0.4924730000000  0.5424780000000 1.0
C      1  0.4105430000000  0.5075270000000  0.5424780000000 1.0
C      1  0.4924730000000  0.5424780000000  0.5894570000000 1.0
C      1  0.5075270000000  0.5424780000000  0.4105430000000 1.0
C      1  0.4924730000000  0.4575220000000  0.4105430000000 1.0
C      1  0.5424780000000  0.4105430000000  0.5075270000000 1.0
C      1  0.4575220000000  0.4105430000000  0.4924730000000 1.0
C      1  0.5424780000000  0.5894570000000  0.4924730000000 1.0
C      1  0.5894570000000  0.5075270000000  0.5424780000000 1.0
C      1  0.5075270000000  0.4575220000000  0.4105430000000 1.0
C      1  0.4575220000000  0.5894570000000  0.4924730000000 1.0
C      1  0.4105430000000  0.4924730000000  0.5424780000000 1.0
C      1  0.5894570000000  0.4924730000000  0.4575220000000 1.0
C      1  0.4105430000000  0.5075270000000  0.4575220000000 1.0
C      1  0.4924730000000  0.5424780000000  0.4105430000000 1.0
C      1  0.5075270000000  0.5424780000000  0.5894570000000 1.0
C      1  0.4924730000000  0.4575220000000  0.5894570000000 1.0
C      1  0.5424780000000  0.4105430000000  0.4924730000000 1.0
C      1  0.4575220000000  0.4105430000000  0.5075270000000 1.0
C      1  0.5424780000000  0.5894570000000  0.5075270000000 1.0
C      1  0.4378440000000  0.5082820000000  0.5289780000000 1.0
C      1  0.5082820000000  0.5289780000000  0.4378440000000 1.0
C      1  0.5289780000000  0.4378440000000  0.5082820000000 1.0
C      1  0.5621560000000  0.4917180000000  0.5289780000000 1.0
C      1  0.4378440000000  0.4917180000000  0.4710220000000 1.0
C      1  0.5621560000000  0.5082820000000  0.4710220000000 1.0
C      1  0.4917180000000  0.4710220000000  0.4378440000000 1.0
C      1  0.5082820000000  0.4710220000000  0.5621560000000 1.0
C      1  0.4917180000000  0.5289780000000  0.5621560000000 1.0
C      1  0.4710220000000  0.5621560000000  0.5082820000000 1.0
C      1  0.5289780000000  0.5621560000000  0.4917180000000 1.0
C      1  0.4710220000000  0.4378440000000  0.4917180000000 1.0
C      1  0.4378440000000  0.5082820000000  0.4710220000000 1.0
C      1  0.5082820000000  0.5289780000000  0.5621560000000 1.0
C      1  0.5289780000000  0.4378440000000  0.4917180000000 1.0
C      1  0.5621560000000  0.4917180000000  0.4710220000000 1.0
C      1  0.4378440000000  0.4917180000000  0.5289780000000 1.0
C      1  0.5621560000000  0.5082820000000  0.5289780000000 1.0
C      1  0.4917180000000  0.4710220000000  0.5621560000000 1.0
C      1  0.5082820000000  0.4710220000000  0.4378440000000 1.0
C      1  0.4917180000000  0.5289780000000  0.4378440000000 1.0
C      1  0.4710220000000  0.5621560000000  0.4917180000000 1.0
C      1  0.5289780000000  0.5621560000000  0.5082820000000 1.0
C      1  0.4710220000000  0.4378440000000  0.5082820000000 1.0
C      1  0.4833190000000  0.4580810000000  0.5601120000000 1.0
C      1  0.4580810000000  0.5601120000000  0.4833190000000 1.0
C      1  0.5601120000000  0.4833190000000  0.4580810000000 1.0
C      1  0.5166810000000  0.5419190000000  0.5601120000000 1.0
C      1  0.4833190000000  0.5419190000000  0.4398880000000 1.0
C      1  0.5166810000000  0.4580810000000  0.4398880000000 1.0
C      1  0.5419190000000  0.4398880000000  0.4833190000000 1.0
C      1  0.4580810000000  0.4398880000000  0.5166810000000 1.0
C      1  0.5419190000000  0.5601120000000  0.5166810000000 1.0
C      1  0.4398880000000  0.5166810000000  0.4580810000000 1.0
C      1  0.5601120000000  0.5166810000000  0.5419190000000 1.0
C      1  0.4398880000000  0.4833190000000  0.5419190000000 1.0
C      1  0.4833190000000  0.4580810000000  0.4398880000000 1.0
C      1  0.4580810000000  0.5601120000000  0.5166810000000 1.0
C      1  0.5601120000000  0.4833190000000  0.5419190000000 1.0
C      1  0.5166810000000  0.5419190000000  0.4398880000000 1.0
C      1  0.4833190000000  0.5419190000000  0.5601120000000 1.0
C      1  0.5166810000000  0.4580810000000  0.5601120000000 1.0
C      1  0.5419190000000  0.4398880000000  0.5166810000000 1.0
C      1  0.4580810000000  0.4398880000000  0.4833190000000 1.0
C      1  0.5419190000000  0.5601120000000  0.4833190000000 1.0
C      1  0.4398880000000  0.5166810000000  0.5419190000000 1.0
C      1  0.5601120000000  0.5166810000000  0.4580810000000 1.0
C      1  0.4398880000000  0.4833190000000  0.4580810000000 1.0
C      1  0.4383290000000  0.5434510000000  0.5605890000000 1.0
C      1  0.5434510000000  0.5605890000000  0.4383290000000 1.0
C      1  0.5605890000000  0.4383290000000  0.5434510000000 1.0
C      1  0.5616710000000  0.4565490000000  0.5605890000000 1.0
C      1  0.4383290000000  0.4565490000000  0.4394110000000 1.0
C      1  0.5616710000000  0.5434510000000  0.4394110000000 1.0
C      1  0.4565490000000  0.4394110000000  0.4383290000000 1.0
C      1  0.5434510000000  0.4394110000000  0.5616710000000 1.0
C      1  0.4565490000000  0.5605890000000  0.5616710000000 1.0
C      1  0.4394110000000  0.5616710000000  0.5434510000000 1.0
C      1  0.5605890000000  0.5616710000000  0.4565490000000 1.0
C      1  0.4394110000000  0.4383290000000  0.4565490000000 1.0
C      1  0.4383290000000  0.5434510000000  0.4394110000000 1.0
C      1  0.5434510000000  0.5605890000000  0.5616710000000 1.0
C      1  0.5605890000000  0.4383290000000  0.4565490000000 1.0
C      1  0.5616710000000  0.4565490000000  0.4394110000000 1.0
C      1  0.4383290000000  0.4565490000000  0.5605890000000 1.0
C      1  0.5616710000000  0.5434510000000  0.5605890000000 1.0
C      1  0.4565490000000  0.4394110000000  0.5616710000000 1.0
C      1  0.5434510000000  0.4394110000000  0.4383290000000 1.0
C      1  0.4565490000000  0.5605890000000  0.4383290000000 1.0
C      1  0.4394110000000  0.5616710000000  0.4565490000000 1.0
C      1  0.5605890000000  0.5616710000000  0.5434510000000 1.0
C      1  0.4394110000000  0.4383290000000  0.5434510000000 1.0
C      1  0.5308140000000  0.5091380000000  0.5706400000000 1.0
C      1  0.5091380000000  0.5706400000000  0.5308140000000 1.0
C      1  0.5706400000000  0.5308140000000  0.5091380000000 1.0
C      1  0.4691860000000  0.4908620000000  0.5706400000000 1.0
C      1  0.5308140000000  0.4908620000000  0.4293600000000 1.0
C      1  0.4691860000000  0.5091380000000  0.4293600000000 1.0
C      1  0.4908620000000  0.4293600000000  0.5308140000000 1.0
C      1  0.5091380000000  0.4293600000000  0.4691860000000 1.0
C      1  0.4908620000000  0.5706400000000  0.4691860000000 1.0
C      1  0.4293600000000  0.4691860000000  0.5091380000000 1.0
C      1  0.5706400000000  0.4691860000000  0.4908620000000 1.0
C      1  0.4293600000000  0.5308140000000  0.4908620000000 1.0
C      1  0.5308140000000  0.5091380000000  0.4293600000000 1.0
C      1  0.5091380000000  0.5706400000000  0.4691860000000 1.0
C      1  0.5706400000000  0.5308140000000  0.4908620000000 1.0
C      1  0.4691860000000  0.4908620000000  0.4293600000000 1.0
C      1  0.5308140000000  0.4908620000000  0.5706400000000 1.0
C      1  0.4691860000000  0.5091380000000  0.5706400000000 1.0
C      1  0.4908620000000  0.4293600000000  0.4691860000000 1.0
C      1  0.5091380000000  0.4293600000000  0.5308140000000 1.0
C      1  0.4908620000000  0.5706400000000  0.5308140000000 1.0
C      1  0.4293600000000  0.4691860000000  0.4908620000000 1.0
C      1  0.5706400000000  0.4691860000000  0.5091380000000 1.0
C      1  0.4293600000000  0.5308140000000  0.5091380000000 1.0
C      1  0.4403870000000  0.5182820000000  0.4336450000000 1.0
C      1  0.5182820000000  0.4336450000000  0.4403870000000 1.0
C      1  0.4336450000000  0.4403870000000  0.5182820000000 1.0
C      1  0.5596130000000  0.4817180000000  0.4336450000000 1.0
C      1  0.4403870000000  0.4817180000000  0.5663550000000 1.0
C      1  0.5596130000000  0.5182820000000  0.5663550000000 1.0
C      1  0.4817180000000  0.5663550000000  0.4403870000000 1.0
C      1  0.5182820000000  0.5663550000000  0.5596130000000 1.0
C      1  0.4817180000000  0.4336450000000  0.5596130000000 1.0
C      1  0.5663550000000  0.5596130000000  0.5182820000000 1.0
C      1  0.4336450000000  0.5596130000000  0.4817180000000 1.0
C      1  0.5663550000000  0.4403870000000  0.4817180000000 1.0
C      1  0.4403870000000  0.5182820000000  0.5663550000000 1.0
C      1  0.5182820000000  0.4336450000000  0.5596130000000 1.0
C      1  0.4336450000000  0.4403870000000  0.4817180000000 1.0
C      1  0.5596130000000  0.4817180000000  0.5663550000000 1.0
C      1  0.4403870000000  0.4817180000000  0.4336450000000 1.0
C      1  0.5596130000000  0.5182820000000  0.4336450000000 1.0
C      1  0.4817180000000  0.5663550000000  0.5596130000000 1.0
C      1  0.5182820000000  0.5663550000000  0.4403870000000 1.0
C      1  0.4817180000000  0.4336450000000  0.4403870000000 1.0
C      1  0.5663550000000  0.5596130000000  0.4817180000000 1.0
C      1  0.4336450000000  0.5596130000000  0.5182820000000 1.0
C      1  0.5663550000000  0.4403870000000  0.5182820000000 1.0
C      1  0.5174200000000  0.4118560000000  0.5163270000000 1.0
C      1  0.4118560000000  0.5163270000000  0.5174200000000 1.0
C      1  0.5163270000000  0.5174200000000  0.4118560000000 1.0
C      1  0.4825800000000  0.5881440000000  0.5163270000000 1.0
C      1  0.5174200000000  0.5881440000000  0.4836730000000 1.0
C      1  0.4825800000000  0.4118560000000  0.4836730000000 1.0
C      1  0.5881440000000  0.4836730000000  0.5174200000000 1.0
C      1  0.4118560000000  0.4836730000000  0.4825800000000 1.0
C      1  0.5881440000000  0.5163270000000  0.4825800000000 1.0
C      1  0.4836730000000  0.4825800000000  0.4118560000000 1.0
C      1  0.5163270000000  0.4825800000000  0.5881440000000 1.0
C      1  0.4836730000000  0.5174200000000  0.5881440000000 1.0
C      1  0.5174200000000  0.4118560000000  0.4836730000000 1.0
C      1  0.4118560000000  0.5163270000000  0.4825800000000 1.0
C      1  0.5163270000000  0.5174200000000  0.5881440000000 1.0
C      1  0.4825800000000  0.5881440000000  0.4836730000000 1.0
C      1  0.5174200000000  0.5881440000000  0.5163270000000 1.0
C      1  0.4825800000000  0.4118560000000  0.5163270000000 1.0
C      1  0.5881440000000  0.4836730000000  0.4825800000000 1.0
C      1  0.4118560000000  0.4836730000000  0.5174200000000 1.0
C      1  0.5881440000000  0.5163270000000  0.5174200000000 1.0
C      1  0.4836730000000  0.4825800000000  0.5881440000000 1.0
C      1  0.5163270000000  0.4825800000000  0.4118560000000 1.0
C      1  0.4836730000000  0.5174200000000  0.4118560000000 1.0
C      1  0.5139340000000  0.5571280000000  0.5388400000000 1.0
C      1  0.5571280000000  0.5388400000000  0.5139340000000 1.0
C      1  0.5388400000000  0.5139340000000  0.5571280000000 1.0
C      1  0.4860660000000  0.4428720000000  0.5388400000000 1.0
C      1  0.5139340000000  0.4428720000000  0.4611600000000 1.0
C      1  0.4860660000000  0.5571280000000  0.4611600000000 1.0
C      1  0.4428720000000  0.4611600000000  0.5139340000000 1.0
C      1  0.5571280000000  0.4611600000000  0.4860660000000 1.0
C      1  0.4428720000000  0.5388400000000  0.4860660000000 1.0
C      1  0.4611600000000  0.4860660000000  0.5571280000000 1.0
C      1  0.5388400000000  0.4860660000000  0.4428720000000 1.0
C      1  0.4611600000000  0.5139340000000  0.4428720000000 1.0
C      1  0.5139340000000  0.5571280000000  0.4611600000000 1.0
C      1  0.5571280000000  0.5388400000000  0.4860660000000 1.0
C      1  0.5388400000000  0.5139340000000  0.4428720000000 1.0
C      1  0.4860660000000  0.4428720000000  0.4611600000000 1.0
C      1  0.5139340000000  0.4428720000000  0.5388400000000 1.0
C      1  0.4860660000000  0.5571280000000  0.5388400000000 1.0
C      1  0.4428720000000  0.4611600000000  0.4860660000000 1.0
C      1  0.5571280000000  0.4611600000000  0.5139340000000 1.0
C      1  0.4428720000000  0.5388400000000  0.5139340000000 1.0
C      1  0.4611600000000  0.4860660000000  0.4428720000000 1.0
C      1  0.5388400000000  0.4860660000000  0.5571280000000 1.0
C      1  0.4611600000000  0.5139340000000  0.5571280000000 1.0
C      1  0.4736860000000  0.5469780000000  0.4926010000000 1.0
C      1  0.5469780000000  0.4926010000000  0.4736860000000 1.0
C      1  0.4926010000000  0.4736860000000  0.5469780000000 1.0
C      1  0.5263140000000  0.4530220000000  0.4926010000000 1.0
C      1  0.4736860000000  0.4530220000000  0.5073990000000 1.0
C      1  0.5263140000000  0.5469780000000  0.5073990000000 1.0
C      1  0.4530220000000  0.5073990000000  0.4736860000000 1.0
C      1  0.5469780000000  0.5073990000000  0.5263140000000 1.0
C      1  0.4530220000000  0.4926010000000  0.5263140000000 1.0
C      1  0.5073990000000  0.5263140000000  0.5469780000000 1.0
C      1  0.4926010000000  0.5263140000000  0.4530220000000 1.0
C      1  0.5073990000000  0.4736860000000  0.4530220000000 1.0
C      1  0.4736860000000  0.5469780000000  0.5073990000000 1.0
C      1  0.5469780000000  0.4926010000000  0.5263140000000 1.0
C      1  0.4926010000000  0.4736860000000  0.4530220000000 1.0
C      1  0.5263140000000  0.4530220000000  0.5073990000000 1.0
C      1  0.4736860000000  0.4530220000000  0.4926010000000 1.0
C      1  0.5263140000000  0.5469780000000  0.4926010000000 1.0
C      1  0.4530220000000  0.5073990000000  0.5263140000000 1.0
C      1  0.5469780000000  0.5073990000000  0.4736860000000 1.0
C      1  0.4530220000000  0.4926010000000  0.4736860000000 1.0
C      1  0.5073990000000  0.5263140000000  0.4530220000000 1.0
C      1  0.4926010000000  0.5263140000000  0.5469780000000 1.0
C      1  0.5073990000000  0.4736860000000  0.5469780000000 1.0
C      1  0.5181470000000  0.4176450000000  0.4701220000000 1.0
C      1  0.4176450000000  0.4701220000000  0.5181470000000 1.0
C      1  0.4701220000000  0.5181470000000  0.4176450000000 1.0
C      1  0.4818530000000  0.5823550000000  0.4701220000000 1.0
C      1  0.5181470000000  0.5823550000000  0.5298780000000 1.0
C      1  0.4818530000000  0.4176450000000  0.5298780000000 1.0
C      1  0.5823550000000  0.5298780000000  0.5181470000000 1.0
C      1  0.4176450000000  0.5298780000000  0.4818530000000 1.0
C      1  0.5823550000000  0.4701220000000  0.4818530000000 1.0
C      1  0.5298780000000  0.4818530000000  0.4176450000000 1.0
C      1  0.4701220000000  0.4818530000000  0.5823550000000 1.0
C      1  0.5298780000000  0.5181470000000  0.5823550000000 1.0
C      1  0.5181470000000  0.4176450000000  0.5298780000000 1.0
C      1  0.4176450000000  0.4701220000000  0.4818530000000 1.0
C      1  0.4701220000000  0.5181470000000  0.5823550000000 1.0
C      1  0.4818530000000  0.5823550000000  0.5298780000000 1.0
C      1  0.5181470000000  0.5823550000000  0.4701220000000 1.0
C      1  0.4818530000000  0.4176450000000  0.4701220000000 1.0
C      1  0.5823550000000  0.5298780000000  0.4818530000000 1.0
C      1  0.4176450000000  0.5298780000000  0.5181470000000 1.0
C      1  0.5823550000000  0.4701220000000  0.5181470000000 1.0
C      1  0.5298780000000  0.4818530000000  0.5823550000000 1.0
C      1  0.4701220000000  0.4818530000000  0.4176450000000 1.0
C      1  0.5298780000000  0.5181470000000  0.4176450000000 1.0
C      1  0.5077340000000  0.4921500000000  0.4203180000000 1.0
C      1  0.4921500000000  0.4203180000000  0.5077340000000 1.0
C      1  0.4203180000000  0.5077340000000  0.4921500000000 1.0
C      1  0.4922660000000  0.5078500000000  0.4203180000000 1.0
C      1  0.5077340000000  0.5078500000000  0.5796820000000 1.0
C      1  0.4922660000000  0.4921500000000  0.5796820000000 1.0
C      1  0.5078500000000  0.5796820000000  0.5077340000000 1.0
C      1  0.4921500000000  0.5796820000000  0.4922660000000 1.0
C      1  0.5078500000000  0.4203180000000  0.4922660000000 1.0
C      1  0.5796820000000  0.4922660000000  0.4921500000000 1.0
C      1  0.4203180000000  0.4922660000000  0.5078500000000 1.0
C      1  0.5796820000000  0.5077340000000  0.5078500000000 1.0
C      1  0.5077340000000  0.4921500000000  0.5796820000000 1.0
C      1  0.4921500000000  0.4203180000000  0.4922660000000 1.0
C      1  0.4203180000000  0.5077340000000  0.5078500000000 1.0
C      1  0.4922660000000  0.5078500000000  0.5796820000000 1.0
C      1  0.5077340000000  0.5078500000000  0.4203180000000 1.0
C      1  0.4922660000000  0.4921500000000  0.4203180000000 1.0
C      1  0.5078500000000  0.5796820000000  0.4922660000000 1.0
C      1  0.4921500000000  0.5796820000000  0.5077340000000 1.0
C      1  0.5078500000000  0.4203180000000  0.5077340000000 1.0
C      1  0.5796820000000  0.4922660000000  0.5078500000000 1.0
C      1  0.4203180000000  0.4922660000000  0.4921500000000 1.0
C      1  0.5796820000000  0.5077340000000  0.4921500000000 1.0
C      1  0.5495680000000  0.5485830000000  0.4329380000000 1.0
C      1  0.5485830000000  0.4329380000000  0.5495680000000 1.0
C      1  0.4329380000000  0.5495680000000  0.5485830000000 1.0
C      1  0.4504320000000  0.4514170000000  0.4329380000000 1.0
C      1  0.5495680000000  0.4514170000000  0.5670620000000 1.0
C      1  0.4504320000000  0.5485830000000  0.5670620000000 1.0
C      1  0.4514170000000  0.5670620000000  0.5495680000000 1.0
C      1  0.5485830000000  0.5670620000000  0.4504320000000 1.0
C      1  0.4514170000000  0.4329380000000  0.4504320000000 1.0
C      1  0.5670620000000  0.4504320000000  0.5485830000000 1.0
C      1  0.4329380000000  0.4504320000000  0.4514170000000 1.0
C      1  0.5670620000000  0.5495680000000  0.4514170000000 1.0
C      1  0.5495680000000  0.5485830000000  0.5670620000000 1.0
C      1  0.5485830000000  0.4329380000000  0.4504320000000 1.0
C      1  0.4329380000000  0.5495680000000  0.4514170000000 1.0
C      1  0.4504320000000  0.4514170000000  0.5670620000000 1.0
C      1  0.5495680000000  0.4514170000000  0.4329380000000 1.0
C      1  0.4504320000000  0.5485830000000  0.4329380000000 1.0
C      1  0.4514170000000  0.5670620000000  0.4504320000000 1.0
C      1  0.5485830000000  0.5670620000000  0.5495680000000 1.0
C      1  0.4514170000000  0.4329380000000  0.5495680000000 1.0
C      1  0.5670620000000  0.4504320000000  0.4514170000000 1.0
C      1  0.4329380000000  0.4504320000000  0.5485830000000 1.0
C      1  0.5670620000000  0.5495680000000  0.5485830000000 1.0
C      1  0.4687880000000  0.4856460000000  0.5076970000000 1.0
C      1  0.4856460000000  0.5076970000000  0.4687880000000 1.0
C      1  0.5076970000000  0.4687880000000  0.4856460000000 1.0
C      1  0.5312120000000  0.5143540000000  0.5076970000000 1.0
C      1  0.4687880000000  0.5143540000000  0.4923030000000 1.0
C      1  0.5312120000000  0.4856460000000  0.4923030000000 1.0
C      1  0.5143540000000  0.4923030000000  0.4687880000000 1.0
C      1  0.4856460000000  0.4923030000000  0.5312120000000 1.0
C      1  0.5143540000000  0.5076970000000  0.5312120000000 1.0
C      1  0.4923030000000  0.5312120000000  0.4856460000000 1.0
C      1  0.5076970000000  0.5312120000000  0.5143540000000 1.0
C      1  0.4923030000000  0.4687880000000  0.5143540000000 1.0
C      1  0.4687880000000  0.4856460000000  0.4923030000000 1.0
C      1  0.4856460000000  0.5076970000000  0.5312120000000 1.0
C      1  0.5076970000000  0.4687880000000  0.5143540000000 1.0
C      1  0.5312120000000  0.5143540000000  0.4923030000000 1.0
C      1  0.4687880000000  0.5143540000000  0.5076970000000 1.0
C      1  0.5312120000000  0.4856460000000  0.5076970000000 1.0
C      1  0.5143540000000  0.4923030000000  0.5312120000000 1.0
C      1  0.4856460000000  0.4923030000000  0.4687880000000 1.0
C      1  0.5143540000000  0.5076970000000  0.4687880000000 1.0
C      1  0.4923030000000  0.5312120000000  0.5143540000000 1.0
C      1  0.5076970000000  0.5312120000000  0.4856460000000 1.0
C      1  0.4923030000000  0.4687880000000  0.4856460000000 1.0
C      1  0.5258300000000  0.4521750000000  0.4273870000000 1.0
C      1  0.4521750000000  0.4273870000000  0.5258300000000 1.0
C      1  0.4273870000000  0.5258300000000  0.4521750000000 1.0
C      1  0.4741700000000  0.5478250000000  0.4273870000000 1.0
C      1  0.5258300000000  0.5478250000000  0.5726130000000 1.0
C      1  0.4741700000000  0.4521750000000  0.5726130000000 1.0
C      1  0.5478250000000  0.5726130000000  0.5258300000000 1.0
C      1  0.4521750000000  0.5726130000000  0.4741700000000 1.0
C      1  0.5478250000000  0.4273870000000  0.4741700000000 1.0
C      1  0.5726130000000  0.4741700000000  0.4521750000000 1.0
C      1  0.4273870000000  0.4741700000000  0.5478250000000 1.0
C      1  0.5726130000000  0.5258300000000  0.5478250000000 1.0
C      1  0.5258300000000  0.4521750000000  0.5726130000000 1.0
C      1  0.4521750000000  0.4273870000000  0.4741700000000 1.0
C      1  0.4273870000000  0.5258300000000  0.5478250000000 1.0
C      1  0.4741700000000  0.5478250000000  0.5726130000000 1.0
C      1  0.5258300000000  0.5478250000000  0.4273870000000 1.0
C      1  0.4741700000000  0.4521750000000  0.4273870000000 1.0
C      1  0.5478250000000  0.5726130000000  0.4741700000000 1.0
C      1  0.4521750000000  0.5726130000000  0.5258300000000 1.0
C      1  0.5478250000000  0.4273870000000  0.5258300000000 1.0
C      1  0.5726130000000  0.4741700000000  0.5478250000000 1.0
C      1  0.4273870000000  0.4741700000000  0.4521750000000 1.0
C      1  0.5726130000000  0.5258300000000  0.4521750000000 1.0
C      1  0.5085460000000  0.4451710000000  0.5540190000000 1.0
C      1  0.4451710000000  0.5540190000000  0.5085460000000 1.0
C      1  0.5540190000000  0.5085460000000  0.4451710000000 1.0
C      1  0.4914540000000  0.5548290000000  0.5540190000000 1.0
C      1  0.5085460000000  0.5548290000000  0.4459810000000 1.0
C      1  0.4914540000000  0.4451710000000  0.4459810000000 1.0
C      1  0.5548290000000  0.4459810000000  0.5085460000000 1.0
C      1  0.4451710000000  0.4459810000000  0.4914540000000 1.0
C      1  0.5548290000000  0.5540190000000  0.4914540000000 1.0
C      1  0.4459810000000  0.4914540000000  0.4451710000000 1.0
