TITL C-1887010-575-47 -2.41079829806598e-07 1000000 -1207.32557805623 0 0 180 (Th) n - 1
REM
REM in /nfs/bkarasulu/CARBON/AIRSS/Generating-Clusters/GAP-ML-2020/Higher-Symm/Selected-Sizes/TryA-Only_Ih-Symm/Larger-Clusters
REM
REM
REM
REM
REM
REM ./C.cell (2cf5181f0f1d4d5b12b972d32ad12063)
REM
REM compiler GCC version 9.2.1 20190827 (Red Hat 9.2.1-1)
REM options -cpp -mtune=generic -march=x86-64 -g -O0 -fpre-include=/usr/include/finclude/math-vector-fortran.h
REM seed 1126175520 -657427727 -1529535156 -1836308508 -859532864 2044266159 54656323 -1866236001 2106309866 -2127077971 1968306505 -337381907 -1419192531 -2034016942 -154255480 -1594008172 788170015 1116580040 -1233684430 -1453708989 -1496056221 329321421 -1706100913 -1828828261 1465730308 -18218062 1199774760 844405638 -1138973881 384447969 1745400219 427691882 1808929914
REM
CELL 1.54180  100.00000  100.00000  100.00000   90.00000   90.00000   90.00000
LATT -1
SFAC C  
C      1  0.4783150000000  0.5395860000000  0.5613490000000 1.0
C      1  0.5395860000000  0.5613490000000  0.4783150000000 1.0
C      1  0.5613490000000  0.4783150000000  0.5395860000000 1.0
C      1  0.5216850000000  0.4604140000000  0.5613490000000 1.0
C      1  0.4783150000000  0.4604140000000  0.4386510000000 1.0
C      1  0.5216850000000  0.5395860000000  0.4386510000000 1.0
C      1  0.4604140000000  0.4386510000000  0.4783150000000 1.0
C      1  0.5395860000000  0.4386510000000  0.5216850000000 1.0
C      1  0.4604140000000  0.5613490000000  0.5216850000000 1.0
C      1  0.4386510000000  0.5216850000000  0.5395860000000 1.0
C      1  0.5613490000000  0.5216850000000  0.4604140000000 1.0
C      1  0.4386510000000  0.4783150000000  0.4604140000000 1.0
C      1  0.4783150000000  0.5395860000000  0.4386510000000 1.0
C      1  0.5395860000000  0.5613490000000  0.5216850000000 1.0
C      1  0.5613490000000  0.4783150000000  0.4604140000000 1.0
C      1  0.5216850000000  0.4604140000000  0.4386510000000 1.0
C      1  0.4783150000000  0.4604140000000  0.5613490000000 1.0
C      1  0.5216850000000  0.5395860000000  0.5613490000000 1.0
C      1  0.4604140000000  0.4386510000000  0.5216850000000 1.0
C      1  0.5395860000000  0.4386510000000  0.4783150000000 1.0
C      1  0.4604140000000  0.5613490000000  0.4783150000000 1.0
C      1  0.4386510000000  0.5216850000000  0.4604140000000 1.0
C      1  0.5613490000000  0.5216850000000  0.5395860000000 1.0
C      1  0.4386510000000  0.4783150000000  0.5395860000000 1.0
C      1  0.5178830000000  0.4498010000000  0.4486970000000 1.0
C      1  0.4498010000000  0.4486970000000  0.5178830000000 1.0
C      1  0.4486970000000  0.5178830000000  0.4498010000000 1.0
C      1  0.4821170000000  0.5501990000000  0.4486960000000 1.0
C      1  0.5178830000000  0.5501990000000  0.5513030000000 1.0
C      1  0.4821170000000  0.4498010000000  0.5513030000000 1.0
C      1  0.5501990000000  0.5513030000000  0.5178830000000 1.0
C      1  0.4498010000000  0.5513030000000  0.4821170000000 1.0
C      1  0.5501990000000  0.4486970000000  0.4821170000000 1.0
C      1  0.5513030000000  0.4821170000000  0.4498010000000 1.0
C      1  0.4486970000000  0.4821170000000  0.5501990000000 1.0
C      1  0.5513030000000  0.5178830000000  0.5501990000000 1.0
C      1  0.5178830000000  0.4498010000000  0.5513030000000 1.0
C      1  0.4498010000000  0.4486970000000  0.4821170000000 1.0
C      1  0.4486970000000  0.5178830000000  0.5501990000000 1.0
C      1  0.4821170000000  0.5501990000000  0.5513030000000 1.0
C      1  0.5178830000000  0.5501990000000  0.4486970000000 1.0
C      1  0.4821170000000  0.4498010000000  0.4486970000000 1.0
C      1  0.5501990000000  0.5513030000000  0.4821170000000 1.0
C      1  0.4498010000000  0.5513040000000  0.5178830000000 1.0
C      1  0.5501990000000  0.4486970000000  0.5178830000000 1.0
C      1  0.5513030000000  0.4821170000000  0.5501990000000 1.0
C      1  0.4486970000000  0.4821170000000  0.4498010000000 1.0
C      1  0.5513040000000  0.5178830000000  0.4498010000000 1.0
C      1  0.4457840000000  0.4403360000000  0.5070040000000 1.0
C      1  0.4403360000000  0.5070040000000  0.4457840000000 1.0
C      1  0.5070040000000  0.4457840000000  0.4403360000000 1.0
C      1  0.5542160000000  0.5596640000000  0.5070040000000 1.0
C      1  0.4457840000000  0.5596640000000  0.4929960000000 1.0
C      1  0.5542160000000  0.4403360000000  0.4929960000000 1.0
C      1  0.5596640000000  0.4929960000000  0.4457840000000 1.0
C      1  0.4403360000000  0.4929960000000  0.5542160000000 1.0
C      1  0.5596640000000  0.5070040000000  0.5542160000000 1.0
C      1  0.4929960000000  0.5542160000000  0.4403360000000 1.0
C      1  0.5070040000000  0.5542160000000  0.5596640000000 1.0
C      1  0.4929960000000  0.4457840000000  0.5596640000000 1.0
C      1  0.4457840000000  0.4403360000000  0.4929960000000 1.0
C      1  0.4403360000000  0.5070040000000  0.5542160000000 1.0
C      1  0.5070040000000  0.4457840000000  0.5596640000000 1.0
C      1  0.5542160000000  0.5596640000000  0.4929960000000 1.0
C      1  0.4457840000000  0.5596640000000  0.5070040000000 1.0
C      1  0.5542160000000  0.4403360000000  0.5070040000000 1.0
C      1  0.5596640000000  0.4929960000000  0.5542160000000 1.0
C      1  0.4403360000000  0.4929960000000  0.4457840000000 1.0
C      1  0.5596640000000  0.5070040000000  0.4457840000000 1.0
C      1  0.4929960000000  0.5542160000000  0.5596640000000 1.0
C      1  0.5070040000000  0.5542160000000  0.4403360000000 1.0
C      1  0.4929960000000  0.4457840000000  0.4403360000000 1.0
C      1  0.5382920000000  0.4766640000000  0.4489700000000 1.0
C      1  0.4766640000000  0.4489690000000  0.5382920000000 1.0
C      1  0.4489700000000  0.5382920000000  0.4766640000000 1.0
C      1  0.4617080000000  0.5233360000000  0.4489700000000 1.0
C      1  0.5382920000000  0.5233360000000  0.5510310000000 1.0
C      1  0.4617080000000  0.4766640000000  0.5510300000000 1.0
C      1  0.5233360000000  0.5510310000000  0.5382920000000 1.0
C      1  0.4766640000000  0.5510310000000  0.4617080000000 1.0
C      1  0.5233360000000  0.4489690000000  0.4617080000000 1.0
C      1  0.5510300000000  0.4617080000000  0.4766640000000 1.0
C      1  0.4489690000000  0.4617080000000  0.5233360000000 1.0
C      1  0.5510310000000  0.5382920000000  0.5233360000000 1.0
C      1  0.5382920000000  0.4766640000000  0.5510310000000 1.0
C      1  0.4766640000000  0.4489700000000  0.4617080000000 1.0
C      1  0.4489700000000  0.5382920000000  0.5233360000000 1.0
C      1  0.4617080000000  0.5233360000000  0.5510300000000 1.0
C      1  0.5382920000000  0.5233360000000  0.4489700000000 1.0
C      1  0.4617080000000  0.4766640000000  0.4489700000000 1.0
C      1  0.5233360000000  0.5510300000000  0.4617080000000 1.0
C      1  0.4766640000000  0.5510310000000  0.5382920000000 1.0
C      1  0.5233360000000  0.4489690000000  0.5382920000000 1.0
C      1  0.5510300000000  0.4617080000000  0.5233360000000 1.0
C      1  0.4489700000000  0.4617080000000  0.4766640000000 1.0
C      1  0.5510310000000  0.5382920000000  0.4766640000000 1.0
C      1  0.5107600000000  0.5438830000000  0.5699530000000 1.0
C      1  0.5438830000000  0.5699530000000  0.5107600000000 1.0
C      1  0.5699530000000  0.5107600000000  0.5438830000000 1.0
C      1  0.4892400000000  0.4561170000000  0.5699530000000 1.0
C      1  0.5107600000000  0.4561170000000  0.4300470000000 1.0
C      1  0.4892400000000  0.5438830000000  0.4300480000000 1.0
C      1  0.4561170000000  0.4300470000000  0.5107600000000 1.0
C      1  0.5438830000000  0.4300470000000  0.4892400000000 1.0
C      1  0.4561170000000  0.5699530000000  0.4892400000000 1.0
C      1  0.4300480000000  0.4892400000000  0.5438830000000 1.0
C      1  0.5699530000000  0.4892400000000  0.4561170000000 1.0
C      1  0.4300470000000  0.5107600000000  0.4561170000000 1.0
C      1  0.5107600000000  0.5438830000000  0.4300470000000 1.0
C      1  0.5438830000000  0.5699530000000  0.4892400000000 1.0
C      1  0.5699520000000  0.5107600000000  0.4561170000000 1.0
C      1  0.4892400000000  0.4561170000000  0.4300470000000 1.0
C      1  0.5107600000000  0.4561170000000  0.5699530000000 1.0
C      1  0.4892400000000  0.5438830000000  0.5699530000000 1.0
C      1  0.4561170000000  0.4300470000000  0.4892400000000 1.0
C      1  0.5438830000000  0.4300470000000  0.5107600000000 1.0
C      1  0.4561170000000  0.5699530000000  0.5107600000000 1.0
C      1  0.4300480000000  0.4892400000000  0.4561170000000 1.0
C      1  0.5699530000000  0.4892400000000  0.5438830000000 1.0
C      1  0.4300470000000  0.5107600000000  0.5438830000000 1.0
C      1  0.4730640000000  0.4618850000000  0.4673070000000 1.0
C      1  0.4618850000000  0.4673070000000  0.4730640000000 1.0
C      1  0.4673070000000  0.4730640000000  0.4618850000000 1.0
C      1  0.5269360000000  0.5381150000000  0.4673070000000 1.0
C      1  0.4730640000000  0.5381150000000  0.5326930000000 1.0
C      1  0.5269360000000  0.4618850000000  0.5326930000000 1.0
C      1  0.5381150000000  0.5326930000000  0.4730640000000 1.0
C      1  0.4618850000000  0.5326930000000  0.5269360000000 1.0
C      1  0.5381150000000  0.4673070000000  0.5269360000000 1.0
C      1  0.5326930000000  0.5269360000000  0.4618850000000 1.0
C      1  0.4673070000000  0.5269360000000  0.5381150000000 1.0
C      1  0.5326930000000  0.4730640000000  0.5381150000000 1.0
C      1  0.4730640000000  0.4618850000000  0.5326930000000 1.0
C      1  0.4618850000000  0.4673070000000  0.5269360000000 1.0
C      1  0.4673070000000  0.4730640000000  0.5381150000000 1.0
C      1  0.5269360000000  0.5381150000000  0.5326930000000 1.0
C      1  0.4730640000000  0.5381150000000  0.4673070000000 1.0
C      1  0.5269360000000  0.4618850000000  0.4673070000000 1.0
C      1  0.5381150000000  0.5326930000000  0.5269360000000 1.0
C      1  0.4618850000000  0.5326930000000  0.4730640000000 1.0
C      1  0.5381150000000  0.4673070000000  0.4730640000000 1.0
C      1  0.5326930000000  0.5269360000000  0.5381150000000 1.0
C      1  0.4673070000000  0.5269360000000  0.4618850000000 1.0
C      1  0.5326930000000  0.4730640000000  0.4618850000000 1.0
C      1  0.4703720000000  0.4395110000000  0.5305290000000 1.0
C      1  0.4395110000000  0.5305290000000  0.4703720000000 1.0
C      1  0.5305290000000  0.4703720000000  0.4395110000000 1.0
C      1  0.5296280000000  0.5604890000000  0.5305290000000 1.0
C      1  0.4703720000000  0.5604890000000  0.4694710000000 1.0
C      1  0.5296280000000  0.4395110000000  0.4694710000000 1.0
C      1  0.5604890000000  0.4694710000000  0.4703720000000 1.0
C      1  0.4395110000000  0.4694710000000  0.5296280000000 1.0
C      1  0.5604890000000  0.5305290000000  0.5296280000000 1.0
C      1  0.4694710000000  0.5296280000000  0.4395110000000 1.0
C      1  0.5305290000000  0.5296280000000  0.5604890000000 1.0
C      1  0.4694710000000  0.4703720000000  0.5604890000000 1.0
C      1  0.4703720000000  0.4395110000000  0.4694710000000 1.0
C      1  0.4395110000000  0.5305290000000  0.5296280000000 1.0
C      1  0.5305290000000  0.4703720000000  0.5604890000000 1.0
C      1  0.5296280000000  0.5604890000000  0.4694710000000 1.0
C      1  0.4703720000000  0.5604890000000  0.5305290000000 1.0
C      1  0.5296280000000  0.4395110000000  0.5305290000000 1.0
C      1  0.5604890000000  0.4694710000000  0.5296280000000 1.0
C      1  0.4395110000000  0.4694710000000  0.4703720000000 1.0
C      1  0.5604890000000  0.5305290000000  0.4703720000000 1.0
C      1  0.4694710000000  0.5296280000000  0.5604890000000 1.0
C      1  0.5305290000000  0.5296280000000  0.4395110000000 1.0
C      1  0.4694710000000  0.4703720000000  0.4395110000000 1.0
C      1  0.4615980000000  0.5768300000000  0.5000000000000 1.0
C      1  0.5768300000000  0.5000000000000  0.4615980000000 1.0
C      1  0.5000000000000  0.4615980000000  0.5768300000000 1.0
C      1  0.5384020000000  0.4231700000000  0.5000000000000 1.0
C      1  0.4231700000000  0.5000000000000  0.4615980000000 1.0
C      1  0.5768300000000  0.5000000000000  0.5384020000000 1.0
C      1  0.4231700000000  0.5000000000000  0.5384020000000 1.0
C      1  0.5000000000000  0.5384020000000  0.4231700000000 1.0
C      1  0.5000000000000  0.5384020000000  0.5768300000000 1.0
C      1  0.5000000000000  0.4615980000000  0.4231700000000 1.0
C      1  0.4615980000000  0.4231700000000  0.5000000000000 1.0
C      1  0.5384020000000  0.5768300000000  0.5000000000000 1.0
END
