TITL C-1892085-2338-9 -4.42697436203262e-07 1000000 -1223.46802943967 0 0 180 (Th) n - 1
REM
REM in /nfs/bkarasulu/CARBON/AIRSS/Generating-Clusters/GAP-ML-2020/Higher-Symm/Selected-Sizes/TryA-Only_Ih-Symm/Larger-Clusters
REM
REM
REM
REM
REM
REM ./C.cell (2cf5181f0f1d4d5b12b972d32ad12063)
REM
REM compiler GCC version 9.2.1 20190827 (Red Hat 9.2.1-1)
REM options -cpp -mtune=generic -march=x86-64 -g -O0 -fpre-include=/usr/include/finclude/math-vector-fortran.h
REM seed 1887974259 825035537 1471977564 -623626239 -1859814791 159573354 1366304907 -408312024 1976074699 1276019199 -1223833786 -1701554610 1681036052 1468801691 1715131533 -1792007214 1248739298 -521330211 -69007883 1299657399 676201196 100072704 -1645367917 -350030470 370681618 1087850847 -1261757394 -683032436 281096776 1915581176 1771639857 -1728316955 -1971442280
REM
CELL 1.54180  100.00000  100.00000  100.00000   90.00000   90.00000   90.00000
LATT -1
SFAC C  
C      1  0.4698490000000  0.5416280000000  0.5361150000000 1.0
C      1  0.5416280000000  0.5361150000000  0.4698490000000 1.0
C      1  0.5361150000000  0.4698490000000  0.5416280000000 1.0
C      1  0.5301510000000  0.4583720000000  0.5361150000000 1.0
C      1  0.4698490000000  0.4583720000000  0.4638850000000 1.0
C      1  0.5301510000000  0.5416280000000  0.4638850000000 1.0
C      1  0.4583720000000  0.4638850000000  0.4698490000000 1.0
C      1  0.5416280000000  0.4638850000000  0.5301510000000 1.0
C      1  0.4583720000000  0.5361150000000  0.5301510000000 1.0
C      1  0.4638850000000  0.5301510000000  0.5416280000000 1.0
C      1  0.5361150000000  0.5301510000000  0.4583720000000 1.0
C      1  0.4638850000000  0.4698490000000  0.4583720000000 1.0
C      1  0.4698490000000  0.5416280000000  0.4638850000000 1.0
C      1  0.5416280000000  0.5361150000000  0.5301510000000 1.0
C      1  0.5361150000000  0.4698490000000  0.4583720000000 1.0
C      1  0.5301510000000  0.4583720000000  0.4638850000000 1.0
C      1  0.4698490000000  0.4583720000000  0.5361150000000 1.0
C      1  0.5301510000000  0.5416280000000  0.5361150000000 1.0
C      1  0.4583720000000  0.4638850000000  0.5301510000000 1.0
C      1  0.5416280000000  0.4638850000000  0.4698490000000 1.0
C      1  0.4583720000000  0.5361150000000  0.4698490000000 1.0
C      1  0.4638850000000  0.5301510000000  0.4583720000000 1.0
C      1  0.5361150000000  0.5301510000000  0.5416280000000 1.0
C      1  0.4638850000000  0.4698490000000  0.5416280000000 1.0
C      1  0.4862220000000  0.5797620000000  0.5118460000000 1.0
C      1  0.5797620000000  0.5118460000000  0.4862220000000 1.0
C      1  0.5118460000000  0.4862220000000  0.5797620000000 1.0
C      1  0.5137780000000  0.4202380000000  0.5118460000000 1.0
C      1  0.4862220000000  0.4202380000000  0.4881540000000 1.0
C      1  0.5137780000000  0.5797620000000  0.4881540000000 1.0
C      1  0.4202380000000  0.4881540000000  0.4862220000000 1.0
C      1  0.5797620000000  0.4881540000000  0.5137780000000 1.0
C      1  0.4202380000000  0.5118460000000  0.5137780000000 1.0
C      1  0.4881540000000  0.5137780000000  0.5797620000000 1.0
C      1  0.5118460000000  0.5137780000000  0.4202380000000 1.0
C      1  0.4881540000000  0.4862220000000  0.4202380000000 1.0
C      1  0.4862220000000  0.5797620000000  0.4881540000000 1.0
C      1  0.5797620000000  0.5118460000000  0.5137780000000 1.0
C      1  0.5118460000000  0.4862220000000  0.4202380000000 1.0
C      1  0.5137780000000  0.4202380000000  0.4881540000000 1.0
C      1  0.4862220000000  0.4202380000000  0.5118460000000 1.0
C      1  0.5137780000000  0.5797620000000  0.5118460000000 1.0
C      1  0.4202380000000  0.4881540000000  0.5137780000000 1.0
C      1  0.5797620000000  0.4881540000000  0.4862220000000 1.0
C      1  0.4202380000000  0.5118460000000  0.4862220000000 1.0
C      1  0.4881540000000  0.5137780000000  0.4202380000000 1.0
C      1  0.5118460000000  0.5137780000000  0.5797620000000 1.0
C      1  0.4881540000000  0.4862220000000  0.5797620000000 1.0
C      1  0.4081520000000  0.5074360000000  0.4928910000000 1.0
C      1  0.5074360000000  0.4928910000000  0.4081520000000 1.0
C      1  0.4928910000000  0.4081520000000  0.5074360000000 1.0
C      1  0.5918480000000  0.4925640000000  0.4928910000000 1.0
C      1  0.4081520000000  0.4925640000000  0.5071090000000 1.0
C      1  0.5918480000000  0.5074360000000  0.5071090000000 1.0
C      1  0.4925640000000  0.5071090000000  0.4081520000000 1.0
C      1  0.5074360000000  0.5071090000000  0.5918480000000 1.0
C      1  0.4925640000000  0.4928910000000  0.5918480000000 1.0
C      1  0.5071090000000  0.5918480000000  0.5074360000000 1.0
C      1  0.4928910000000  0.5918480000000  0.4925640000000 1.0
C      1  0.5071090000000  0.4081520000000  0.4925640000000 1.0
C      1  0.4081520000000  0.5074360000000  0.5071090000000 1.0
C      1  0.5074360000000  0.4928910000000  0.5918480000000 1.0
C      1  0.4928910000000  0.4081520000000  0.4925640000000 1.0
C      1  0.5918480000000  0.4925640000000  0.5071090000000 1.0
C      1  0.4081520000000  0.4925640000000  0.4928910000000 1.0
C      1  0.5918480000000  0.5074360000000  0.4928910000000 1.0
C      1  0.4925640000000  0.5071090000000  0.5918480000000 1.0
C      1  0.5074360000000  0.5071090000000  0.4081520000000 1.0
C      1  0.4925640000000  0.4928910000000  0.4081520000000 1.0
C      1  0.5071090000000  0.5918480000000  0.4925640000000 1.0
C      1  0.4928910000000  0.5918480000000  0.5074360000000 1.0
C      1  0.5071090000000  0.4081520000000  0.5074360000000 1.0
C      1  0.5221020000000  0.4925980000000  0.4279620000000 1.0
C      1  0.4925980000000  0.4279620000000  0.5221020000000 1.0
C      1  0.4279620000000  0.5221020000000  0.4925980000000 1.0
C      1  0.4778980000000  0.5074020000000  0.4279620000000 1.0
C      1  0.5221020000000  0.5074020000000  0.5720380000000 1.0
C      1  0.4778980000000  0.4925980000000  0.5720380000000 1.0
C      1  0.5074020000000  0.5720380000000  0.5221020000000 1.0
C      1  0.4925980000000  0.5720380000000  0.4778980000000 1.0
C      1  0.5074020000000  0.4279620000000  0.4778980000000 1.0
C      1  0.5720380000000  0.4778980000000  0.4925980000000 1.0
C      1  0.4279620000000  0.4778980000000  0.5074020000000 1.0
C      1  0.5720380000000  0.5221020000000  0.5074020000000 1.0
C      1  0.5221020000000  0.4925980000000  0.5720380000000 1.0
C      1  0.4925980000000  0.4279620000000  0.4778980000000 1.0
C      1  0.4279620000000  0.5221020000000  0.5074020000000 1.0
C      1  0.4778980000000  0.5074020000000  0.5720380000000 1.0
C      1  0.5221020000000  0.5074020000000  0.4279620000000 1.0
C      1  0.4778980000000  0.4925980000000  0.4279620000000 1.0
C      1  0.5074020000000  0.5720380000000  0.4778980000000 1.0
C      1  0.4925980000000  0.5720380000000  0.5221020000000 1.0
C      1  0.5074020000000  0.4279620000000  0.5221020000000 1.0
C      1  0.5720380000000  0.4778980000000  0.5074020000000 1.0
C      1  0.4279620000000  0.4778980000000  0.4925980000000 1.0
C      1  0.5720380000000  0.5221020000000  0.4925980000000 1.0
C      1  0.4490340000000  0.5360750000000  0.5198950000000 1.0
C      1  0.5360750000000  0.5198950000000  0.4490340000000 1.0
C      1  0.5198950000000  0.4490340000000  0.5360750000000 1.0
C      1  0.5509660000000  0.4639250000000  0.5198950000000 1.0
C      1  0.4490340000000  0.4639250000000  0.4801050000000 1.0
C      1  0.5509660000000  0.5360750000000  0.4801050000000 1.0
C      1  0.4639250000000  0.4801050000000  0.4490340000000 1.0
C      1  0.5360750000000  0.4801050000000  0.5509660000000 1.0
C      1  0.4639250000000  0.5198950000000  0.5509660000000 1.0
C      1  0.4801050000000  0.5509660000000  0.5360750000000 1.0
C      1  0.5198950000000  0.5509660000000  0.4639250000000 1.0
C      1  0.4801050000000  0.4490340000000  0.4639250000000 1.0
C      1  0.4490340000000  0.5360750000000  0.4801050000000 1.0
C      1  0.5360750000000  0.5198950000000  0.5509660000000 1.0
C      1  0.5198950000000  0.4490340000000  0.4639250000000 1.0
C      1  0.5509660000000  0.4639250000000  0.4801050000000 1.0
C      1  0.4490340000000  0.4639250000000  0.5198950000000 1.0
C      1  0.5509660000000  0.5360750000000  0.5198950000000 1.0
C      1  0.4639250000000  0.4801050000000  0.5509660000000 1.0
C      1  0.5360750000000  0.4801050000000  0.4490340000000 1.0
C      1  0.4639250000000  0.5198950000000  0.4490340000000 1.0
C      1  0.4801050000000  0.5509660000000  0.4639250000000 1.0
C      1  0.5198950000000  0.5509660000000  0.5360750000000 1.0
C      1  0.4801050000000  0.4490340000000  0.5360750000000 1.0
C      1  0.5626880000000  0.5303470000000  0.4863570000000 1.0
C      1  0.5303470000000  0.4863570000000  0.5626880000000 1.0
C      1  0.4863570000000  0.5626880000000  0.5303470000000 1.0
C      1  0.4373120000000  0.4696530000000  0.4863570000000 1.0
C      1  0.5626880000000  0.4696530000000  0.5136430000000 1.0
C      1  0.4373120000000  0.5303470000000  0.5136430000000 1.0
C      1  0.4696530000000  0.5136430000000  0.5626880000000 1.0
C      1  0.5303470000000  0.5136430000000  0.4373120000000 1.0
C      1  0.4696530000000  0.4863570000000  0.4373120000000 1.0
C      1  0.5136430000000  0.4373120000000  0.5303470000000 1.0
C      1  0.4863570000000  0.4373120000000  0.4696530000000 1.0
C      1  0.5136430000000  0.5626880000000  0.4696530000000 1.0
C      1  0.5626880000000  0.5303470000000  0.5136430000000 1.0
C      1  0.5303470000000  0.4863570000000  0.4373120000000 1.0
C      1  0.4863570000000  0.5626880000000  0.4696530000000 1.0
C      1  0.4373120000000  0.4696530000000  0.5136430000000 1.0
C      1  0.5626880000000  0.4696530000000  0.4863570000000 1.0
C      1  0.4373120000000  0.5303470000000  0.4863570000000 1.0
C      1  0.4696530000000  0.5136430000000  0.4373120000000 1.0
C      1  0.5303470000000  0.5136430000000  0.5626880000000 1.0
C      1  0.4696530000000  0.4863570000000  0.5626880000000 1.0
C      1  0.5136430000000  0.4373120000000  0.4696530000000 1.0
C      1  0.4863570000000  0.4373120000000  0.5303470000000 1.0
C      1  0.5136430000000  0.5626880000000  0.5303470000000 1.0
C      1  0.4604700000000  0.5068380000000  0.5546220000000 1.0
C      1  0.5068380000000  0.5546220000000  0.4604700000000 1.0
C      1  0.5546220000000  0.4604700000000  0.5068380000000 1.0
C      1  0.5395300000000  0.4931620000000  0.5546220000000 1.0
C      1  0.4604700000000  0.4931620000000  0.4453780000000 1.0
C      1  0.5395300000000  0.5068380000000  0.4453780000000 1.0
C      1  0.4931620000000  0.4453780000000  0.4604700000000 1.0
C      1  0.5068380000000  0.4453780000000  0.5395300000000 1.0
C      1  0.4931620000000  0.5546220000000  0.5395300000000 1.0
C      1  0.4453780000000  0.5395300000000  0.5068380000000 1.0
C      1  0.5546220000000  0.5395300000000  0.4931620000000 1.0
C      1  0.4453780000000  0.4604700000000  0.4931620000000 1.0
C      1  0.4604700000000  0.5068380000000  0.4453780000000 1.0
C      1  0.5068380000000  0.5546220000000  0.5395300000000 1.0
C      1  0.5546220000000  0.4604700000000  0.4931620000000 1.0
C      1  0.5395300000000  0.4931620000000  0.4453780000000 1.0
C      1  0.4604700000000  0.4931620000000  0.5546220000000 1.0
C      1  0.5395300000000  0.5068380000000  0.5546220000000 1.0
C      1  0.4931620000000  0.4453780000000  0.5395300000000 1.0
C      1  0.5068380000000  0.4453780000000  0.4604700000000 1.0
C      1  0.4931620000000  0.5546220000000  0.4604700000000 1.0
C      1  0.4453780000000  0.5395300000000  0.4931620000000 1.0
C      1  0.5546220000000  0.5395300000000  0.5068380000000 1.0
C      1  0.4453780000000  0.4604700000000  0.5068380000000 1.0
C      1  0.5000000000000  0.5197080000000  0.5761990000000 1.0
C      1  0.5197080000000  0.5761990000000  0.5000000000000 1.0
C      1  0.5761990000000  0.5000000000000  0.5197080000000 1.0
C      1  0.5000000000000  0.4802920000000  0.5761990000000 1.0
C      1  0.5000000000000  0.5197080000000  0.4238010000000 1.0
C      1  0.4802920000000  0.4238010000000  0.5000000000000 1.0
C      1  0.5197080000000  0.4238010000000  0.5000000000000 1.0
C      1  0.4802920000000  0.5761990000000  0.5000000000000 1.0
C      1  0.5761990000000  0.5000000000000  0.4802920000000 1.0
C      1  0.5000000000000  0.4802920000000  0.4238010000000 1.0
C      1  0.4238010000000  0.5000000000000  0.4802920000000 1.0
C      1  0.4238010000000  0.5000000000000  0.5197080000000 1.0
END
