TITL C-1887024-9872-78 6.85671048880508e-06 1000000 -5052.40105187795 0 0 720 (Th) n - 1
REM
REM in /nfs/bkarasulu/CARBON/AIRSS/Generating-Clusters/GAP-ML-2020/Higher-Symm/Selected-Sizes/TryA-Only_Ih-Symm/Larger-Clusters
REM
REM
REM
REM
REM
REM ./C.cell (2cf5181f0f1d4d5b12b972d32ad12063)
REM
REM compiler GCC version 9.2.1 20190827 (Red Hat 9.2.1-1)
REM options -cpp -mtune=generic -march=x86-64 -g -O0 -fpre-include=/usr/include/finclude/math-vector-fortran.h
REM seed -359964308 1967139139 401595805 1804782771 -201588237 2089059440 1694425035 507385771 1902214179 -1169794549 -1976630359 1639049646 1393203798 -1141629288 1998074413 716295984 800109970 1540176441 -155768943 -325555688 1853108506 1239999557 -1811327540 1577783517 880607942 1103348327 -99709156 -1420411811 -327100510 -1801415287 -921147429 434133458 1428670597
REM
CELL 1.54180  100.00000  100.00000  100.00000   90.00000   90.00000   90.00000
LATT -1
SFAC C  
C      1  0.5537050000000  0.4645300000000  0.5122840000000 1.0
C      1  0.4645300000000  0.5122840000000  0.5537050000000 1.0
C      1  0.5122840000000  0.5537050000000  0.4645300000000 1.0
C      1  0.4462950000000  0.5354700000000  0.5122840000000 1.0
C      1  0.5537050000000  0.5354700000000  0.4877160000000 1.0
C      1  0.4462950000000  0.4645300000000  0.4877160000000 1.0
C      1  0.5354700000000  0.4877160000000  0.5537050000000 1.0
C      1  0.4645300000000  0.4877160000000  0.4462950000000 1.0
C      1  0.5354700000000  0.5122840000000  0.4462950000000 1.0
C      1  0.4877160000000  0.4462950000000  0.4645300000000 1.0
C      1  0.5122840000000  0.4462950000000  0.5354700000000 1.0
C      1  0.4877160000000  0.5537050000000  0.5354700000000 1.0
C      1  0.5537050000000  0.4645300000000  0.4877160000000 1.0
C      1  0.4645300000000  0.5122840000000  0.4462950000000 1.0
C      1  0.5122840000000  0.5537050000000  0.5354700000000 1.0
C      1  0.4462950000000  0.5354700000000  0.4877160000000 1.0
C      1  0.5537050000000  0.5354700000000  0.5122840000000 1.0
C      1  0.4462950000000  0.4645300000000  0.5122840000000 1.0
C      1  0.5354700000000  0.4877160000000  0.4462950000000 1.0
C      1  0.4645300000000  0.4877160000000  0.5537050000000 1.0
C      1  0.5354700000000  0.5122840000000  0.5537050000000 1.0
C      1  0.4877160000000  0.4462950000000  0.5354700000000 1.0
C      1  0.5122840000000  0.4462950000000  0.4645300000000 1.0
C      1  0.4877160000000  0.5537050000000  0.4645300000000 1.0
C      1  0.4451440000000  0.5706730000000  0.4692840000000 1.0
C      1  0.5706730000000  0.4692840000000  0.4451440000000 1.0
C      1  0.4692840000000  0.4451440000000  0.5706730000000 1.0
C      1  0.5548560000000  0.4293270000000  0.4692840000000 1.0
C      1  0.4451440000000  0.4293270000000  0.5307160000000 1.0
C      1  0.5548560000000  0.5706730000000  0.5307160000000 1.0
C      1  0.4293270000000  0.5307160000000  0.4451440000000 1.0
C      1  0.5706730000000  0.5307160000000  0.5548560000000 1.0
C      1  0.4293270000000  0.4692840000000  0.5548560000000 1.0
C      1  0.5307160000000  0.5548560000000  0.5706730000000 1.0
C      1  0.4692840000000  0.5548560000000  0.4293270000000 1.0
C      1  0.5307160000000  0.4451440000000  0.4293270000000 1.0
C      1  0.4451440000000  0.5706730000000  0.5307160000000 1.0
C      1  0.5706730000000  0.4692840000000  0.5548560000000 1.0
C      1  0.4692840000000  0.4451440000000  0.4293270000000 1.0
C      1  0.5548560000000  0.4293270000000  0.5307160000000 1.0
C      1  0.4451440000000  0.4293270000000  0.4692840000000 1.0
C      1  0.5548560000000  0.5706730000000  0.4692840000000 1.0
C      1  0.4293270000000  0.5307160000000  0.5548560000000 1.0
C      1  0.5706730000000  0.5307160000000  0.4451440000000 1.0
C      1  0.4293270000000  0.4692840000000  0.4451440000000 1.0
C      1  0.5307160000000  0.5548560000000  0.4293270000000 1.0
C      1  0.4692840000000  0.5548560000000  0.5706730000000 1.0
C      1  0.5307160000000  0.4451440000000  0.5706730000000 1.0
C      1  0.5575330000000  0.5074480000000  0.5078550000000 1.0
C      1  0.5074480000000  0.5078550000000  0.5575330000000 1.0
C      1  0.5078550000000  0.5575330000000  0.5074480000000 1.0
C      1  0.4424670000000  0.4925520000000  0.5078550000000 1.0
C      1  0.5575330000000  0.4925520000000  0.4921450000000 1.0
C      1  0.4424670000000  0.5074480000000  0.4921450000000 1.0
C      1  0.4925520000000  0.4921450000000  0.5575330000000 1.0
C      1  0.5074480000000  0.4921450000000  0.4424670000000 1.0
C      1  0.4925520000000  0.5078550000000  0.4424670000000 1.0
C      1  0.4921450000000  0.4424670000000  0.5074480000000 1.0
C      1  0.5078550000000  0.4424670000000  0.4925520000000 1.0
C      1  0.4921450000000  0.5575330000000  0.4925520000000 1.0
C      1  0.5575330000000  0.5074480000000  0.4921450000000 1.0
C      1  0.5074480000000  0.5078550000000  0.4424670000000 1.0
C      1  0.5078550000000  0.5575330000000  0.4925520000000 1.0
C      1  0.4424670000000  0.4925520000000  0.4921450000000 1.0
C      1  0.5575330000000  0.4925520000000  0.5078550000000 1.0
C      1  0.4424670000000  0.5074480000000  0.5078550000000 1.0
C      1  0.4925520000000  0.4921450000000  0.4424670000000 1.0
C      1  0.5074480000000  0.4921450000000  0.5575330000000 1.0
C      1  0.4925520000000  0.5078550000000  0.5575330000000 1.0
C      1  0.4921450000000  0.4424670000000  0.4925520000000 1.0
C      1  0.5078550000000  0.4424670000000  0.5074480000000 1.0
C      1  0.4921450000000  0.5575330000000  0.5074480000000 1.0
C      1  0.4168200000000  0.5125520000000  0.4921800000000 1.0
C      1  0.5125520000000  0.4921800000000  0.4168200000000 1.0
C      1  0.4921800000000  0.4168200000000  0.5125520000000 1.0
C      1  0.5831800000000  0.4874480000000  0.4921800000000 1.0
C      1  0.4168200000000  0.4874480000000  0.5078200000000 1.0
C      1  0.5831800000000  0.5125520000000  0.5078200000000 1.0
C      1  0.4874480000000  0.5078200000000  0.4168200000000 1.0
C      1  0.5125520000000  0.5078200000000  0.5831800000000 1.0
C      1  0.4874480000000  0.4921800000000  0.5831800000000 1.0
C      1  0.5078200000000  0.5831800000000  0.5125520000000 1.0
C      1  0.4921800000000  0.5831800000000  0.4874480000000 1.0
C      1  0.5078200000000  0.4168200000000  0.4874480000000 1.0
C      1  0.4168200000000  0.5125520000000  0.5078200000000 1.0
C      1  0.5125520000000  0.4921800000000  0.5831800000000 1.0
C      1  0.4921800000000  0.4168200000000  0.4874480000000 1.0
C      1  0.5831800000000  0.4874480000000  0.5078200000000 1.0
C      1  0.4168200000000  0.4874480000000  0.4921800000000 1.0
C      1  0.5831800000000  0.5125520000000  0.4921800000000 1.0
C      1  0.4874480000000  0.5078200000000  0.5831800000000 1.0
C      1  0.5125520000000  0.5078200000000  0.4168200000000 1.0
C      1  0.4874480000000  0.4921800000000  0.4168200000000 1.0
C      1  0.5078200000000  0.5831800000000  0.4874480000000 1.0
C      1  0.4921800000000  0.5831800000000  0.5125520000000 1.0
C      1  0.5078200000000  0.4168200000000  0.5125520000000 1.0
C      1  0.5078440000000  0.4566100000000  0.5134260000000 1.0
C      1  0.4566100000000  0.5134260000000  0.5078440000000 1.0
C      1  0.5134260000000  0.5078440000000  0.4566100000000 1.0
C      1  0.4921560000000  0.5433900000000  0.5134260000000 1.0
C      1  0.5078440000000  0.5433900000000  0.4865740000000 1.0
C      1  0.4921560000000  0.4566100000000  0.4865740000000 1.0
C      1  0.5433900000000  0.4865740000000  0.5078440000000 1.0
C      1  0.4566100000000  0.4865740000000  0.4921560000000 1.0
C      1  0.5433900000000  0.5134260000000  0.4921560000000 1.0
C      1  0.4865740000000  0.4921560000000  0.4566100000000 1.0
C      1  0.5134260000000  0.4921560000000  0.5433900000000 1.0
C      1  0.4865740000000  0.5078440000000  0.5433900000000 1.0
C      1  0.5078440000000  0.4566100000000  0.4865740000000 1.0
C      1  0.4566100000000  0.5134260000000  0.4921560000000 1.0
C      1  0.5134260000000  0.5078440000000  0.5433900000000 1.0
C      1  0.4921560000000  0.5433900000000  0.4865740000000 1.0
C      1  0.5078440000000  0.5433900000000  0.5134260000000 1.0
C      1  0.4921560000000  0.4566100000000  0.5134260000000 1.0
C      1  0.5433900000000  0.4865740000000  0.4921560000000 1.0
C      1  0.4566100000000  0.4865740000000  0.5078440000000 1.0
C      1  0.5433900000000  0.5134260000000  0.5078440000000 1.0
C      1  0.4865740000000  0.4921560000000  0.5433900000000 1.0
C      1  0.5134260000000  0.4921560000000  0.4566100000000 1.0
C      1  0.4865740000000  0.5078440000000  0.4566100000000 1.0
C      1  0.4361270000000  0.5599120000000  0.5275790000000 1.0
C      1  0.5599120000000  0.5275790000000  0.4361270000000 1.0
C      1  0.5275790000000  0.4361270000000  0.5599120000000 1.0
C      1  0.5638730000000  0.4400880000000  0.5275790000000 1.0
C      1  0.4361270000000  0.4400880000000  0.4724210000000 1.0
C      1  0.5638730000000  0.5599120000000  0.4724210000000 1.0
C      1  0.4400880000000  0.4724210000000  0.4361270000000 1.0
C      1  0.5599120000000  0.4724210000000  0.5638730000000 1.0
C      1  0.4400880000000  0.5275790000000  0.5638730000000 1.0
C      1  0.4724210000000  0.5638730000000  0.5599120000000 1.0
C      1  0.5275790000000  0.5638730000000  0.4400880000000 1.0
C      1  0.4724210000000  0.4361270000000  0.4400880000000 1.0
C      1  0.4361270000000  0.5599120000000  0.4724210000000 1.0
C      1  0.5599120000000  0.5275790000000  0.5638730000000 1.0
C      1  0.5275790000000  0.4361270000000  0.4400880000000 1.0
C      1  0.5638730000000  0.4400880000000  0.4724210000000 1.0
C      1  0.4361270000000  0.4400880000000  0.5275790000000 1.0
C      1  0.5638730000000  0.5599120000000  0.5275790000000 1.0
C      1  0.4400880000000  0.4724210000000  0.5638730000000 1.0
C      1  0.5599120000000  0.4724210000000  0.4361270000000 1.0
C      1  0.4400880000000  0.5275790000000  0.4361270000000 1.0
C      1  0.4724210000000  0.5638730000000  0.4400880000000 1.0
C      1  0.5275790000000  0.5638730000000  0.5599120000000 1.0
C      1  0.4724210000000  0.4361270000000  0.5599120000000 1.0
C      1  0.5284080000000  0.4106520000000  0.5185760000000 1.0
C      1  0.4106520000000  0.5185760000000  0.5284080000000 1.0
C      1  0.5185760000000  0.5284080000000  0.4106520000000 1.0
C      1  0.4715920000000  0.5893480000000  0.5185760000000 1.0
C      1  0.5284080000000  0.5893480000000  0.4814240000000 1.0
C      1  0.4715920000000  0.4106520000000  0.4814240000000 1.0
C      1  0.5893480000000  0.4814240000000  0.5284080000000 1.0
C      1  0.4106520000000  0.4814240000000  0.4715920000000 1.0
C      1  0.5893480000000  0.5185760000000  0.4715920000000 1.0
C      1  0.4814240000000  0.4715920000000  0.4106520000000 1.0
C      1  0.5185760000000  0.4715920000000  0.5893480000000 1.0
C      1  0.4814240000000  0.5284080000000  0.5893480000000 1.0
C      1  0.5284080000000  0.4106520000000  0.4814240000000 1.0
C      1  0.4106520000000  0.5185760000000  0.4715920000000 1.0
C      1  0.5185760000000  0.5284080000000  0.5893480000000 1.0
C      1  0.4715920000000  0.5893480000000  0.4814240000000 1.0
C      1  0.5284080000000  0.5893480000000  0.5185760000000 1.0
C      1  0.4715920000000  0.4106520000000  0.5185760000000 1.0
C      1  0.5893480000000  0.4814240000000  0.4715920000000 1.0
C      1  0.4106520000000  0.4814240000000  0.5284080000000 1.0
C      1  0.5893480000000  0.5185760000000  0.5284080000000 1.0
C      1  0.4814240000000  0.4715920000000  0.5893480000000 1.0
C      1  0.5185760000000  0.4715920000000  0.4106520000000 1.0
C      1  0.4814240000000  0.5284080000000  0.4106520000000 1.0
C      1  0.5071140000000  0.4106050000000  0.4729140000000 1.0
C      1  0.4106050000000  0.4729140000000  0.5071140000000 1.0
C      1  0.4729140000000  0.5071140000000  0.4106050000000 1.0
C      1  0.4928860000000  0.5893950000000  0.4729140000000 1.0
C      1  0.5071140000000  0.5893950000000  0.5270860000000 1.0
C      1  0.4928860000000  0.4106050000000  0.5270860000000 1.0
C      1  0.5893950000000  0.5270860000000  0.5071140000000 1.0
C      1  0.4106050000000  0.5270860000000  0.4928860000000 1.0
C      1  0.5893950000000  0.4729140000000  0.4928860000000 1.0
C      1  0.5270860000000  0.4928860000000  0.4106050000000 1.0
C      1  0.4729140000000  0.4928860000000  0.5893950000000 1.0
C      1  0.5270860000000  0.5071140000000  0.5893950000000 1.0
C      1  0.5071140000000  0.4106050000000  0.5270860000000 1.0
C      1  0.4106050000000  0.4729140000000  0.4928860000000 1.0
C      1  0.4729140000000  0.5071140000000  0.5893950000000 1.0
C      1  0.4928860000000  0.5893950000000  0.5270860000000 1.0
C      1  0.5071140000000  0.5893950000000  0.4729140000000 1.0
C      1  0.4928860000000  0.4106050000000  0.4729140000000 1.0
C      1  0.5893950000000  0.5270860000000  0.4928860000000 1.0
C      1  0.4106050000000  0.5270860000000  0.5071140000000 1.0
C      1  0.5893950000000  0.4729140000000  0.5071140000000 1.0
C      1  0.5270860000000  0.4928860000000  0.5893950000000 1.0
C      1  0.4729140000000  0.4928860000000  0.4106050000000 1.0
C      1  0.5270860000000  0.5071140000000  0.4106050000000 1.0
C      1  0.5639100000000  0.4574960000000  0.4503040000000 1.0
C      1  0.4574960000000  0.4503040000000  0.5639100000000 1.0
C      1  0.4503040000000  0.5639100000000  0.4574960000000 1.0
C      1  0.4360900000000  0.5425040000000  0.4503040000000 1.0
C      1  0.5639100000000  0.5425040000000  0.5496960000000 1.0
C      1  0.4360900000000  0.4574960000000  0.5496960000000 1.0
C      1  0.5425040000000  0.5496960000000  0.5639100000000 1.0
C      1  0.4574960000000  0.5496960000000  0.4360900000000 1.0
C      1  0.5425040000000  0.4503040000000  0.4360900000000 1.0
C      1  0.5496960000000  0.4360900000000  0.4574960000000 1.0
C      1  0.4503040000000  0.4360900000000  0.5425040000000 1.0
C      1  0.5496960000000  0.5639100000000  0.5425040000000 1.0
C      1  0.5639100000000  0.4574960000000  0.5496960000000 1.0
C      1  0.4574960000000  0.4503040000000  0.4360900000000 1.0
C      1  0.4503040000000  0.5639100000000  0.5425040000000 1.0
C      1  0.4360900000000  0.5425040000000  0.5496960000000 1.0
C      1  0.5639100000000  0.5425040000000  0.4503040000000 1.0
C      1  0.4360900000000  0.4574960000000  0.4503040000000 1.0
C      1  0.5425040000000  0.5496960000000  0.4360900000000 1.0
C      1  0.4574960000000  0.5496960000000  0.5639100000000 1.0
C      1  0.5425040000000  0.4503040000000  0.5639100000000 1.0
C      1  0.5496960000000  0.4360900000000  0.5425040000000 1.0
C      1  0.4503040000000  0.4360900000000  0.4574960000000 1.0
C      1  0.5496960000000  0.5639100000000  0.4574960000000 1.0
C      1  0.5553460000000  0.5124210000000  0.5383900000000 1.0
C      1  0.5124210000000  0.5383900000000  0.5553460000000 1.0
C      1  0.5383900000000  0.5553460000000  0.5124210000000 1.0
C      1  0.4446540000000  0.4875790000000  0.5383900000000 1.0
C      1  0.5553460000000  0.4875790000000  0.4616100000000 1.0
C      1  0.4446540000000  0.5124210000000  0.4616100000000 1.0
C      1  0.4875790000000  0.4616100000000  0.5553460000000 1.0
C      1  0.5124210000000  0.4616100000000  0.4446540000000 1.0
C      1  0.4875790000000  0.5383900000000  0.4446540000000 1.0
C      1  0.4616100000000  0.4446540000000  0.5124210000000 1.0
C      1  0.5383900000000  0.4446540000000  0.4875790000000 1.0
C      1  0.4616100000000  0.5553460000000  0.4875790000000 1.0
C      1  0.5553460000000  0.5124210000000  0.4616100000000 1.0
C      1  0.5124210000000  0.5383900000000  0.4446540000000 1.0
C      1  0.5383900000000  0.5553460000000  0.4875790000000 1.0
C      1  0.4446540000000  0.4875790000000  0.4616100000000 1.0
C      1  0.5553460000000  0.4875790000000  0.5383900000000 1.0
C      1  0.4446540000000  0.5124210000000  0.5383900000000 1.0
C      1  0.4875790000000  0.4616100000000  0.4446540000000 1.0
C      1  0.5124210000000  0.4616100000000  0.5553460000000 1.0
C      1  0.4875790000000  0.5383900000000  0.5553460000000 1.0
C      1  0.4616100000000  0.4446540000000  0.4875790000000 1.0
C      1  0.5383900000000  0.4446540000000  0.5124210000000 1.0
C      1  0.4616100000000  0.5553460000000  0.5124210000000 1.0
C      1  0.4323920000000  0.4915690000000  0.4699160000000 1.0
C      1  0.4915690000000  0.4699160000000  0.4323920000000 1.0
C      1  0.4699160000000  0.4323920000000  0.4915690000000 1.0
C      1  0.5676080000000  0.5084310000000  0.4699160000000 1.0
C      1  0.4323920000000  0.5084310000000  0.5300840000000 1.0
C      1  0.5676080000000  0.4915690000000  0.5300840000000 1.0
C      1  0.5084310000000  0.5300840000000  0.4323920000000 1.0
C      1  0.4915690000000  0.5300840000000  0.5676080000000 1.0
C      1  0.5084310000000  0.4699160000000  0.5676080000000 1.0
C      1  0.5300840000000  0.5676080000000  0.4915690000000 1.0
C      1  0.4699160000000  0.5676080000000  0.5084310000000 1.0
C      1  0.5300840000000  0.4323920000000  0.5084310000000 1.0
C      1  0.4323920000000  0.4915690000000  0.5300840000000 1.0
C      1  0.4915690000000  0.4699160000000  0.5676080000000 1.0
C      1  0.4699160000000  0.4323920000000  0.5084310000000 1.0
C      1  0.5676080000000  0.5084310000000  0.5300840000000 1.0
C      1  0.4323920000000  0.5084310000000  0.4699160000000 1.0
C      1  0.5676080000000  0.4915690000000  0.4699160000000 1.0
C      1  0.5084310000000  0.5300840000000  0.5676080000000 1.0
C      1  0.4915690000000  0.5300840000000  0.4323920000000 1.0
C      1  0.5084310000000  0.4699160000000  0.4323920000000 1.0
C      1  0.5300840000000  0.5676080000000  0.5084310000000 1.0
C      1  0.4699160000000  0.5676080000000  0.4915690000000 1.0
C      1  0.5300840000000  0.4323920000000  0.4915690000000 1.0
C      1  0.4662490000000  0.5465410000000  0.5223100000000 1.0
C      1  0.5465410000000  0.5223100000000  0.4662490000000 1.0
C      1  0.5223100000000  0.4662490000000  0.5465410000000 1.0
C      1  0.5337510000000  0.4534590000000  0.5223100000000 1.0
C      1  0.4662490000000  0.4534590000000  0.4776900000000 1.0
C      1  0.5337510000000  0.5465410000000  0.4776900000000 1.0
C      1  0.4534590000000  0.4776900000000  0.4662490000000 1.0
C      1  0.5465410000000  0.4776900000000  0.5337510000000 1.0
C      1  0.4534590000000  0.5223100000000  0.5337510000000 1.0
C      1  0.4776900000000  0.5337510000000  0.5465410000000 1.0
C      1  0.5223100000000  0.5337510000000  0.4534590000000 1.0
C      1  0.4776900000000  0.4662490000000  0.4534590000000 1.0
C      1  0.4662490000000  0.5465410000000  0.4776900000000 1.0
C      1  0.5465410000000  0.5223100000000  0.5337510000000 1.0
C      1  0.5223100000000  0.4662490000000  0.4534590000000 1.0
C      1  0.5337510000000  0.4534590000000  0.4776900000000 1.0
C      1  0.4662490000000  0.4534590000000  0.5223100000000 1.0
C      1  0.5337510000000  0.5465410000000  0.5223100000000 1.0
C      1  0.4534590000000  0.4776900000000  0.5337510000000 1.0
C      1  0.5465410000000  0.4776900000000  0.4662490000000 1.0
C      1  0.4534590000000  0.5223100000000  0.4662490000000 1.0
C      1  0.4776900000000  0.5337510000000  0.4534590000000 1.0
C      1  0.5223100000000  0.5337510000000  0.5465410000000 1.0
C      1  0.4776900000000  0.4662490000000  0.5465410000000 1.0
C      1  0.5663730000000  0.5290970000000  0.5085070000000 1.0
C      1  0.5290970000000  0.5085070000000  0.5663730000000 1.0
C      1  0.5085070000000  0.5663730000000  0.5290970000000 1.0
C      1  0.4336270000000  0.4709030000000  0.5085070000000 1.0
C      1  0.5663730000000  0.4709030000000  0.4914930000000 1.0
C      1  0.4336270000000  0.5290970000000  0.4914930000000 1.0
C      1  0.4709030000000  0.4914930000000  0.5663730000000 1.0
C      1  0.5290970000000  0.4914930000000  0.4336270000000 1.0
C      1  0.4709030000000  0.5085070000000  0.4336270000000 1.0
C      1  0.4914930000000  0.4336270000000  0.5290970000000 1.0
C      1  0.5085070000000  0.4336270000000  0.4709030000000 1.0
C      1  0.4914930000000  0.5663730000000  0.4709030000000 1.0
C      1  0.5663730000000  0.5290970000000  0.4914930000000 1.0
C      1  0.5290970000000  0.5085070000000  0.4336270000000 1.0
C      1  0.5085070000000  0.5663730000000  0.4709030000000 1.0
C      1  0.4336270000000  0.4709030000000  0.4914930000000 1.0
C      1  0.5663730000000  0.4709030000000  0.5085070000000 1.0
C      1  0.4336270000000  0.5290970000000  0.5085070000000 1.0
C      1  0.4709030000000  0.4914930000000  0.4336270000000 1.0
C      1  0.5290970000000  0.4914930000000  0.5663730000000 1.0
C      1  0.4709030000000  0.5085070000000  0.5663730000000 1.0
C      1  0.4914930000000  0.4336270000000  0.4709030000000 1.0
C      1  0.5085070000000  0.4336270000000  0.5290970000000 1.0
C      1  0.4914930000000  0.5663730000000  0.5290970000000 1.0
C      1  0.4541790000000  0.5432370000000  0.5332660000000 1.0
C      1  0.5432370000000  0.5332660000000  0.4541790000000 1.0
C      1  0.5332660000000  0.4541790000000  0.5432370000000 1.0
C      1  0.5458210000000  0.4567630000000  0.5332660000000 1.0
C      1  0.4541790000000  0.4567630000000  0.4667340000000 1.0
C      1  0.5458210000000  0.5432370000000  0.4667340000000 1.0
C      1  0.4567630000000  0.4667340000000  0.4541790000000 1.0
C      1  0.5432370000000  0.4667340000000  0.5458210000000 1.0
C      1  0.4567630000000  0.5332660000000  0.5458210000000 1.0
C      1  0.4667340000000  0.5458210000000  0.5432370000000 1.0
C      1  0.5332660000000  0.5458210000000  0.4567630000000 1.0
C      1  0.4667340000000  0.4541790000000  0.4567630000000 1.0
C      1  0.4541790000000  0.5432370000000  0.4667340000000 1.0
C      1  0.5432370000000  0.5332660000000  0.5458210000000 1.0
C      1  0.5332660000000  0.4541790000000  0.4567630000000 1.0
C      1  0.5458210000000  0.4567630000000  0.4667340000000 1.0
C      1  0.4541790000000  0.4567630000000  0.5332660000000 1.0
C      1  0.5458210000000  0.5432370000000  0.5332660000000 1.0
C      1  0.4567630000000  0.4667340000000  0.5458210000000 1.0
C      1  0.5432370000000  0.4667340000000  0.4541790000000 1.0
C      1  0.4567630000000  0.5332660000000  0.4541790000000 1.0
C      1  0.4667340000000  0.5458210000000  0.4567630000000 1.0
C      1  0.5332660000000  0.5458210000000  0.5432370000000 1.0
C      1  0.4667340000000  0.4541790000000  0.5432370000000 1.0
C      1  0.5515620000000  0.5769880000000  0.4821500000000 1.0
C      1  0.5769880000000  0.4821500000000  0.5515620000000 1.0
C      1  0.4821500000000  0.5515620000000  0.5769880000000 1.0
C      1  0.4484380000000  0.4230120000000  0.4821500000000 1.0
C      1  0.5515620000000  0.4230120000000  0.5178500000000 1.0
C      1  0.4484380000000  0.5769880000000  0.5178500000000 1.0
C      1  0.4230120000000  0.5178500000000  0.5515620000000 1.0
C      1  0.5769880000000  0.5178500000000  0.4484380000000 1.0
C      1  0.4230120000000  0.4821500000000  0.4484380000000 1.0
C      1  0.5178500000000  0.4484380000000  0.5769880000000 1.0
C      1  0.4821500000000  0.4484380000000  0.4230120000000 1.0
C      1  0.5178500000000  0.5515620000000  0.4230120000000 1.0
C      1  0.5515620000000  0.5769880000000  0.5178500000000 1.0
C      1  0.5769880000000  0.4821500000000  0.4484380000000 1.0
C      1  0.4821500000000  0.5515620000000  0.4230120000000 1.0
C      1  0.4484380000000  0.4230120000000  0.5178500000000 1.0
C      1  0.5515620000000  0.4230120000000  0.4821500000000 1.0
C      1  0.4484380000000  0.5769880000000  0.4821500000000 1.0
C      1  0.4230120000000  0.5178500000000  0.4484380000000 1.0
C      1  0.5769880000000  0.5178500000000  0.5515620000000 1.0
C      1  0.4230120000000  0.4821500000000  0.5515620000000 1.0
C      1  0.5178500000000  0.4484380000000  0.4230120000000 1.0
C      1  0.4821500000000  0.4484380000000  0.5769880000000 1.0
C      1  0.5178500000000  0.5515620000000  0.5769880000000 1.0
C      1  0.4857580000000  0.5685110000000  0.5145650000000 1.0
C      1  0.5685110000000  0.5145650000000  0.4857580000000 1.0
C      1  0.5145650000000  0.4857580000000  0.5685110000000 1.0
C      1  0.5142420000000  0.4314890000000  0.5145650000000 1.0
C      1  0.4857580000000  0.4314890000000  0.4854350000000 1.0
C      1  0.5142420000000  0.5685110000000  0.4854350000000 1.0
C      1  0.4314890000000  0.4854350000000  0.4857580000000 1.0
C      1  0.5685110000000  0.4854350000000  0.5142420000000 1.0
C      1  0.4314890000000  0.5145650000000  0.5142420000000 1.0
C      1  0.4854350000000  0.5142420000000  0.5685110000000 1.0
C      1  0.5145650000000  0.5142420000000  0.4314890000000 1.0
C      1  0.4854350000000  0.4857580000000  0.4314890000000 1.0
C      1  0.4857580000000  0.5685110000000  0.4854350000000 1.0
C      1  0.5685110000000  0.5145650000000  0.5142420000000 1.0
C      1  0.5145650000000  0.4857580000000  0.4314890000000 1.0
C      1  0.5142420000000  0.4314890000000  0.4854350000000 1.0
C      1  0.4857580000000  0.4314890000000  0.5145650000000 1.0
C      1  0.5142420000000  0.5685110000000  0.5145650000000 1.0
C      1  0.4314890000000  0.4854350000000  0.5142420000000 1.0
C      1  0.5685110000000  0.4854350000000  0.4857580000000 1.0
C      1  0.4314890000000  0.5145650000000  0.4857580000000 1.0
C      1  0.4854350000000  0.5142420000000  0.4314890000000 1.0
C      1  0.5145650000000  0.5142420000000  0.5685110000000 1.0
C      1  0.4854350000000  0.4857580000000  0.5685110000000 1.0
C      1  0.4088570000000  0.4931560000000  0.4809930000000 1.0
C      1  0.4931560000000  0.4809930000000  0.4088570000000 1.0
C      1  0.4809930000000  0.4088570000000  0.4931560000000 1.0
C      1  0.5911430000000  0.5068440000000  0.4809930000000 1.0
C      1  0.4088570000000  0.5068440000000  0.5190070000000 1.0
C      1  0.5911430000000  0.4931560000000  0.5190070000000 1.0
C      1  0.5068440000000  0.5190070000000  0.4088570000000 1.0
C      1  0.4931560000000  0.5190070000000  0.5911430000000 1.0
C      1  0.5068440000000  0.4809930000000  0.5911430000000 1.0
C      1  0.5190070000000  0.5911430000000  0.4931560000000 1.0
C      1  0.4809930000000  0.5911430000000  0.5068440000000 1.0
C      1  0.5190070000000  0.4088570000000  0.5068440000000 1.0
C      1  0.4088570000000  0.4931560000000  0.5190070000000 1.0
C      1  0.4931560000000  0.4809930000000  0.5911430000000 1.0
C      1  0.4809930000000  0.4088570000000  0.5068440000000 1.0
C      1  0.5911430000000  0.5068440000000  0.5190070000000 1.0
C      1  0.4088570000000  0.5068440000000  0.4809930000000 1.0
C      1  0.5911430000000  0.4931560000000  0.4809930000000 1.0
C      1  0.5068440000000  0.5190070000000  0.5911430000000 1.0
C      1  0.4931560000000  0.5190070000000  0.4088570000000 1.0
C      1  0.5068440000000  0.4809930000000  0.4088570000000 1.0
C      1  0.5190070000000  0.5911430000000  0.5068440000000 1.0
C      1  0.4809930000000  0.5911430000000  0.4931560000000 1.0
C      1  0.5190070000000  0.4088570000000  0.4931560000000 1.0
C      1  0.4235920000000  0.4493970000000  0.4928660000000 1.0
C      1  0.4493970000000  0.4928660000000  0.4235920000000 1.0
C      1  0.4928660000000  0.4235920000000  0.4493970000000 1.0
C      1  0.5764080000000  0.5506030000000  0.4928660000000 1.0
C      1  0.4235920000000  0.5506030000000  0.5071340000000 1.0
C      1  0.5764080000000  0.4493970000000  0.5071340000000 1.0
C      1  0.5506030000000  0.5071340000000  0.4235920000000 1.0
C      1  0.4493970000000  0.5071340000000  0.5764080000000 1.0
C      1  0.5506030000000  0.4928660000000  0.5764080000000 1.0
C      1  0.5071340000000  0.5764080000000  0.4493970000000 1.0
C      1  0.4928660000000  0.5764080000000  0.5506030000000 1.0
C      1  0.5071340000000  0.4235920000000  0.5506030000000 1.0
C      1  0.4235920000000  0.4493970000000  0.5071340000000 1.0
C      1  0.4493970000000  0.4928660000000  0.5764080000000 1.0
C      1  0.4928660000000  0.4235920000000  0.5506030000000 1.0
C      1  0.5764080000000  0.5506030000000  0.5071340000000 1.0
C      1  0.4235920000000  0.5506030000000  0.4928660000000 1.0
C      1  0.5764080000000  0.4493970000000  0.4928660000000 1.0
C      1  0.5506030000000  0.5071340000000  0.5764080000000 1.0
C      1  0.4493970000000  0.5071340000000  0.4235920000000 1.0
C      1  0.5506030000000  0.4928660000000  0.4235920000000 1.0
C      1  0.5071340000000  0.5764080000000  0.5506030000000 1.0
C      1  0.4928660000000  0.5764080000000  0.4493970000000 1.0
C      1  0.5071340000000  0.4235920000000  0.4493970000000 1.0
C      1  0.5375370000000  0.4862900000000  0.4216380000000 1.0
C      1  0.4862900000000  0.4216380000000  0.5375370000000 1.0
C      1  0.4216380000000  0.5375370000000  0.4862900000000 1.0
C      1  0.4624630000000  0.5137100000000  0.4216380000000 1.0
C      1  0.5375370000000  0.5137100000000  0.5783620000000 1.0
C      1  0.4624630000000  0.4862900000000  0.5783620000000 1.0
C      1  0.5137100000000  0.5783620000000  0.5375370000000 1.0
C      1  0.4862900000000  0.5783620000000  0.4624630000000 1.0
C      1  0.5137100000000  0.4216380000000  0.4624630000000 1.0
C      1  0.5783620000000  0.4624630000000  0.4862900000000 1.0
C      1  0.4216380000000  0.4624630000000  0.5137100000000 1.0
C      1  0.5783620000000  0.5375370000000  0.5137100000000 1.0
C      1  0.5375370000000  0.4862900000000  0.5783620000000 1.0
C      1  0.4862900000000  0.4216380000000  0.4624630000000 1.0
C      1  0.4216380000000  0.5375370000000  0.5137100000000 1.0
C      1  0.4624630000000  0.5137100000000  0.5783620000000 1.0
C      1  0.5375370000000  0.5137100000000  0.4216380000000 1.0
C      1  0.4624630000000  0.4862900000000  0.4216380000000 1.0
C      1  0.5137100000000  0.5783620000000  0.4624630000000 1.0
C      1  0.4862900000000  0.5783620000000  0.5375370000000 1.0
C      1  0.5137100000000  0.4216380000000  0.5375370000000 1.0
C      1  0.5783620000000  0.4624630000000  0.5137100000000 1.0
C      1  0.4216380000000  0.4624630000000  0.4862900000000 1.0
C      1  0.5783620000000  0.5375370000000  0.4862900000000 1.0
C      1  0.4929080000000  0.5601450000000  0.5715040000000 1.0
C      1  0.5601450000000  0.5715040000000  0.4929080000000 1.0
C      1  0.5715040000000  0.4929080000000  0.5601450000000 1.0
C      1  0.5070920000000  0.4398550000000  0.5715040000000 1.0
C      1  0.4929080000000  0.4398550000000  0.4284960000000 1.0
C      1  0.5070920000000  0.5601450000000  0.4284960000000 1.0
C      1  0.4398550000000  0.4284960000000  0.4929080000000 1.0
C      1  0.5601450000000  0.4284960000000  0.5070920000000 1.0
C      1  0.4398550000000  0.5715040000000  0.5070920000000 1.0
C      1  0.4284960000000  0.5070920000000  0.5601450000000 1.0
C      1  0.5715040000000  0.5070920000000  0.4398550000000 1.0
C      1  0.4284960000000  0.4929080000000  0.4398550000000 1.0
C      1  0.4929080000000  0.5601450000000  0.4284960000000 1.0
C      1  0.5601450000000  0.5715040000000  0.5070920000000 1.0
C      1  0.5715040000000  0.4929080000000  0.4398550000000 1.0
C      1  0.5070920000000  0.4398550000000  0.4284960000000 1.0
C      1  0.4929080000000  0.4398550000000  0.5715040000000 1.0
C      1  0.5070920000000  0.5601450000000  0.5715040000000 1.0
C      1  0.4398550000000  0.4284960000000  0.5070920000000 1.0
C      1  0.5601450000000  0.4284960000000  0.4929080000000 1.0
C      1  0.4398550000000  0.5715040000000  0.4929080000000 1.0
C      1  0.4284960000000  0.5070920000000  0.4398550000000 1.0
C      1  0.5715040000000  0.5070920000000  0.5601450000000 1.0
C      1  0.4284960000000  0.4929080000000  0.5601450000000 1.0
C      1  0.4350080000000  0.5582140000000  0.4870880000000 1.0
C      1  0.5582140000000  0.4870880000000  0.4350080000000 1.0
C      1  0.4870880000000  0.4350080000000  0.5582140000000 1.0
C      1  0.5649920000000  0.4417860000000  0.4870880000000 1.0
C      1  0.4350080000000  0.4417860000000  0.5129120000000 1.0
C      1  0.5649920000000  0.5582140000000  0.5129120000000 1.0
C      1  0.4417860000000  0.5129120000000  0.4350080000000 1.0
C      1  0.5582140000000  0.5129120000000  0.5649920000000 1.0
C      1  0.4417860000000  0.4870880000000  0.5649920000000 1.0
C      1  0.5129120000000  0.5649920000000  0.5582140000000 1.0
C      1  0.4870880000000  0.5649920000000  0.4417860000000 1.0
C      1  0.5129120000000  0.4350080000000  0.4417860000000 1.0
C      1  0.4350080000000  0.5582140000000  0.5129120000000 1.0
C      1  0.5582140000000  0.4870880000000  0.5649920000000 1.0
C      1  0.4870880000000  0.4350080000000  0.4417860000000 1.0
C      1  0.5649920000000  0.4417860000000  0.5129120000000 1.0
C      1  0.4350080000000  0.4417860000000  0.4870880000000 1.0
C      1  0.5649920000000  0.5582140000000  0.4870880000000 1.0
C      1  0.4417860000000  0.5129120000000  0.5649920000000 1.0
C      1  0.5582140000000  0.5129120000000  0.4350080000000 1.0
C      1  0.4417860000000  0.4870880000000  0.4350080000000 1.0
C      1  0.5129120000000  0.5649920000000  0.4417860000000 1.0
C      1  0.4870880000000  0.5649920000000  0.5582140000000 1.0
C      1  0.5129120000000  0.4350080000000  0.5582140000000 1.0
C      1  0.5415680000000  0.4714480000000  0.4922810000000 1.0
C      1  0.4714480000000  0.4922810000000  0.5415680000000 1.0
C      1  0.4922810000000  0.5415680000000  0.4714480000000 1.0
C      1  0.4584320000000  0.5285520000000  0.4922810000000 1.0
C      1  0.5415680000000  0.5285520000000  0.5077190000000 1.0
C      1  0.4584320000000  0.4714480000000  0.5077190000000 1.0
C      1  0.5285520000000  0.5077190000000  0.5415680000000 1.0
C      1  0.4714480000000  0.5077190000000  0.4584320000000 1.0
C      1  0.5285520000000  0.4922810000000  0.4584320000000 1.0
C      1  0.5077190000000  0.4584320000000  0.4714480000000 1.0
C      1  0.4922810000000  0.4584320000000  0.5285520000000 1.0
C      1  0.5077190000000  0.5415680000000  0.5285520000000 1.0
C      1  0.5415680000000  0.4714480000000  0.5077190000000 1.0
C      1  0.4714480000000  0.4922810000000  0.4584320000000 1.0
C      1  0.4922810000000  0.5415680000000  0.5285520000000 1.0
C      1  0.4584320000000  0.5285520000000  0.5077190000000 1.0
C      1  0.5415680000000  0.5285520000000  0.4922810000000 1.0
C      1  0.4584320000000  0.4714480000000  0.4922810000000 1.0
C      1  0.5285520000000  0.5077190000000  0.4584320000000 1.0
C      1  0.4714480000000  0.5077190000000  0.5415680000000 1.0
C      1  0.5285520000000  0.4922810000000  0.5415680000000 1.0
C      1  0.5077190000000  0.4584320000000  0.5285520000000 1.0
C      1  0.4922810000000  0.4584320000000  0.4714480000000 1.0
C      1  0.5077190000000  0.5415680000000  0.4714480000000 1.0
C      1  0.4691520000000  0.4790280000000  0.4109910000000 1.0
C      1  0.4790280000000  0.4109910000000  0.4691520000000 1.0
C      1  0.4109910000000  0.4691520000000  0.4790280000000 1.0
C      1  0.5308480000000  0.5209720000000  0.4109910000000 1.0
C      1  0.4691520000000  0.5209720000000  0.5890090000000 1.0
C      1  0.5308480000000  0.4790280000000  0.5890090000000 1.0
C      1  0.5209720000000  0.5890090000000  0.4691520000000 1.0
C      1  0.4790280000000  0.5890090000000  0.5308480000000 1.0
C      1  0.5209720000000  0.4109910000000  0.5308480000000 1.0
C      1  0.5890090000000  0.5308480000000  0.4790280000000 1.0
C      1  0.4109910000000  0.5308480000000  0.5209720000000 1.0
C      1  0.5890090000000  0.4691520000000  0.5209720000000 1.0
C      1  0.4691520000000  0.4790280000000  0.5890090000000 1.0
C      1  0.4790280000000  0.4109910000000  0.5308480000000 1.0
C      1  0.4109910000000  0.4691520000000  0.5209720000000 1.0
C      1  0.5308480000000  0.5209720000000  0.5890090000000 1.0
C      1  0.4691520000000  0.5209720000000  0.4109910000000 1.0
C      1  0.5308480000000  0.4790280000000  0.4109910000000 1.0
C      1  0.5209720000000  0.5890090000000  0.5308480000000 1.0
C      1  0.4790280000000  0.5890090000000  0.4691520000000 1.0
C      1  0.5209720000000  0.4109910000000  0.4691520000000 1.0
C      1  0.5890090000000  0.5308480000000  0.5209720000000 1.0
C      1  0.4109910000000  0.5308480000000  0.4790280000000 1.0
C      1  0.5890090000000  0.4691520000000  0.4790280000000 1.0
C      1  0.4658470000000  0.5145900000000  0.4701480000000 1.0
C      1  0.5145900000000  0.4701480000000  0.4658470000000 1.0
C      1  0.4701480000000  0.4658470000000  0.5145900000000 1.0
C      1  0.5341530000000  0.4854100000000  0.4701480000000 1.0
C      1  0.4658470000000  0.4854100000000  0.5298520000000 1.0
C      1  0.5341530000000  0.5145900000000  0.5298520000000 1.0
C      1  0.4854100000000  0.5298520000000  0.4658470000000 1.0
C      1  0.5145900000000  0.5298520000000  0.5341530000000 1.0
C      1  0.4854100000000  0.4701480000000  0.5341530000000 1.0
C      1  0.5298520000000  0.5341530000000  0.5145900000000 1.0
C      1  0.4701480000000  0.5341530000000  0.4854100000000 1.0
C      1  0.5298520000000  0.4658470000000  0.4854100000000 1.0
C      1  0.4658470000000  0.5145900000000  0.5298520000000 1.0
C      1  0.5145900000000  0.4701480000000  0.5341530000000 1.0
C      1  0.4701480000000  0.4658470000000  0.4854100000000 1.0
C      1  0.5341530000000  0.4854100000000  0.5298520000000 1.0
C      1  0.4658470000000  0.4854100000000  0.4701480000000 1.0
C      1  0.5341530000000  0.5145900000000  0.4701480000000 1.0
C      1  0.4854100000000  0.5298520000000  0.5341530000000 1.0
C      1  0.5145900000000  0.5298520000000  0.4658470000000 1.0
C      1  0.4854100000000  0.4701480000000  0.4658470000000 1.0
C      1  0.5298520000000  0.5341530000000  0.4854100000000 1.0
C      1  0.4701480000000  0.5341530000000  0.5145900000000 1.0
C      1  0.5298520000000  0.4658470000000  0.5145900000000 1.0
C      1  0.5523180000000  0.4672820000000  0.4741040000000 1.0
C      1  0.4672820000000  0.4741040000000  0.5523180000000 1.0
C      1  0.4741040000000  0.5523180000000  0.4672820000000 1.0
C      1  0.4476820000000  0.5327180000000  0.4741040000000 1.0
C      1  0.5523180000000  0.5327180000000  0.5258960000000 1.0
C      1  0.4476820000000  0.4672820000000  0.5258960000000 1.0
C      1  0.5327180000000  0.5258960000000  0.5523180000000 1.0
C      1  0.4672820000000  0.5258960000000  0.4476820000000 1.0
C      1  0.5327180000000  0.4741040000000  0.4476820000000 1.0
C      1  0.5258960000000  0.4476820000000  0.4672820000000 1.0
C      1  0.4741040000000  0.4476820000000  0.5327180000000 1.0
C      1  0.5258960000000  0.5523180000000  0.5327180000000 1.0
C      1  0.5523180000000  0.4672820000000  0.5258960000000 1.0
C      1  0.4672820000000  0.4741040000000  0.4476820000000 1.0
C      1  0.4741040000000  0.5523180000000  0.5327180000000 1.0
C      1  0.4476820000000  0.5327180000000  0.5258960000000 1.0
C      1  0.5523180000000  0.5327180000000  0.4741040000000 1.0
C      1  0.4476820000000  0.4672820000000  0.4741040000000 1.0
C      1  0.5327180000000  0.5258960000000  0.4476820000000 1.0
C      1  0.4672820000000  0.5258960000000  0.5523180000000 1.0
C      1  0.5327180000000  0.4741040000000  0.5523180000000 1.0
C      1  0.5258960000000  0.4476820000000  0.5327180000000 1.0
C      1  0.4741040000000  0.4476820000000  0.4672820000000 1.0
C      1  0.5258960000000  0.5523180000000  0.4672820000000 1.0
C      1  0.4805230000000  0.4921450000000  0.5086450000000 1.0
C      1  0.4921450000000  0.5086450000000  0.4805230000000 1.0
C      1  0.5086450000000  0.4805230000000  0.4921450000000 1.0
C      1  0.5194770000000  0.5078550000000  0.5086450000000 1.0
C      1  0.4805230000000  0.5078550000000  0.4913550000000 1.0
C      1  0.5194770000000  0.4921450000000  0.4913550000000 1.0
C      1  0.5078550000000  0.4913550000000  0.4805230000000 1.0
C      1  0.4921450000000  0.4913550000000  0.5194770000000 1.0
C      1  0.5078550000000  0.5086450000000  0.5194770000000 1.0
C      1  0.4913550000000  0.5194770000000  0.4921450000000 1.0
