TITL C-1887022-1887-57 -3.58476631356991e-07 1000000 -2586.06631843146 0 0 360 (Th) n - 1
REM
REM in /nfs/bkarasulu/CARBON/AIRSS/Generating-Clusters/GAP-ML-2020/Higher-Symm/Selected-Sizes/TryA-Only_Ih-Symm/Larger-Clusters
REM
REM
REM
REM
REM
REM ./C.cell (2cf5181f0f1d4d5b12b972d32ad12063)
REM
REM compiler GCC version 9.2.1 20190827 (Red Hat 9.2.1-1)
REM options -cpp -mtune=generic -march=x86-64 -g -O0 -fpre-include=/usr/include/finclude/math-vector-fortran.h
REM seed -856845624 1748015308 1542105057 2107155795 331763399 -1920797418 384948240 -1718961902 -1325289947 -1602177187 -1856235487 -1504464167 617289539 -1607272457 384727906 2067603849 -91996558 -153780090 -1566378674 -79846986 -893145617 1846657169 482152266 -1569025027 -534170666 1109418207 1223021073 2007971479 1385119775 -1566181264 1192276622 -248154259 -1982124371
REM
CELL 1.54180  100.00000  100.00000  100.00000   90.00000   90.00000   90.00000
LATT -1
SFAC C  
C      1  0.5262380000000  0.5072810000000  0.5367730000000 1.0
C      1  0.5072810000000  0.5367730000000  0.5262380000000 1.0
C      1  0.5367730000000  0.5262380000000  0.5072810000000 1.0
C      1  0.4737620000000  0.4927190000000  0.5367730000000 1.0
C      1  0.5262380000000  0.4927190000000  0.4632270000000 1.0
C      1  0.4737620000000  0.5072810000000  0.4632270000000 1.0
C      1  0.4927190000000  0.4632270000000  0.5262380000000 1.0
C      1  0.5072810000000  0.4632270000000  0.4737620000000 1.0
C      1  0.4927190000000  0.5367730000000  0.4737620000000 1.0
C      1  0.4632270000000  0.4737620000000  0.5072810000000 1.0
C      1  0.5367730000000  0.4737620000000  0.4927190000000 1.0
C      1  0.4632270000000  0.5262380000000  0.4927190000000 1.0
C      1  0.5262380000000  0.5072810000000  0.4632270000000 1.0
C      1  0.5072810000000  0.5367730000000  0.4737620000000 1.0
C      1  0.5367730000000  0.5262380000000  0.4927190000000 1.0
C      1  0.4737620000000  0.4927190000000  0.4632270000000 1.0
C      1  0.5262380000000  0.4927190000000  0.5367730000000 1.0
C      1  0.4737620000000  0.5072810000000  0.5367730000000 1.0
C      1  0.4927190000000  0.4632270000000  0.4737620000000 1.0
C      1  0.5072810000000  0.4632270000000  0.5262380000000 1.0
C      1  0.4927190000000  0.5367730000000  0.5262380000000 1.0
C      1  0.4632270000000  0.4737620000000  0.4927190000000 1.0
C      1  0.5367730000000  0.4737620000000  0.5072810000000 1.0
C      1  0.4632270000000  0.5262380000000  0.5072810000000 1.0
C      1  0.5664340000000  0.4926960000000  0.5074600000000 1.0
C      1  0.4926960000000  0.5074600000000  0.5664340000000 1.0
C      1  0.5074600000000  0.5664340000000  0.4926960000000 1.0
C      1  0.4335660000000  0.5073040000000  0.5074600000000 1.0
C      1  0.5664340000000  0.5073040000000  0.4925400000000 1.0
C      1  0.4335660000000  0.4926960000000  0.4925400000000 1.0
C      1  0.5073040000000  0.4925400000000  0.5664340000000 1.0
C      1  0.4926960000000  0.4925400000000  0.4335660000000 1.0
C      1  0.5073040000000  0.5074600000000  0.4335660000000 1.0
C      1  0.4925400000000  0.4335660000000  0.4926960000000 1.0
C      1  0.5074600000000  0.4335660000000  0.5073040000000 1.0
C      1  0.4925400000000  0.5664340000000  0.5073040000000 1.0
C      1  0.5664340000000  0.4926960000000  0.4925400000000 1.0
C      1  0.4926960000000  0.5074600000000  0.4335660000000 1.0
C      1  0.5074600000000  0.5664340000000  0.5073040000000 1.0
C      1  0.4335660000000  0.5073040000000  0.4925400000000 1.0
C      1  0.5664340000000  0.5073040000000  0.5074600000000 1.0
C      1  0.4335660000000  0.4926960000000  0.5074600000000 1.0
C      1  0.5073040000000  0.4925400000000  0.4335660000000 1.0
C      1  0.4926960000000  0.4925400000000  0.5664340000000 1.0
C      1  0.5073040000000  0.5074600000000  0.5664340000000 1.0
C      1  0.4925400000000  0.4335660000000  0.5073040000000 1.0
C      1  0.5074600000000  0.4335660000000  0.4926960000000 1.0
C      1  0.4925400000000  0.5664340000000  0.4926960000000 1.0
C      1  0.4925860000000  0.4925530000000  0.5509090000000 1.0
C      1  0.4925530000000  0.5509090000000  0.4925860000000 1.0
C      1  0.5509090000000  0.4925860000000  0.4925530000000 1.0
C      1  0.5074140000000  0.5074470000000  0.5509090000000 1.0
C      1  0.4925860000000  0.5074470000000  0.4490910000000 1.0
C      1  0.5074140000000  0.4925530000000  0.4490910000000 1.0
C      1  0.5074470000000  0.4490910000000  0.4925860000000 1.0
C      1  0.4925530000000  0.4490910000000  0.5074140000000 1.0
C      1  0.5074470000000  0.5509090000000  0.5074140000000 1.0
C      1  0.4490910000000  0.5074140000000  0.4925530000000 1.0
C      1  0.5509090000000  0.5074140000000  0.5074470000000 1.0
C      1  0.4490910000000  0.4925860000000  0.5074470000000 1.0
C      1  0.4925860000000  0.4925530000000  0.4490910000000 1.0
C      1  0.4925530000000  0.5509090000000  0.5074140000000 1.0
C      1  0.5509090000000  0.4925860000000  0.5074470000000 1.0
C      1  0.5074140000000  0.5074470000000  0.4490910000000 1.0
C      1  0.4925860000000  0.5074470000000  0.5509090000000 1.0
C      1  0.5074140000000  0.4925530000000  0.5509090000000 1.0
C      1  0.5074470000000  0.4490910000000  0.5074140000000 1.0
C      1  0.4925530000000  0.4490910000000  0.4925860000000 1.0
C      1  0.5074470000000  0.5509090000000  0.4925860000000 1.0
C      1  0.4490910000000  0.5074140000000  0.5074470000000 1.0
C      1  0.5509090000000  0.5074140000000  0.4925530000000 1.0
C      1  0.4490910000000  0.4925860000000  0.4925530000000 1.0
C      1  0.5697050000000  0.4723370000000  0.5184010000000 1.0
C      1  0.4723370000000  0.5184010000000  0.5697050000000 1.0
C      1  0.5184010000000  0.5697050000000  0.4723370000000 1.0
C      1  0.4302950000000  0.5276630000000  0.5184010000000 1.0
C      1  0.5697050000000  0.5276630000000  0.4815990000000 1.0
C      1  0.4302950000000  0.4723370000000  0.4815990000000 1.0
C      1  0.5276630000000  0.4815990000000  0.5697050000000 1.0
C      1  0.4723370000000  0.4815990000000  0.4302950000000 1.0
C      1  0.5276630000000  0.5184010000000  0.4302950000000 1.0
C      1  0.4815990000000  0.4302950000000  0.4723370000000 1.0
C      1  0.5184010000000  0.4302950000000  0.5276630000000 1.0
C      1  0.4815990000000  0.5697050000000  0.5276630000000 1.0
C      1  0.5697050000000  0.4723370000000  0.4815990000000 1.0
C      1  0.4723370000000  0.5184010000000  0.4302950000000 1.0
C      1  0.5184010000000  0.5697050000000  0.5276630000000 1.0
C      1  0.4302950000000  0.5276630000000  0.4815990000000 1.0
C      1  0.5697050000000  0.5276630000000  0.5184010000000 1.0
C      1  0.4302950000000  0.4723370000000  0.5184010000000 1.0
C      1  0.5276630000000  0.4815990000000  0.4302950000000 1.0
C      1  0.4723370000000  0.4815990000000  0.5697050000000 1.0
C      1  0.5276630000000  0.5184010000000  0.5697050000000 1.0
C      1  0.4815990000000  0.4302950000000  0.5276630000000 1.0
C      1  0.5184010000000  0.4302950000000  0.4723370000000 1.0
C      1  0.4815990000000  0.5697050000000  0.4723370000000 1.0
C      1  0.5072870000000  0.5592390000000  0.4513770000000 1.0
C      1  0.5592390000000  0.4513770000000  0.5072870000000 1.0
C      1  0.4513770000000  0.5072870000000  0.5592390000000 1.0
C      1  0.4927130000000  0.4407610000000  0.4513770000000 1.0
C      1  0.5072870000000  0.4407610000000  0.5486230000000 1.0
C      1  0.4927130000000  0.5592390000000  0.5486230000000 1.0
C      1  0.4407610000000  0.5486230000000  0.5072870000000 1.0
C      1  0.5592390000000  0.5486230000000  0.4927130000000 1.0
C      1  0.4407610000000  0.4513770000000  0.4927130000000 1.0
C      1  0.5486230000000  0.4927130000000  0.5592390000000 1.0
C      1  0.4513770000000  0.4927130000000  0.4407610000000 1.0
C      1  0.5486230000000  0.5072870000000  0.4407610000000 1.0
C      1  0.5072870000000  0.5592390000000  0.5486230000000 1.0
C      1  0.5592390000000  0.4513770000000  0.4927130000000 1.0
C      1  0.4513770000000  0.5072870000000  0.4407610000000 1.0
C      1  0.4927130000000  0.4407610000000  0.5486230000000 1.0
C      1  0.5072870000000  0.4407610000000  0.4513770000000 1.0
C      1  0.4927130000000  0.5592390000000  0.4513770000000 1.0
C      1  0.4407610000000  0.5486230000000  0.4927130000000 1.0
C      1  0.5592390000000  0.5486230000000  0.5072870000000 1.0
C      1  0.4407610000000  0.4513770000000  0.5072870000000 1.0
C      1  0.5486230000000  0.4927130000000  0.4407610000000 1.0
C      1  0.4513770000000  0.4927130000000  0.5592390000000 1.0
C      1  0.5486230000000  0.5072870000000  0.5592390000000 1.0
C      1  0.5541350000000  0.4572190000000  0.5282500000000 1.0
C      1  0.4572190000000  0.5282500000000  0.5541350000000 1.0
C      1  0.5282500000000  0.5541350000000  0.4572190000000 1.0
C      1  0.4458650000000  0.5427810000000  0.5282500000000 1.0
C      1  0.5541350000000  0.5427810000000  0.4717500000000 1.0
C      1  0.4458650000000  0.4572190000000  0.4717500000000 1.0
C      1  0.5427810000000  0.4717500000000  0.5541350000000 1.0
C      1  0.4572190000000  0.4717500000000  0.4458650000000 1.0
C      1  0.5427810000000  0.5282500000000  0.4458650000000 1.0
C      1  0.4717500000000  0.4458650000000  0.4572190000000 1.0
C      1  0.5282500000000  0.4458650000000  0.5427810000000 1.0
C      1  0.4717500000000  0.5541350000000  0.5427810000000 1.0
C      1  0.5541350000000  0.4572190000000  0.4717500000000 1.0
C      1  0.4572190000000  0.5282500000000  0.4458650000000 1.0
C      1  0.5282500000000  0.5541350000000  0.5427810000000 1.0
C      1  0.4458650000000  0.5427810000000  0.4717500000000 1.0
C      1  0.5541350000000  0.5427810000000  0.5282500000000 1.0
C      1  0.4458650000000  0.4572190000000  0.5282500000000 1.0
C      1  0.5427810000000  0.4717500000000  0.4458650000000 1.0
C      1  0.4572190000000  0.4717500000000  0.5541350000000 1.0
C      1  0.5427810000000  0.5282500000000  0.5541350000000 1.0
C      1  0.4717500000000  0.4458650000000  0.5427810000000 1.0
C      1  0.5282500000000  0.4458650000000  0.4572190000000 1.0
C      1  0.4717500000000  0.5541350000000  0.4572190000000 1.0
C      1  0.5388690000000  0.5609920000000  0.5183190000000 1.0
C      1  0.5609920000000  0.5183190000000  0.5388690000000 1.0
C      1  0.5183190000000  0.5388690000000  0.5609920000000 1.0
C      1  0.4611310000000  0.4390080000000  0.5183190000000 1.0
C      1  0.5388690000000  0.4390080000000  0.4816810000000 1.0
C      1  0.4611310000000  0.5609920000000  0.4816810000000 1.0
C      1  0.4390080000000  0.4816810000000  0.5388690000000 1.0
C      1  0.5609920000000  0.4816810000000  0.4611310000000 1.0
C      1  0.4390080000000  0.5183190000000  0.4611310000000 1.0
C      1  0.4816810000000  0.4611310000000  0.5609920000000 1.0
C      1  0.5183190000000  0.4611310000000  0.4390080000000 1.0
C      1  0.4816810000000  0.5388690000000  0.4390080000000 1.0
C      1  0.5388690000000  0.5609920000000  0.4816810000000 1.0
C      1  0.5609920000000  0.5183190000000  0.4611310000000 1.0
C      1  0.5183190000000  0.5388690000000  0.4390080000000 1.0
C      1  0.4611310000000  0.4390080000000  0.4816810000000 1.0
C      1  0.5388690000000  0.4390080000000  0.5183190000000 1.0
C      1  0.4611310000000  0.5609920000000  0.5183190000000 1.0
C      1  0.4390080000000  0.4816810000000  0.4611310000000 1.0
C      1  0.5609920000000  0.4816810000000  0.5388690000000 1.0
C      1  0.4390080000000  0.5183190000000  0.5388690000000 1.0
C      1  0.4816810000000  0.4611310000000  0.4390080000000 1.0
C      1  0.5183190000000  0.4611310000000  0.5609920000000 1.0
C      1  0.4816810000000  0.5388690000000  0.5609920000000 1.0
C      1  0.4322810000000  0.4925480000000  0.5314810000000 1.0
C      1  0.4925480000000  0.5314810000000  0.4322810000000 1.0
C      1  0.5314810000000  0.4322810000000  0.4925480000000 1.0
C      1  0.5677190000000  0.5074520000000  0.5314810000000 1.0
C      1  0.4322810000000  0.5074520000000  0.4685190000000 1.0
C      1  0.5677190000000  0.4925480000000  0.4685190000000 1.0
C      1  0.5074520000000  0.4685190000000  0.4322810000000 1.0
C      1  0.4925480000000  0.4685190000000  0.5677190000000 1.0
C      1  0.5074520000000  0.5314810000000  0.5677190000000 1.0
C      1  0.4685190000000  0.5677190000000  0.4925480000000 1.0
C      1  0.5314810000000  0.5677190000000  0.5074520000000 1.0
C      1  0.4685190000000  0.4322810000000  0.5074520000000 1.0
C      1  0.4322810000000  0.4925480000000  0.4685190000000 1.0
C      1  0.4925480000000  0.5314810000000  0.5677190000000 1.0
C      1  0.5314810000000  0.4322810000000  0.5074520000000 1.0
C      1  0.5677190000000  0.5074520000000  0.4685190000000 1.0
C      1  0.4322810000000  0.5074520000000  0.5314810000000 1.0
C      1  0.5677190000000  0.4925480000000  0.5314810000000 1.0
C      1  0.5074520000000  0.4685190000000  0.5677190000000 1.0
C      1  0.4925480000000  0.4685190000000  0.4322810000000 1.0
C      1  0.5074520000000  0.5314810000000  0.4322810000000 1.0
C      1  0.4685190000000  0.5677190000000  0.5074520000000 1.0
C      1  0.5314810000000  0.5677190000000  0.4925480000000 1.0
C      1  0.4685190000000  0.4322810000000  0.4925480000000 1.0
C      1  0.4487850000000  0.4470930000000  0.5178870000000 1.0
C      1  0.4470930000000  0.5178870000000  0.4487850000000 1.0
C      1  0.5178870000000  0.4487850000000  0.4470930000000 1.0
C      1  0.5512150000000  0.5529070000000  0.5178870000000 1.0
C      1  0.4487850000000  0.5529070000000  0.4821130000000 1.0
C      1  0.5512150000000  0.4470930000000  0.4821130000000 1.0
C      1  0.5529070000000  0.4821130000000  0.4487850000000 1.0
C      1  0.4470930000000  0.4821130000000  0.5512150000000 1.0
C      1  0.5529070000000  0.5178870000000  0.5512150000000 1.0
C      1  0.4821130000000  0.5512150000000  0.4470930000000 1.0
C      1  0.5178870000000  0.5512150000000  0.5529070000000 1.0
C      1  0.4821130000000  0.4487850000000  0.5529070000000 1.0
C      1  0.4487850000000  0.4470930000000  0.4821130000000 1.0
C      1  0.4470930000000  0.5178870000000  0.5512150000000 1.0
C      1  0.5178870000000  0.4487850000000  0.5529070000000 1.0
C      1  0.5512150000000  0.5529070000000  0.4821130000000 1.0
C      1  0.4487850000000  0.5529070000000  0.5178870000000 1.0
C      1  0.5512150000000  0.4470930000000  0.5178870000000 1.0
C      1  0.5529070000000  0.4821130000000  0.5512150000000 1.0
C      1  0.4470930000000  0.4821130000000  0.4487850000000 1.0
C      1  0.5529070000000  0.5178870000000  0.4487850000000 1.0
C      1  0.4821130000000  0.5512150000000  0.5529070000000 1.0
C      1  0.5178870000000  0.5512150000000  0.4470930000000 1.0
C      1  0.4821130000000  0.4487850000000  0.4470930000000 1.0
C      1  0.4276010000000  0.5136430000000  0.4813710000000 1.0
C      1  0.5136430000000  0.4813710000000  0.4276010000000 1.0
C      1  0.4813710000000  0.4276010000000  0.5136430000000 1.0
C      1  0.5723990000000  0.4863570000000  0.4813710000000 1.0
C      1  0.4276010000000  0.4863570000000  0.5186290000000 1.0
C      1  0.5723990000000  0.5136430000000  0.5186290000000 1.0
C      1  0.4863570000000  0.5186290000000  0.4276010000000 1.0
C      1  0.5136430000000  0.5186290000000  0.5723990000000 1.0
C      1  0.4863570000000  0.4813710000000  0.5723990000000 1.0
C      1  0.5186290000000  0.5723990000000  0.5136430000000 1.0
C      1  0.4813710000000  0.5723990000000  0.4863570000000 1.0
C      1  0.5186290000000  0.4276010000000  0.4863570000000 1.0
C      1  0.4276010000000  0.5136430000000  0.5186290000000 1.0
C      1  0.5136430000000  0.4813710000000  0.5723990000000 1.0
C      1  0.4813710000000  0.4276010000000  0.4863570000000 1.0
C      1  0.5723990000000  0.4863570000000  0.5186290000000 1.0
C      1  0.4276010000000  0.4863570000000  0.4813710000000 1.0
C      1  0.5723990000000  0.5136430000000  0.4813710000000 1.0
C      1  0.4863570000000  0.5186290000000  0.5723990000000 1.0
C      1  0.5136430000000  0.5186290000000  0.4276010000000 1.0
C      1  0.4863570000000  0.4813710000000  0.4276010000000 1.0
C      1  0.5186290000000  0.5723990000000  0.4863570000000 1.0
C      1  0.4813710000000  0.5723990000000  0.5136430000000 1.0
C      1  0.5186290000000  0.4276010000000  0.5136430000000 1.0
C      1  0.4742740000000  0.4637410000000  0.4926600000000 1.0
C      1  0.4637410000000  0.4926600000000  0.4742740000000 1.0
C      1  0.4926600000000  0.4742740000000  0.4637410000000 1.0
C      1  0.5257260000000  0.5362590000000  0.4926600000000 1.0
C      1  0.4742740000000  0.5362590000000  0.5073400000000 1.0
C      1  0.5257260000000  0.4637410000000  0.5073400000000 1.0
C      1  0.5362590000000  0.5073400000000  0.4742740000000 1.0
C      1  0.4637410000000  0.5073400000000  0.5257260000000 1.0
C      1  0.5362590000000  0.4926600000000  0.5257260000000 1.0
C      1  0.5073400000000  0.5257260000000  0.4637410000000 1.0
C      1  0.4926600000000  0.5257260000000  0.5362590000000 1.0
C      1  0.5073400000000  0.4742740000000  0.5362590000000 1.0
C      1  0.4742740000000  0.4637410000000  0.5073400000000 1.0
C      1  0.4637410000000  0.4926600000000  0.5257260000000 1.0
C      1  0.4926600000000  0.4742740000000  0.5362590000000 1.0
C      1  0.5257260000000  0.5362590000000  0.5073400000000 1.0
C      1  0.4742740000000  0.5362590000000  0.4926600000000 1.0
C      1  0.5257260000000  0.4637410000000  0.4926600000000 1.0
C      1  0.5362590000000  0.5073400000000  0.5257260000000 1.0
C      1  0.4637410000000  0.5073400000000  0.4742740000000 1.0
C      1  0.5362590000000  0.4926600000000  0.4742740000000 1.0
C      1  0.5073400000000  0.5257260000000  0.5362590000000 1.0
C      1  0.4926600000000  0.5257260000000  0.4637410000000 1.0
C      1  0.5073400000000  0.4742740000000  0.4637410000000 1.0
C      1  0.4926630000000  0.5676720000000  0.4635010000000 1.0
C      1  0.5676720000000  0.4635010000000  0.4926630000000 1.0
C      1  0.4635010000000  0.4926630000000  0.5676720000000 1.0
C      1  0.5073370000000  0.4323280000000  0.4635010000000 1.0
C      1  0.4926630000000  0.4323280000000  0.5364990000000 1.0
C      1  0.5073370000000  0.5676720000000  0.5364990000000 1.0
C      1  0.4323280000000  0.5364990000000  0.4926630000000 1.0
C      1  0.5676720000000  0.5364990000000  0.5073370000000 1.0
C      1  0.4323280000000  0.4635010000000  0.5073370000000 1.0
C      1  0.5364990000000  0.5073370000000  0.5676720000000 1.0
C      1  0.4635010000000  0.5073370000000  0.4323280000000 1.0
C      1  0.5364990000000  0.4926630000000  0.4323280000000 1.0
C      1  0.4926630000000  0.5676720000000  0.5364990000000 1.0
C      1  0.5676720000000  0.4635010000000  0.5073370000000 1.0
C      1  0.4635010000000  0.4926630000000  0.4323280000000 1.0
C      1  0.5073370000000  0.4323280000000  0.5364990000000 1.0
C      1  0.4926630000000  0.4323280000000  0.4635010000000 1.0
C      1  0.5073370000000  0.5676720000000  0.4635010000000 1.0
C      1  0.4323280000000  0.5364990000000  0.5073370000000 1.0
C      1  0.5676720000000  0.5364990000000  0.4926630000000 1.0
C      1  0.4323280000000  0.4635010000000  0.4926630000000 1.0
C      1  0.5364990000000  0.5073370000000  0.4323280000000 1.0
C      1  0.4635010000000  0.5073370000000  0.5676720000000 1.0
C      1  0.5364990000000  0.4926630000000  0.5676720000000 1.0
C      1  0.4850650000000  0.5410390000000  0.5151100000000 1.0
C      1  0.5410390000000  0.5151100000000  0.4850650000000 1.0
C      1  0.5151100000000  0.4850650000000  0.5410390000000 1.0
C      1  0.5149350000000  0.4589610000000  0.5151100000000 1.0
C      1  0.4850650000000  0.4589610000000  0.4848900000000 1.0
C      1  0.5149350000000  0.5410390000000  0.4848900000000 1.0
C      1  0.4589610000000  0.4848900000000  0.4850650000000 1.0
C      1  0.5410390000000  0.4848900000000  0.5149350000000 1.0
C      1  0.4589610000000  0.5151100000000  0.5149350000000 1.0
C      1  0.4848900000000  0.5149350000000  0.5410390000000 1.0
C      1  0.5151100000000  0.5149350000000  0.4589610000000 1.0
C      1  0.4848900000000  0.4850650000000  0.4589610000000 1.0
C      1  0.4850650000000  0.5410390000000  0.4848900000000 1.0
C      1  0.5410390000000  0.5151100000000  0.5149350000000 1.0
C      1  0.5151100000000  0.4850650000000  0.4589610000000 1.0
C      1  0.5149350000000  0.4589610000000  0.4848900000000 1.0
C      1  0.4850650000000  0.4589610000000  0.5151100000000 1.0
C      1  0.5149350000000  0.5410390000000  0.5151100000000 1.0
C      1  0.4589610000000  0.4848900000000  0.5149350000000 1.0
C      1  0.5410390000000  0.4848900000000  0.4850650000000 1.0
C      1  0.4589610000000  0.5151100000000  0.4850650000000 1.0
C      1  0.4848900000000  0.5149350000000  0.4589610000000 1.0
C      1  0.5151100000000  0.5149350000000  0.5410390000000 1.0
C      1  0.4848900000000  0.4850650000000  0.5410390000000 1.0
C      1  0.5306490000000  0.4700950000000  0.5623560000000 1.0
C      1  0.4700950000000  0.5623560000000  0.5306490000000 1.0
C      1  0.5623560000000  0.5306490000000  0.4700950000000 1.0
C      1  0.4693510000000  0.5299050000000  0.5623560000000 1.0
C      1  0.5306490000000  0.5299050000000  0.4376440000000 1.0
C      1  0.4693510000000  0.4700950000000  0.4376440000000 1.0
C      1  0.5299050000000  0.4376440000000  0.5306490000000 1.0
C      1  0.4700950000000  0.4376440000000  0.4693510000000 1.0
C      1  0.5299050000000  0.5623560000000  0.4693510000000 1.0
C      1  0.4376440000000  0.4693510000000  0.4700950000000 1.0
C      1  0.5623560000000  0.4693510000000  0.5299050000000 1.0
C      1  0.4376440000000  0.5306490000000  0.5299050000000 1.0
C      1  0.5306490000000  0.4700950000000  0.4376440000000 1.0
C      1  0.4700950000000  0.5623560000000  0.4693510000000 1.0
C      1  0.5623560000000  0.5306490000000  0.5299050000000 1.0
C      1  0.4693510000000  0.5299050000000  0.4376440000000 1.0
C      1  0.5306490000000  0.5299050000000  0.5623560000000 1.0
C      1  0.4693510000000  0.4700950000000  0.5623560000000 1.0
C      1  0.5299050000000  0.4376440000000  0.4693510000000 1.0
C      1  0.4700950000000  0.4376440000000  0.5306490000000 1.0
C      1  0.5299050000000  0.5623560000000  0.5306490000000 1.0
C      1  0.4376440000000  0.4693510000000  0.5299050000000 1.0
C      1  0.5623560000000  0.4693510000000  0.4700950000000 1.0
C      1  0.4376440000000  0.5306490000000  0.4700950000000 1.0
C      1  0.4688160000000  0.5423210000000  0.4623700000000 1.0
C      1  0.5423210000000  0.4623700000000  0.4688160000000 1.0
C      1  0.4623700000000  0.4688160000000  0.5423210000000 1.0
C      1  0.5311840000000  0.4576790000000  0.4623700000000 1.0
C      1  0.4688160000000  0.4576790000000  0.5376300000000 1.0
C      1  0.5311840000000  0.5423210000000  0.5376300000000 1.0
C      1  0.4576790000000  0.5376300000000  0.4688160000000 1.0
C      1  0.5423210000000  0.5376300000000  0.5311840000000 1.0
C      1  0.4576790000000  0.4623700000000  0.5311840000000 1.0
C      1  0.5376300000000  0.5311840000000  0.5423210000000 1.0
C      1  0.4623700000000  0.5311840000000  0.4576790000000 1.0
C      1  0.5376300000000  0.4688160000000  0.4576790000000 1.0
C      1  0.4688160000000  0.5423210000000  0.5376300000000 1.0
C      1  0.5423210000000  0.4623700000000  0.5311840000000 1.0
C      1  0.4623700000000  0.4688160000000  0.4576790000000 1.0
C      1  0.5311840000000  0.4576790000000  0.5376300000000 1.0
C      1  0.4688160000000  0.4576790000000  0.4623700000000 1.0
C      1  0.5311840000000  0.5423210000000  0.4623700000000 1.0
C      1  0.4576790000000  0.5376300000000  0.5311840000000 1.0
C      1  0.5423210000000  0.5376300000000  0.4688160000000 1.0
C      1  0.4576790000000  0.4623700000000  0.4688160000000 1.0
C      1  0.5376300000000  0.5311840000000  0.4576790000000 1.0
C      1  0.4623700000000  0.5311840000000  0.5423210000000 1.0
C      1  0.5376300000000  0.4688160000000  0.5423210000000 1.0
END
