TITL C-1887013-2217-80 3.95534297925588e-06 1000000 -4263.23889542145 0 0 600 (Th) n - 1
REM
REM in /nfs/bkarasulu/CARBON/AIRSS/Generating-Clusters/GAP-ML-2020/Higher-Symm/Selected-Sizes/TryA-Only_Ih-Symm/Larger-Clusters
REM
REM
REM
REM
REM
REM ./C.cell (2cf5181f0f1d4d5b12b972d32ad12063)
REM
REM compiler GCC version 9.2.1 20190827 (Red Hat 9.2.1-1)
REM options -cpp -mtune=generic -march=x86-64 -g -O0 -fpre-include=/usr/include/finclude/math-vector-fortran.h
REM seed 461220544 1982423417 -2017578289 113289403 1792940082 561279653 113495544 -769239613 -1633352936 1435010891 976885351 1518966915 445283172 1205424539 -287615719 -252453381 1900413514 -1452519801 370735687 -1655921674 1720079116 -1685402188 1812983921 475155568 -1630057961 -751306099 589757892 -178163512 -404610068 -1892019525 570223128 1073102057 -567408360
REM
CELL 1.54180  100.00000  100.00000  100.00000   90.00000   90.00000   90.00000
LATT -1
SFAC C  
C      1  0.4825230000000  0.5515830000000  0.4681600000000 1.0
C      1  0.5515830000000  0.4681600000000  0.4825230000000 1.0
C      1  0.4681600000000  0.4825230000000  0.5515830000000 1.0
C      1  0.5174770000000  0.4484170000000  0.4681600000000 1.0
C      1  0.4825230000000  0.4484170000000  0.5318400000000 1.0
C      1  0.5174770000000  0.5515830000000  0.5318400000000 1.0
C      1  0.4484170000000  0.5318400000000  0.4825230000000 1.0
C      1  0.5515830000000  0.5318400000000  0.5174770000000 1.0
C      1  0.4484170000000  0.4681600000000  0.5174770000000 1.0
C      1  0.5318400000000  0.5174770000000  0.5515830000000 1.0
C      1  0.4681600000000  0.5174770000000  0.4484170000000 1.0
C      1  0.5318400000000  0.4825230000000  0.4484170000000 1.0
C      1  0.4825230000000  0.5515830000000  0.5318400000000 1.0
C      1  0.5515830000000  0.4681600000000  0.5174770000000 1.0
C      1  0.4681600000000  0.4825230000000  0.4484170000000 1.0
C      1  0.5174770000000  0.4484170000000  0.5318400000000 1.0
C      1  0.4825230000000  0.4484170000000  0.4681600000000 1.0
C      1  0.5174770000000  0.5515830000000  0.4681600000000 1.0
C      1  0.4484170000000  0.5318400000000  0.5174770000000 1.0
C      1  0.5515830000000  0.5318400000000  0.4825230000000 1.0
C      1  0.4484170000000  0.4681600000000  0.4825230000000 1.0
C      1  0.5318400000000  0.5174770000000  0.4484170000000 1.0
C      1  0.4681600000000  0.5174770000000  0.5515830000000 1.0
C      1  0.5318400000000  0.4825230000000  0.5515830000000 1.0
C      1  0.5357290000000  0.4245030000000  0.4689610000000 1.0
C      1  0.4245030000000  0.4689610000000  0.5357290000000 1.0
C      1  0.4689610000000  0.5357290000000  0.4245030000000 1.0
C      1  0.4642710000000  0.5754970000000  0.4689610000000 1.0
C      1  0.5357290000000  0.5754970000000  0.5310390000000 1.0
C      1  0.4642710000000  0.4245030000000  0.5310390000000 1.0
C      1  0.5754970000000  0.5310390000000  0.5357290000000 1.0
C      1  0.4245030000000  0.5310390000000  0.4642710000000 1.0
C      1  0.5754970000000  0.4689610000000  0.4642710000000 1.0
C      1  0.5310390000000  0.4642710000000  0.4245030000000 1.0
C      1  0.4689610000000  0.4642710000000  0.5754970000000 1.0
C      1  0.5310390000000  0.5357290000000  0.5754970000000 1.0
C      1  0.5357290000000  0.4245030000000  0.5310390000000 1.0
C      1  0.4245030000000  0.4689610000000  0.4642710000000 1.0
C      1  0.4689610000000  0.5357290000000  0.5754970000000 1.0
C      1  0.4642710000000  0.5754970000000  0.5310390000000 1.0
C      1  0.5357290000000  0.5754970000000  0.4689610000000 1.0
C      1  0.4642710000000  0.4245030000000  0.4689610000000 1.0
C      1  0.5754970000000  0.5310390000000  0.4642710000000 1.0
C      1  0.4245030000000  0.5310390000000  0.5357290000000 1.0
C      1  0.5754970000000  0.4689610000000  0.5357290000000 1.0
C      1  0.5310390000000  0.4642710000000  0.5754970000000 1.0
C      1  0.4689610000000  0.4642710000000  0.4245030000000 1.0
C      1  0.5310390000000  0.5357290000000  0.4245030000000 1.0
C      1  0.5168720000000  0.4636910000000  0.4516650000000 1.0
C      1  0.4636910000000  0.4516650000000  0.5168720000000 1.0
C      1  0.4516650000000  0.5168720000000  0.4636910000000 1.0
C      1  0.4831280000000  0.5363090000000  0.4516650000000 1.0
C      1  0.5168720000000  0.5363090000000  0.5483350000000 1.0
C      1  0.4831280000000  0.4636910000000  0.5483350000000 1.0
C      1  0.5363090000000  0.5483350000000  0.5168720000000 1.0
C      1  0.4636910000000  0.5483350000000  0.4831280000000 1.0
C      1  0.5363090000000  0.4516650000000  0.4831280000000 1.0
C      1  0.5483350000000  0.4831280000000  0.4636910000000 1.0
C      1  0.4516650000000  0.4831280000000  0.5363090000000 1.0
C      1  0.5483350000000  0.5168720000000  0.5363090000000 1.0
C      1  0.5168720000000  0.4636910000000  0.5483350000000 1.0
C      1  0.4636910000000  0.4516650000000  0.4831280000000 1.0
C      1  0.4516650000000  0.5168720000000  0.5363090000000 1.0
C      1  0.4831280000000  0.5363090000000  0.5483350000000 1.0
C      1  0.5168720000000  0.5363090000000  0.4516650000000 1.0
C      1  0.4831280000000  0.4636910000000  0.4516650000000 1.0
C      1  0.5363090000000  0.5483350000000  0.4831280000000 1.0
C      1  0.4636910000000  0.5483350000000  0.5168720000000 1.0
C      1  0.5363090000000  0.4516650000000  0.5168720000000 1.0
C      1  0.5483350000000  0.4831280000000  0.5363090000000 1.0
C      1  0.4516650000000  0.4831280000000  0.4636910000000 1.0
C      1  0.5483350000000  0.5168720000000  0.4636910000000 1.0
C      1  0.4709580000000  0.4277620000000  0.5176230000000 1.0
C      1  0.4277620000000  0.5176230000000  0.4709580000000 1.0
C      1  0.5176230000000  0.4709580000000  0.4277620000000 1.0
C      1  0.5290420000000  0.5722380000000  0.5176230000000 1.0
C      1  0.4709580000000  0.5722380000000  0.4823770000000 1.0
C      1  0.5290420000000  0.4277620000000  0.4823770000000 1.0
C      1  0.5722380000000  0.4823770000000  0.4709580000000 1.0
C      1  0.4277620000000  0.4823770000000  0.5290420000000 1.0
C      1  0.5722380000000  0.5176230000000  0.5290420000000 1.0
C      1  0.4823770000000  0.5290420000000  0.4277620000000 1.0
C      1  0.5176230000000  0.5290420000000  0.5722380000000 1.0
C      1  0.4823770000000  0.4709580000000  0.5722380000000 1.0
C      1  0.4709580000000  0.4277620000000  0.4823770000000 1.0
C      1  0.4277620000000  0.5176230000000  0.5290420000000 1.0
C      1  0.5176230000000  0.4709580000000  0.5722380000000 1.0
C      1  0.5290420000000  0.5722380000000  0.4823770000000 1.0
C      1  0.4709580000000  0.5722380000000  0.5176230000000 1.0
C      1  0.5290420000000  0.4277620000000  0.5176230000000 1.0
C      1  0.5722380000000  0.4823770000000  0.5290420000000 1.0
C      1  0.4277620000000  0.4823770000000  0.4709580000000 1.0
C      1  0.5722380000000  0.5176230000000  0.4709580000000 1.0
C      1  0.4823770000000  0.5290420000000  0.5722380000000 1.0
C      1  0.5176230000000  0.5290420000000  0.4277620000000 1.0
C      1  0.4823770000000  0.4709580000000  0.4277620000000 1.0
C      1  0.5570310000000  0.5631840000000  0.4640400000000 1.0
C      1  0.5631840000000  0.4640400000000  0.5570310000000 1.0
C      1  0.4640400000000  0.5570310000000  0.5631840000000 1.0
C      1  0.4429690000000  0.4368160000000  0.4640400000000 1.0
C      1  0.5570310000000  0.4368160000000  0.5359600000000 1.0
C      1  0.4429690000000  0.5631840000000  0.5359600000000 1.0
C      1  0.4368160000000  0.5359600000000  0.5570310000000 1.0
C      1  0.5631840000000  0.5359600000000  0.4429690000000 1.0
C      1  0.4368160000000  0.4640400000000  0.4429690000000 1.0
C      1  0.5359600000000  0.4429690000000  0.5631840000000 1.0
C      1  0.4640400000000  0.4429690000000  0.4368160000000 1.0
C      1  0.5359600000000  0.5570310000000  0.4368160000000 1.0
C      1  0.5570310000000  0.5631840000000  0.5359600000000 1.0
C      1  0.5631840000000  0.4640400000000  0.4429690000000 1.0
C      1  0.4640400000000  0.5570310000000  0.4368160000000 1.0
C      1  0.4429690000000  0.4368160000000  0.5359600000000 1.0
C      1  0.5570310000000  0.4368160000000  0.4640400000000 1.0
C      1  0.4429690000000  0.5631840000000  0.4640400000000 1.0
C      1  0.4368160000000  0.5359600000000  0.4429690000000 1.0
C      1  0.5631840000000  0.5359600000000  0.5570310000000 1.0
C      1  0.4368160000000  0.4640400000000  0.5570310000000 1.0
C      1  0.5359600000000  0.4429690000000  0.4368160000000 1.0
C      1  0.4640400000000  0.4429690000000  0.5631840000000 1.0
C      1  0.5359600000000  0.5570310000000  0.5631840000000 1.0
C      1  0.5149700000000  0.4371500000000  0.4393970000000 1.0
C      1  0.4371500000000  0.4393970000000  0.5149700000000 1.0
C      1  0.4393970000000  0.5149700000000  0.4371500000000 1.0
C      1  0.4850300000000  0.5628500000000  0.4393970000000 1.0
C      1  0.5149700000000  0.5628500000000  0.5606030000000 1.0
C      1  0.4850300000000  0.4371500000000  0.5606030000000 1.0
C      1  0.5628500000000  0.5606030000000  0.5149700000000 1.0
C      1  0.4371500000000  0.5606030000000  0.4850300000000 1.0
C      1  0.5628500000000  0.4393970000000  0.4850300000000 1.0
C      1  0.5606030000000  0.4850300000000  0.4371500000000 1.0
C      1  0.4393970000000  0.4850300000000  0.5628500000000 1.0
C      1  0.5606030000000  0.5149700000000  0.5628500000000 1.0
C      1  0.5149700000000  0.4371500000000  0.5606030000000 1.0
C      1  0.4371500000000  0.4393970000000  0.4850300000000 1.0
C      1  0.4393970000000  0.5149700000000  0.5628500000000 1.0
C      1  0.4850300000000  0.5628500000000  0.5606030000000 1.0
C      1  0.5149700000000  0.5628500000000  0.4393970000000 1.0
C      1  0.4850300000000  0.4371500000000  0.4393970000000 1.0
C      1  0.5628500000000  0.5606030000000  0.4850300000000 1.0
C      1  0.4371500000000  0.5606030000000  0.5149700000000 1.0
C      1  0.5628500000000  0.4393970000000  0.5149700000000 1.0
C      1  0.5606030000000  0.4850300000000  0.5628500000000 1.0
C      1  0.4393970000000  0.4850300000000  0.4371500000000 1.0
C      1  0.5606030000000  0.5149700000000  0.4371500000000 1.0
C      1  0.4282260000000  0.5532290000000  0.4930110000000 1.0
C      1  0.5532290000000  0.4930110000000  0.4282260000000 1.0
C      1  0.4930110000000  0.4282260000000  0.5532290000000 1.0
C      1  0.5717740000000  0.4467710000000  0.4930110000000 1.0
C      1  0.4282260000000  0.4467710000000  0.5069890000000 1.0
C      1  0.5717740000000  0.5532290000000  0.5069890000000 1.0
C      1  0.4467710000000  0.5069890000000  0.4282260000000 1.0
C      1  0.5532290000000  0.5069890000000  0.5717740000000 1.0
C      1  0.4467710000000  0.4930110000000  0.5717740000000 1.0
C      1  0.5069890000000  0.5717740000000  0.5532290000000 1.0
C      1  0.4930110000000  0.5717740000000  0.4467710000000 1.0
C      1  0.5069890000000  0.4282260000000  0.4467710000000 1.0
C      1  0.4282260000000  0.5532290000000  0.5069890000000 1.0
C      1  0.5532290000000  0.4930110000000  0.5717740000000 1.0
C      1  0.4930110000000  0.4282260000000  0.4467710000000 1.0
C      1  0.5717740000000  0.4467710000000  0.5069890000000 1.0
C      1  0.4282260000000  0.4467710000000  0.4930110000000 1.0
C      1  0.5717740000000  0.5532290000000  0.4930110000000 1.0
C      1  0.4467710000000  0.5069890000000  0.5717740000000 1.0
C      1  0.5532290000000  0.5069890000000  0.4282260000000 1.0
C      1  0.4467710000000  0.4930110000000  0.4282260000000 1.0
C      1  0.5069890000000  0.5717740000000  0.4467710000000 1.0
C      1  0.4930110000000  0.5717740000000  0.5532290000000 1.0
C      1  0.5069890000000  0.4282260000000  0.5532290000000 1.0
C      1  0.4851600000000  0.4494200000000  0.5125520000000 1.0
C      1  0.4494200000000  0.5125520000000  0.4851600000000 1.0
C      1  0.5125520000000  0.4851600000000  0.4494200000000 1.0
C      1  0.5148400000000  0.5505800000000  0.5125520000000 1.0
C      1  0.4851600000000  0.5505800000000  0.4874480000000 1.0
C      1  0.5148400000000  0.4494200000000  0.4874480000000 1.0
C      1  0.5505800000000  0.4874480000000  0.4851600000000 1.0
C      1  0.4494200000000  0.4874480000000  0.5148400000000 1.0
C      1  0.5505800000000  0.5125520000000  0.5148400000000 1.0
C      1  0.4874480000000  0.5148400000000  0.4494200000000 1.0
C      1  0.5125520000000  0.5148400000000  0.5505800000000 1.0
C      1  0.4874480000000  0.4851600000000  0.5505800000000 1.0
C      1  0.4851600000000  0.4494200000000  0.4874480000000 1.0
C      1  0.4494200000000  0.5125520000000  0.5148400000000 1.0
C      1  0.5125520000000  0.4851600000000  0.5505800000000 1.0
C      1  0.5148400000000  0.5505800000000  0.4874480000000 1.0
C      1  0.4851600000000  0.5505800000000  0.5125520000000 1.0
C      1  0.5148400000000  0.4494200000000  0.5125520000000 1.0
C      1  0.5505800000000  0.4874480000000  0.5148400000000 1.0
C      1  0.4494200000000  0.4874480000000  0.4851600000000 1.0
C      1  0.5505800000000  0.5125520000000  0.4851600000000 1.0
C      1  0.4874480000000  0.5148400000000  0.5505800000000 1.0
C      1  0.5125520000000  0.5148400000000  0.4494200000000 1.0
C      1  0.4874480000000  0.4851600000000  0.4494200000000 1.0
C      1  0.5130370000000  0.5887010000000  0.5071510000000 1.0
C      1  0.5887010000000  0.5071510000000  0.5130370000000 1.0
C      1  0.5071510000000  0.5130370000000  0.5887010000000 1.0
C      1  0.4869630000000  0.4112990000000  0.5071510000000 1.0
C      1  0.5130370000000  0.4112990000000  0.4928490000000 1.0
C      1  0.4869630000000  0.5887010000000  0.4928490000000 1.0
C      1  0.4112990000000  0.4928490000000  0.5130370000000 1.0
C      1  0.5887010000000  0.4928490000000  0.4869630000000 1.0
C      1  0.4112990000000  0.5071510000000  0.4869630000000 1.0
C      1  0.4928490000000  0.4869630000000  0.5887010000000 1.0
C      1  0.5071510000000  0.4869630000000  0.4112990000000 1.0
C      1  0.4928490000000  0.5130370000000  0.4112990000000 1.0
C      1  0.5130370000000  0.5887010000000  0.4928490000000 1.0
C      1  0.5887010000000  0.5071510000000  0.4869630000000 1.0
C      1  0.5071510000000  0.5130370000000  0.4112990000000 1.0
C      1  0.4869630000000  0.4112990000000  0.4928490000000 1.0
C      1  0.5130370000000  0.4112990000000  0.5071510000000 1.0
C      1  0.4869630000000  0.5887010000000  0.5071510000000 1.0
C      1  0.4112990000000  0.4928490000000  0.4869630000000 1.0
C      1  0.5887010000000  0.4928490000000  0.5130370000000 1.0
C      1  0.4112990000000  0.5071510000000  0.5130370000000 1.0
C      1  0.4928490000000  0.4869630000000  0.4112990000000 1.0
C      1  0.5071510000000  0.4869630000000  0.5887010000000 1.0
C      1  0.4928490000000  0.5130370000000  0.5887010000000 1.0
C      1  0.5156980000000  0.4857940000000  0.4231270000000 1.0
C      1  0.4857940000000  0.4231270000000  0.5156980000000 1.0
C      1  0.4231270000000  0.5156980000000  0.4857940000000 1.0
C      1  0.4843020000000  0.5142060000000  0.4231270000000 1.0
C      1  0.5156980000000  0.5142060000000  0.5768730000000 1.0
C      1  0.4843020000000  0.4857940000000  0.5768730000000 1.0
C      1  0.5142060000000  0.5768730000000  0.5156980000000 1.0
C      1  0.4857940000000  0.5768730000000  0.4843020000000 1.0
C      1  0.5142060000000  0.4231270000000  0.4843020000000 1.0
C      1  0.5768730000000  0.4843020000000  0.4857940000000 1.0
C      1  0.4231270000000  0.4843020000000  0.5142060000000 1.0
C      1  0.5768730000000  0.5156980000000  0.5142060000000 1.0
C      1  0.5156980000000  0.4857940000000  0.5768730000000 1.0
C      1  0.4857940000000  0.4231270000000  0.4843020000000 1.0
C      1  0.4231270000000  0.5156980000000  0.5142060000000 1.0
C      1  0.4843020000000  0.5142060000000  0.5768730000000 1.0
C      1  0.5156980000000  0.5142060000000  0.4231270000000 1.0
C      1  0.4843020000000  0.4857940000000  0.4231270000000 1.0
C      1  0.5142060000000  0.5768730000000  0.4843020000000 1.0
C      1  0.4857940000000  0.5768730000000  0.5156980000000 1.0
C      1  0.5142060000000  0.4231270000000  0.5156980000000 1.0
C      1  0.5768730000000  0.4843020000000  0.5142060000000 1.0
C      1  0.4231270000000  0.4843020000000  0.4857940000000 1.0
C      1  0.5768730000000  0.5156980000000  0.4857940000000 1.0
C      1  0.4921750000000  0.4370880000000  0.5076750000000 1.0
C      1  0.4370880000000  0.5076750000000  0.4921750000000 1.0
C      1  0.5076750000000  0.4921750000000  0.4370880000000 1.0
C      1  0.5078250000000  0.5629120000000  0.5076750000000 1.0
C      1  0.4921750000000  0.5629120000000  0.4923250000000 1.0
C      1  0.5078250000000  0.4370880000000  0.4923250000000 1.0
C      1  0.5629120000000  0.4923250000000  0.4921750000000 1.0
C      1  0.4370880000000  0.4923250000000  0.5078250000000 1.0
C      1  0.5629120000000  0.5076750000000  0.5078250000000 1.0
C      1  0.4923250000000  0.5078250000000  0.4370880000000 1.0
C      1  0.5076750000000  0.5078250000000  0.5629120000000 1.0
C      1  0.4923250000000  0.4921750000000  0.5629120000000 1.0
C      1  0.4921750000000  0.4370880000000  0.4923250000000 1.0
C      1  0.4370880000000  0.5076750000000  0.5078250000000 1.0
C      1  0.5076750000000  0.4921750000000  0.5629120000000 1.0
C      1  0.5078250000000  0.5629120000000  0.4923250000000 1.0
C      1  0.4921750000000  0.5629120000000  0.5076750000000 1.0
C      1  0.5078250000000  0.4370880000000  0.5076750000000 1.0
C      1  0.5629120000000  0.4923250000000  0.5078250000000 1.0
C      1  0.4370880000000  0.4923250000000  0.4921750000000 1.0
C      1  0.5629120000000  0.5076750000000  0.4921750000000 1.0
C      1  0.4923250000000  0.5078250000000  0.5629120000000 1.0
C      1  0.5076750000000  0.5078250000000  0.4370880000000 1.0
C      1  0.4923250000000  0.4921750000000  0.4370880000000 1.0
C      1  0.5526510000000  0.5707220000000  0.5149720000000 1.0
C      1  0.5707220000000  0.5149720000000  0.5526510000000 1.0
C      1  0.5149720000000  0.5526510000000  0.5707220000000 1.0
C      1  0.4473490000000  0.4292780000000  0.5149720000000 1.0
C      1  0.5526510000000  0.4292780000000  0.4850280000000 1.0
C      1  0.4473490000000  0.5707220000000  0.4850280000000 1.0
C      1  0.4292780000000  0.4850280000000  0.5526510000000 1.0
C      1  0.5707220000000  0.4850280000000  0.4473490000000 1.0
C      1  0.4292780000000  0.5149720000000  0.4473490000000 1.0
C      1  0.4850280000000  0.4473490000000  0.5707220000000 1.0
C      1  0.5149720000000  0.4473490000000  0.4292780000000 1.0
C      1  0.4850280000000  0.5526510000000  0.4292780000000 1.0
C      1  0.5526510000000  0.5707220000000  0.4850280000000 1.0
C      1  0.5707220000000  0.5149720000000  0.4473490000000 1.0
C      1  0.5149720000000  0.5526510000000  0.4292780000000 1.0
C      1  0.4473490000000  0.4292780000000  0.4850280000000 1.0
C      1  0.5526510000000  0.4292780000000  0.5149720000000 1.0
C      1  0.4473490000000  0.5707220000000  0.5149720000000 1.0
C      1  0.4292780000000  0.4850280000000  0.4473490000000 1.0
C      1  0.5707220000000  0.4850280000000  0.5526510000000 1.0
C      1  0.4292780000000  0.5149720000000  0.5526510000000 1.0
C      1  0.4850280000000  0.4473490000000  0.4292780000000 1.0
C      1  0.5149720000000  0.4473490000000  0.5707220000000 1.0
C      1  0.4850280000000  0.5526510000000  0.5707220000000 1.0
C      1  0.4925260000000  0.5269120000000  0.4580410000000 1.0
C      1  0.5269120000000  0.4580410000000  0.4925260000000 1.0
C      1  0.4580410000000  0.4925260000000  0.5269120000000 1.0
C      1  0.5074740000000  0.4730880000000  0.4580410000000 1.0
C      1  0.4925260000000  0.4730880000000  0.5419590000000 1.0
C      1  0.5074740000000  0.5269120000000  0.5419590000000 1.0
C      1  0.4730880000000  0.5419590000000  0.4925260000000 1.0
C      1  0.5269120000000  0.5419590000000  0.5074740000000 1.0
C      1  0.4730880000000  0.4580410000000  0.5074740000000 1.0
C      1  0.5419590000000  0.5074740000000  0.5269120000000 1.0
C      1  0.4580410000000  0.5074740000000  0.4730880000000 1.0
C      1  0.5419590000000  0.4925260000000  0.4730880000000 1.0
C      1  0.4925260000000  0.5269120000000  0.5419590000000 1.0
C      1  0.5269120000000  0.4580410000000  0.5074740000000 1.0
C      1  0.4580410000000  0.4925260000000  0.4730880000000 1.0
C      1  0.5074740000000  0.4730880000000  0.5419590000000 1.0
C      1  0.4925260000000  0.4730880000000  0.4580410000000 1.0
C      1  0.5074740000000  0.5269120000000  0.4580410000000 1.0
C      1  0.4730880000000  0.5419590000000  0.5074740000000 1.0
C      1  0.5269120000000  0.5419590000000  0.4925260000000 1.0
C      1  0.4730880000000  0.4580410000000  0.4925260000000 1.0
C      1  0.5419590000000  0.5074740000000  0.4730880000000 1.0
C      1  0.4580410000000  0.5074740000000  0.5269120000000 1.0
C      1  0.5419590000000  0.4925260000000  0.5269120000000 1.0
C      1  0.4426070000000  0.4786320000000  0.4738250000000 1.0
C      1  0.4786320000000  0.4738250000000  0.4426070000000 1.0
C      1  0.4738250000000  0.4426070000000  0.4786320000000 1.0
C      1  0.5573930000000  0.5213680000000  0.4738250000000 1.0
C      1  0.4426070000000  0.5213680000000  0.5261750000000 1.0
C      1  0.5573930000000  0.4786320000000  0.5261750000000 1.0
C      1  0.5213680000000  0.5261750000000  0.4426070000000 1.0
C      1  0.4786320000000  0.5261750000000  0.5573930000000 1.0
C      1  0.5213680000000  0.4738250000000  0.5573930000000 1.0
C      1  0.5261750000000  0.5573930000000  0.4786320000000 1.0
C      1  0.4738250000000  0.5573930000000  0.5213680000000 1.0
C      1  0.5261750000000  0.4426070000000  0.5213680000000 1.0
C      1  0.4426070000000  0.4786320000000  0.5261750000000 1.0
C      1  0.4786320000000  0.4738250000000  0.5573930000000 1.0
C      1  0.4738250000000  0.4426070000000  0.5213680000000 1.0
C      1  0.5573930000000  0.5213680000000  0.5261750000000 1.0
C      1  0.4426070000000  0.5213680000000  0.4738250000000 1.0
C      1  0.5573930000000  0.4786320000000  0.4738250000000 1.0
C      1  0.5213680000000  0.5261750000000  0.5573930000000 1.0
C      1  0.4786320000000  0.5261750000000  0.4426070000000 1.0
C      1  0.5213680000000  0.4738250000000  0.4426070000000 1.0
C      1  0.5261750000000  0.5573930000000  0.5213680000000 1.0
C      1  0.4738250000000  0.5573930000000  0.4786320000000 1.0
C      1  0.5261750000000  0.4426070000000  0.4786320000000 1.0
C      1  0.5071690000000  0.5407190000000  0.4262880000000 1.0
C      1  0.5407190000000  0.4262880000000  0.5071690000000 1.0
C      1  0.4262880000000  0.5071690000000  0.5407190000000 1.0
C      1  0.4928310000000  0.4592810000000  0.4262880000000 1.0
C      1  0.5071690000000  0.4592810000000  0.5737120000000 1.0
C      1  0.4928310000000  0.5407190000000  0.5737120000000 1.0
C      1  0.4592810000000  0.5737120000000  0.5071690000000 1.0
C      1  0.5407190000000  0.5737120000000  0.4928310000000 1.0
C      1  0.4592810000000  0.4262880000000  0.4928310000000 1.0
C      1  0.5737120000000  0.4928310000000  0.5407190000000 1.0
C      1  0.4262880000000  0.4928310000000  0.4592810000000 1.0
C      1  0.5737120000000  0.5071690000000  0.4592810000000 1.0
C      1  0.5071690000000  0.5407190000000  0.5737120000000 1.0
C      1  0.5407190000000  0.4262880000000  0.4928310000000 1.0
C      1  0.4262880000000  0.5071690000000  0.4592810000000 1.0
C      1  0.4928310000000  0.4592810000000  0.5737120000000 1.0
C      1  0.5071690000000  0.4592810000000  0.4262880000000 1.0
C      1  0.4928310000000  0.5407190000000  0.4262880000000 1.0
C      1  0.4592810000000  0.5737120000000  0.4928310000000 1.0
C      1  0.5407190000000  0.5737120000000  0.5071690000000 1.0
C      1  0.4592810000000  0.4262880000000  0.5071690000000 1.0
C      1  0.5737120000000  0.4928310000000  0.4592810000000 1.0
C      1  0.4262880000000  0.4928310000000  0.5407190000000 1.0
C      1  0.5737120000000  0.5071690000000  0.5407190000000 1.0
C      1  0.4927130000000  0.4818680000000  0.4828920000000 1.0
C      1  0.4818680000000  0.4828920000000  0.4927130000000 1.0
C      1  0.4828920000000  0.4927130000000  0.4818680000000 1.0
C      1  0.5072870000000  0.5181320000000  0.4828920000000 1.0
C      1  0.4927130000000  0.5181320000000  0.5171080000000 1.0
C      1  0.5072870000000  0.4818680000000  0.5171080000000 1.0
C      1  0.5181320000000  0.5171080000000  0.4927130000000 1.0
C      1  0.4818680000000  0.5171080000000  0.5072870000000 1.0
C      1  0.5181320000000  0.4828920000000  0.5072870000000 1.0
C      1  0.5171080000000  0.5072870000000  0.4818680000000 1.0
C      1  0.4828920000000  0.5072870000000  0.5181320000000 1.0
C      1  0.5171080000000  0.4927130000000  0.5181320000000 1.0
C      1  0.4927130000000  0.4818680000000  0.5171080000000 1.0
C      1  0.4818680000000  0.4828920000000  0.5072870000000 1.0
C      1  0.4828920000000  0.4927130000000  0.5181320000000 1.0
C      1  0.5072870000000  0.5181320000000  0.5171080000000 1.0
C      1  0.4927130000000  0.5181320000000  0.4828920000000 1.0
C      1  0.5072870000000  0.4818680000000  0.4828920000000 1.0
C      1  0.5181320000000  0.5171080000000  0.5072870000000 1.0
C      1  0.4818680000000  0.5171080000000  0.4927130000000 1.0
C      1  0.5181320000000  0.4828920000000  0.4927130000000 1.0
C      1  0.5171080000000  0.5072870000000  0.5181320000000 1.0
C      1  0.4828920000000  0.5072870000000  0.4818680000000 1.0
C      1  0.5171080000000  0.4927130000000  0.4818680000000 1.0
C      1  0.5289890000000  0.5271320000000  0.5082850000000 1.0
C      1  0.5271320000000  0.5082850000000  0.5289890000000 1.0
C      1  0.5082850000000  0.5289890000000  0.5271320000000 1.0
C      1  0.4710110000000  0.4728680000000  0.5082850000000 1.0
C      1  0.5289890000000  0.4728680000000  0.4917150000000 1.0
C      1  0.4710110000000  0.5271320000000  0.4917150000000 1.0
C      1  0.4728680000000  0.4917150000000  0.5289890000000 1.0
C      1  0.5271320000000  0.4917150000000  0.4710110000000 1.0
C      1  0.4728680000000  0.5082850000000  0.4710110000000 1.0
C      1  0.4917150000000  0.4710110000000  0.5271320000000 1.0
C      1  0.5082850000000  0.4710110000000  0.4728680000000 1.0
C      1  0.4917150000000  0.5289890000000  0.4728680000000 1.0
C      1  0.5289890000000  0.5271320000000  0.4917150000000 1.0
C      1  0.5271320000000  0.5082850000000  0.4710110000000 1.0
C      1  0.5082850000000  0.5289890000000  0.4728680000000 1.0
C      1  0.4710110000000  0.4728680000000  0.4917150000000 1.0
C      1  0.5289890000000  0.4728680000000  0.5082850000000 1.0
C      1  0.4710110000000  0.5271320000000  0.5082850000000 1.0
C      1  0.4728680000000  0.4917150000000  0.4710110000000 1.0
C      1  0.5271320000000  0.4917150000000  0.5289890000000 1.0
C      1  0.4728680000000  0.5082850000000  0.5289890000000 1.0
C      1  0.4917150000000  0.4710110000000  0.4728680000000 1.0
C      1  0.5082850000000  0.4710110000000  0.5271320000000 1.0
C      1  0.4917150000000  0.5289890000000  0.5271320000000 1.0
C      1  0.4774650000000  0.4521030000000  0.4560050000000 1.0
C      1  0.4521030000000  0.4560050000000  0.4774650000000 1.0
C      1  0.4560050000000  0.4774650000000  0.4521030000000 1.0
C      1  0.5225350000000  0.5478970000000  0.4560050000000 1.0
C      1  0.4774650000000  0.5478970000000  0.5439950000000 1.0
C      1  0.5225350000000  0.4521030000000  0.5439950000000 1.0
C      1  0.5478970000000  0.5439950000000  0.4774650000000 1.0
C      1  0.4521030000000  0.5439950000000  0.5225350000000 1.0
C      1  0.5478970000000  0.4560050000000  0.5225350000000 1.0
C      1  0.5439950000000  0.5225350000000  0.4521030000000 1.0
C      1  0.4560050000000  0.5225350000000  0.5478970000000 1.0
C      1  0.5439950000000  0.4774650000000  0.5478970000000 1.0
C      1  0.4774650000000  0.4521030000000  0.5439950000000 1.0
C      1  0.4521030000000  0.4560050000000  0.5225350000000 1.0
C      1  0.4560050000000  0.4774650000000  0.5478970000000 1.0
C      1  0.5225350000000  0.5478970000000  0.5439950000000 1.0
C      1  0.4774650000000  0.5478970000000  0.4560050000000 1.0
C      1  0.5225350000000  0.4521030000000  0.4560050000000 1.0
C      1  0.5478970000000  0.5439950000000  0.5225350000000 1.0
C      1  0.4521030000000  0.5439950000000  0.4774650000000 1.0
C      1  0.5478970000000  0.4560050000000  0.4774650000000 1.0
C      1  0.5439950000000  0.5225350000000  0.5478970000000 1.0
C      1  0.4560050000000  0.5225350000000  0.4521030000000 1.0
C      1  0.5439950000000  0.4774650000000  0.4521030000000 1.0
C      1  0.4723380000000  0.4268310000000  0.4577780000000 1.0
C      1  0.4268310000000  0.4577780000000  0.4723380000000 1.0
C      1  0.4577780000000  0.4723380000000  0.4268310000000 1.0
C      1  0.5276620000000  0.5731690000000  0.4577780000000 1.0
C      1  0.4723380000000  0.5731690000000  0.5422220000000 1.0
C      1  0.5276620000000  0.4268310000000  0.5422220000000 1.0
C      1  0.5731690000000  0.5422220000000  0.4723380000000 1.0
C      1  0.4268310000000  0.5422220000000  0.5276620000000 1.0
C      1  0.5731690000000  0.4577780000000  0.5276620000000 1.0
C      1  0.5422220000000  0.5276620000000  0.4268310000000 1.0
C      1  0.4577780000000  0.5276620000000  0.5731690000000 1.0
C      1  0.5422220000000  0.4723380000000  0.5731690000000 1.0
C      1  0.4723380000000  0.4268310000000  0.5422220000000 1.0
C      1  0.4268310000000  0.4577780000000  0.5276620000000 1.0
C      1  0.4577780000000  0.4723380000000  0.5731690000000 1.0
C      1  0.5276620000000  0.5731690000000  0.5422220000000 1.0
C      1  0.4723380000000  0.5731690000000  0.4577780000000 1.0
C      1  0.5276620000000  0.4268310000000  0.4577780000000 1.0
C      1  0.5731690000000  0.5422220000000  0.5276620000000 1.0
C      1  0.4268310000000  0.5422220000000  0.4723380000000 1.0
C      1  0.5731690000000  0.4577780000000  0.4723380000000 1.0
C      1  0.5422220000000  0.5276620000000  0.5731690000000 1.0
C      1  0.4577780000000  0.5276620000000  0.4268310000000 1.0
C      1  0.5422220000000  0.4723380000000  0.4268310000000 1.0
C      1  0.4722610000000  0.4393760000000  0.4480530000000 1.0
C      1  0.4393760000000  0.4480530000000  0.4722610000000 1.0
C      1  0.4480530000000  0.4722610000000  0.4393760000000 1.0
C      1  0.5277390000000  0.5606240000000  0.4480530000000 1.0
C      1  0.4722610000000  0.5606240000000  0.5519470000000 1.0
C      1  0.5277390000000  0.4393760000000  0.5519470000000 1.0
C      1  0.5606240000000  0.5519470000000  0.4722610000000 1.0
C      1  0.4393760000000  0.5519470000000  0.5277390000000 1.0
C      1  0.5606240000000  0.4480530000000  0.5277390000000 1.0
C      1  0.5519470000000  0.5277390000000  0.4393760000000 1.0
C      1  0.4480530000000  0.5277390000000  0.5606240000000 1.0
C      1  0.5519470000000  0.4722610000000  0.5606240000000 1.0
C      1  0.4722610000000  0.4393760000000  0.5519470000000 1.0
C      1  0.4393760000000  0.4480530000000  0.5277390000000 1.0
C      1  0.4480530000000  0.4722610000000  0.5606240000000 1.0
C      1  0.5277390000000  0.5606240000000  0.5519470000000 1.0
C      1  0.4722610000000  0.5606240000000  0.4480530000000 1.0
C      1  0.5277390000000  0.4393760000000  0.4480530000000 1.0
C      1  0.5606240000000  0.5519470000000  0.5277390000000 1.0
C      1  0.4393760000000  0.5519470000000  0.4722610000000 1.0
C      1  0.5606240000000  0.4480530000000  0.4722610000000 1.0
C      1  0.5519470000000  0.5277390000000  0.5606240000000 1.0
C      1  0.4480530000000  0.5277390000000  0.4393760000000 1.0
C      1  0.5519470000000  0.4722610000000  0.4393760000000 1.0
C      1  0.5080470000000  0.4930300000000  0.6020360000000 1.0
C      1  0.4930300000000  0.6020360000000  0.5080470000000 1.0
C      1  0.6020360000000  0.5080470000000  0.4930300000000 1.0
C      1  0.4919530000000  0.5069700000000  0.6020360000000 1.0
C      1  0.5080470000000  0.5069700000000  0.3979640000000 1.0
C      1  0.4919530000000  0.4930300000000  0.3979640000000 1.0
C      1  0.5069700000000  0.3979640000000  0.5080470000000 1.0
C      1  0.4930300000000  0.3979640000000  0.4919530000000 1.0
C      1  0.5069700000000  0.6020360000000  0.4919530000000 1.0
C      1  0.3979640000000  0.4919530000000  0.4930300000000 1.0
C      1  0.6020360000000  0.4919530000000  0.5069700000000 1.0
C      1  0.3979640000000  0.5080470000000  0.5069700000000 1.0
C      1  0.5080470000000  0.4930300000000  0.3979640000000 1.0
C      1  0.4930300000000  0.6020360000000  0.4919530000000 1.0
C      1  0.6020360000000  0.5080470000000  0.5069700000000 1.0
C      1  0.4919530000000  0.5069700000000  0.3979640000000 1.0
C      1  0.5080470000000  0.5069700000000  0.6020360000000 1.0
C      1  0.4919530000000  0.4930300000000  0.6020360000000 1.0
C      1  0.5069700000000  0.3979640000000  0.4919530000000 1.0
C      1  0.4930300000000  0.3979640000000  0.5080470000000 1.0
C      1  0.5069700000000  0.6020360000000  0.5080470000000 1.0
C      1  0.3979640000000  0.4919530000000  0.5069700000000 1.0
C      1  0.6020360000000  0.4919530000000  0.4930300000000 1.0
C      1  0.3979640000000  0.5080470000000  0.4930300000000 1.0
C      1  0.5139880000000  0.5767510000000  0.5414410000000 1.0
C      1  0.5767510000000  0.5414410000000  0.5139880000000 1.0
C      1  0.5414410000000  0.5139880000000  0.5767510000000 1.0
C      1  0.4860120000000  0.4232490000000  0.5414410000000 1.0
C      1  0.5139880000000  0.4232490000000  0.4585590000000 1.0
C      1  0.4860120000000  0.5767510000000  0.4585590000000 1.0
C      1  0.4232490000000  0.4585590000000  0.5139880000000 1.0
C      1  0.5767510000000  0.4585590000000  0.4860120000000 1.0
C      1  0.4232490000000  0.5414410000000  0.4860120000000 1.0
C      1  0.4585590000000  0.4860120000000  0.5767510000000 1.0
C      1  0.5414410000000  0.4860120000000  0.4232490000000 1.0
C      1  0.4585590000000  0.5139880000000  0.4232490000000 1.0
C      1  0.5139880000000  0.5767510000000  0.4585590000000 1.0
C      1  0.5767510000000  0.5414410000000  0.4860120000000 1.0
C      1  0.5414410000000  0.5139880000000  0.4232490000000 1.0
C      1  0.4860120000000  0.4232490000000  0.4585590000000 1.0
C      1  0.5139880000000  0.4232490000000  0.5414410000000 1.0
C      1  0.4860120000000  0.5767510000000  0.5414410000000 1.0
C      1  0.4232490000000  0.4585590000000  0.4860120000000 1.0
C      1  0.5767510000000  0.4585590000000  0.5139880000000 1.0
C      1  0.4232490000000  0.5414410000000  0.5139880000000 1.0
C      1  0.4585590000000  0.4860120000000  0.4232490000000 1.0
C      1  0.5414410000000  0.4860120000000  0.5767510000000 1.0
C      1  0.4585590000000  0.5139880000000  0.5767510000000 1.0
C      1  0.5793530000000  0.5289650000000  0.5070640000000 1.0
C      1  0.5289650000000  0.5070640000000  0.5793530000000 1.0
C      1  0.5070640000000  0.5793530000000  0.5289650000000 1.0
C      1  0.4206470000000  0.4710350000000  0.5070640000000 1.0
C      1  0.5793530000000  0.4710350000000  0.4929360000000 1.0
C      1  0.4206470000000  0.5289650000000  0.4929360000000 1.0
C      1  0.4710350000000  0.4929360000000  0.5793530000000 1.0
C      1  0.5289650000000  0.4929360000000  0.4206470000000 1.0
C      1  0.4710350000000  0.5070640000000  0.4206470000000 1.0
C      1  0.4929360000000  0.4206470000000  0.5289650000000 1.0
C      1  0.5070640000000  0.4206470000000  0.4710350000000 1.0
C      1  0.4929360000000  0.5793530000000  0.4710350000000 1.0
C      1  0.5793530000000  0.5289650000000  0.4929360000000 1.0
C      1  0.5289650000000  0.5070640000000  0.4206470000000 1.0
C      1  0.5070640000000  0.5793530000000  0.4710350000000 1.0
C      1  0.4206470000000  0.4710350000000  0.4929360000000 1.0
C      1  0.5793530000000  0.4710350000000  0.5070640000000 1.0
C      1  0.4206470000000  0.5289650000000  0.5070640000000 1.0
C      1  0.4710350000000  0.4929360000000  0.4206470000000 1.0
C      1  0.5289650000000  0.4929360000000  0.5793530000000 1.0
C      1  0.4710350000000  0.5070640000000  0.5793530000000 1.0
C      1  0.4929360000000  0.4206470000000  0.4710350000000 1.0
C      1  0.5070640000000  0.4206470000000  0.5289650000000 1.0
C      1  0.4929360000000  0.5793530000000  0.5289650000000 1.0
C      1  0.5437930000000  0.5240580000000  0.5077550000000 1.0
C      1  0.5240580000000  0.5077550000000  0.5437930000000 1.0
C      1  0.5077550000000  0.5437930000000  0.5240580000000 1.0
C      1  0.4562070000000  0.4759420000000  0.5077550000000 1.0
C      1  0.5437930000000  0.4759420000000  0.4922450000000 1.0
C      1  0.4562070000000  0.5240580000000  0.4922450000000 1.0
C      1  0.4759420000000  0.4922450000000  0.5437930000000 1.0
C      1  0.5240580000000  0.4922450000000  0.4562070000000 1.0
C      1  0.4759420000000  0.5077550000000  0.4562070000000 1.0
C      1  0.4922450000000  0.4562070000000  0.5240580000000 1.0
C      1  0.5077550000000  0.4562070000000  0.4759420000000 1.0
C      1  0.4922450000000  0.5437930000000  0.4759420000000 1.0
C      1  0.5437930000000  0.5240580000000  0.4922450000000 1.0
C      1  0.5240580000000  0.5077550000000  0.4562070000000 1.0
C      1  0.5077550000000  0.5437930000000  0.4759420000000 1.0
C      1  0.4562070000000  0.4759420000000  0.4922450000000 1.0
C      1  0.5437930000000  0.4759420000000  0.5077550000000 1.0
C      1  0.4562070000000  0.5240580000000  0.5077550000000 1.0
C      1  0.4759420000000  0.4922450000000  0.4562070000000 1.0
C      1  0.5240580000000  0.4922450000000  0.5437930000000 1.0
C      1  0.4759420000000  0.5077550000000  0.5437930000000 1.0
C      1  0.4922450000000  0.4562070000000  0.4759420000000 1.0
C      1  0.5077550000000  0.4562070000000  0.5240580000000 1.0
C      1  0.4922450000000  0.5437930000000  0.5240580000000 1.0
C      1  0.5492820000000  0.4277260000000  0.5292810000000 1.0
C      1  0.4277260000000  0.5292810000000  0.5492820000000 1.0
C      1  0.5292810000000  0.5492820000000  0.4277260000000 1.0
C      1  0.4507180000000  0.5722740000000  0.5292810000000 1.0
C      1  0.5492820000000  0.5722740000000  0.4707190000000 1.0
C      1  0.4507180000000  0.4277260000000  0.4707190000000 1.0
C      1  0.5722740000000  0.4707190000000  0.5492820000000 1.0
C      1  0.4277260000000  0.4707190000000  0.4507180000000 1.0
C      1  0.5722740000000  0.5292810000000  0.4507180000000 1.0
C      1  0.4707190000000  0.4507180000000  0.4277260000000 1.0
C      1  0.5292810000000  0.4507180000000  0.5722740000000 1.0
C      1  0.4707190000000  0.5492820000000  0.5722740000000 1.0
C      1  0.5492820000000  0.4277260000000  0.4707190000000 1.0
C      1  0.4277260000000  0.5292810000000  0.4507180000000 1.0
C      1  0.5292810000000  0.5492820000000  0.5722740000000 1.0
C      1  0.4507180000000  0.5722740000000  0.4707190000000 1.0
C      1  0.5492820000000  0.5722740000000  0.5292810000000 1.0
C      1  0.4507180000000  0.4277260000000  0.5292810000000 1.0
C      1  0.5722740000000  0.4707190000000  0.4507180000000 1.0
C      1  0.4277260000000  0.4707190000000  0.5492820000000 1.0
C      1  0.5722740000000  0.5292810000000  0.5492820000000 1.0
C      1  0.4707190000000  0.4507180000000  0.5722740000000 1.0
C      1  0.5292810000000  0.4507180000000  0.4277260000000 1.0
C      1  0.4707190000000  0.5492820000000  0.4277260000000 1.0
END
