TITL C-1887017-2780-5 -6.77903678582864e-07 1000000 -4976.10567002434 0 0 720 (Th) n - 1
REM
REM in /nfs/bkarasulu/CARBON/AIRSS/Generating-Clusters/GAP-ML-2020/Higher-Symm/Selected-Sizes/TryA-Only_Ih-Symm/Larger-Clusters
REM
REM
REM
REM
REM
REM ./C.cell (2cf5181f0f1d4d5b12b972d32ad12063)
REM
REM compiler GCC version 9.2.1 20190827 (Red Hat 9.2.1-1)
REM options -cpp -mtune=generic -march=x86-64 -g -O0 -fpre-include=/usr/include/finclude/math-vector-fortran.h
REM seed -1316987790 1599005883 1708403192 -508357491 1835259006 1916981576 363256769 -45337688 -319762101 -784740128 -278721187 -2075119326 -269673605 -1748569180 1952080560 -1173689717 -481761553 1846877098 312443353 630793693 594524842 -264294421 395566851 1892592109 810253976 1213905921 148216191 -33431872 1647806488 469352019 -1909934168 -43460625 -1223279567
REM
CELL 1.54180  100.00000  100.00000  100.00000   90.00000   90.00000   90.00000
LATT -1
SFAC C  
C      1  0.5195430000000  0.5072870000000  0.5123150000000 1.0
C      1  0.5072870000000  0.5123150000000  0.5195430000000 1.0
C      1  0.5123150000000  0.5195430000000  0.5072870000000 1.0
C      1  0.4804570000000  0.4927130000000  0.5123150000000 1.0
C      1  0.5195430000000  0.4927130000000  0.4876850000000 1.0
C      1  0.4804570000000  0.5072870000000  0.4876850000000 1.0
C      1  0.4927130000000  0.4876850000000  0.5195430000000 1.0
C      1  0.5072870000000  0.4876850000000  0.4804570000000 1.0
C      1  0.4927130000000  0.5123150000000  0.4804570000000 1.0
C      1  0.4876850000000  0.4804570000000  0.5072870000000 1.0
C      1  0.5123150000000  0.4804570000000  0.4927130000000 1.0
C      1  0.4876850000000  0.5195430000000  0.4927130000000 1.0
C      1  0.5195430000000  0.5072870000000  0.4876850000000 1.0
C      1  0.5072870000000  0.5123150000000  0.4804570000000 1.0
C      1  0.5123150000000  0.5195430000000  0.4927130000000 1.0
C      1  0.4804570000000  0.4927130000000  0.4876850000000 1.0
C      1  0.5195430000000  0.4927130000000  0.5123150000000 1.0
C      1  0.4804570000000  0.5072870000000  0.5123150000000 1.0
C      1  0.4927130000000  0.4876850000000  0.4804570000000 1.0
C      1  0.5072870000000  0.4876850000000  0.5195430000000 1.0
C      1  0.4927130000000  0.5123150000000  0.5195430000000 1.0
C      1  0.4876850000000  0.4804570000000  0.4927130000000 1.0
C      1  0.5123150000000  0.4804570000000  0.5072870000000 1.0
C      1  0.4876850000000  0.5195430000000  0.5072870000000 1.0
C      1  0.5136420000000  0.4836320000000  0.4678980000000 1.0
C      1  0.4836320000000  0.4678980000000  0.5136420000000 1.0
C      1  0.4678980000000  0.5136420000000  0.4836320000000 1.0
C      1  0.4863580000000  0.5163680000000  0.4678980000000 1.0
C      1  0.5136420000000  0.5163680000000  0.5321020000000 1.0
C      1  0.4863580000000  0.4836320000000  0.5321020000000 1.0
C      1  0.5163680000000  0.5321020000000  0.5136420000000 1.0
C      1  0.4836320000000  0.5321020000000  0.4863580000000 1.0
C      1  0.5163680000000  0.4678980000000  0.4863580000000 1.0
C      1  0.5321020000000  0.4863580000000  0.4836320000000 1.0
C      1  0.4678980000000  0.4863580000000  0.5163680000000 1.0
C      1  0.5321020000000  0.5136420000000  0.5163680000000 1.0
C      1  0.5136420000000  0.4836320000000  0.5321020000000 1.0
C      1  0.4836320000000  0.4678980000000  0.4863580000000 1.0
C      1  0.4678980000000  0.5136420000000  0.5163680000000 1.0
C      1  0.4863580000000  0.5163680000000  0.5321020000000 1.0
C      1  0.5136420000000  0.5163680000000  0.4678980000000 1.0
C      1  0.4863580000000  0.4836320000000  0.4678980000000 1.0
C      1  0.5163680000000  0.5321020000000  0.4863580000000 1.0
C      1  0.4836320000000  0.5321020000000  0.5136420000000 1.0
C      1  0.5163680000000  0.4678980000000  0.5136420000000 1.0
C      1  0.5321020000000  0.4863580000000  0.5163680000000 1.0
C      1  0.4678980000000  0.4863580000000  0.4836320000000 1.0
C      1  0.5321020000000  0.5136420000000  0.4836320000000 1.0
C      1  0.4253930000000  0.5073870000000  0.4694780000000 1.0
C      1  0.5073870000000  0.4694780000000  0.4253930000000 1.0
C      1  0.4694780000000  0.4253930000000  0.5073870000000 1.0
C      1  0.5746070000000  0.4926130000000  0.4694780000000 1.0
C      1  0.4253930000000  0.4926130000000  0.5305220000000 1.0
C      1  0.5746070000000  0.5073870000000  0.5305220000000 1.0
C      1  0.4926130000000  0.5305220000000  0.4253930000000 1.0
C      1  0.5073870000000  0.5305220000000  0.5746070000000 1.0
C      1  0.4926130000000  0.4694780000000  0.5746070000000 1.0
C      1  0.5305220000000  0.5746070000000  0.5073870000000 1.0
C      1  0.4694780000000  0.5746070000000  0.4926130000000 1.0
C      1  0.5305220000000  0.4253930000000  0.4926130000000 1.0
C      1  0.4253930000000  0.5073870000000  0.5305220000000 1.0
C      1  0.5073870000000  0.4694780000000  0.5746070000000 1.0
C      1  0.4694780000000  0.4253930000000  0.4926130000000 1.0
C      1  0.5746070000000  0.4926130000000  0.5305220000000 1.0
C      1  0.4253930000000  0.4926130000000  0.4694780000000 1.0
C      1  0.5746070000000  0.5073870000000  0.4694780000000 1.0
C      1  0.4926130000000  0.5305220000000  0.5746070000000 1.0
C      1  0.5073870000000  0.5305220000000  0.4253930000000 1.0
C      1  0.4926130000000  0.4694780000000  0.4253930000000 1.0
C      1  0.5305220000000  0.5746070000000  0.4926130000000 1.0
C      1  0.4694780000000  0.5746070000000  0.5073870000000 1.0
C      1  0.5305220000000  0.4253930000000  0.5073870000000 1.0
C      1  0.4585960000000  0.4859950000000  0.5556920000000 1.0
C      1  0.4859950000000  0.5556920000000  0.4585960000000 1.0
C      1  0.5556920000000  0.4585960000000  0.4859950000000 1.0
C      1  0.5414040000000  0.5140050000000  0.5556920000000 1.0
C      1  0.4585960000000  0.5140050000000  0.4443080000000 1.0
C      1  0.5414040000000  0.4859950000000  0.4443080000000 1.0
C      1  0.5140050000000  0.4443080000000  0.4585960000000 1.0
C      1  0.4859950000000  0.4443080000000  0.5414040000000 1.0
C      1  0.5140050000000  0.5556920000000  0.5414040000000 1.0
C      1  0.4443080000000  0.5414040000000  0.4859950000000 1.0
C      1  0.5556920000000  0.5414040000000  0.5140050000000 1.0
C      1  0.4443080000000  0.4585960000000  0.5140050000000 1.0
C      1  0.4585960000000  0.4859950000000  0.4443080000000 1.0
C      1  0.4859950000000  0.5556920000000  0.5414040000000 1.0
C      1  0.5556920000000  0.4585960000000  0.5140050000000 1.0
C      1  0.5414040000000  0.5140050000000  0.4443080000000 1.0
C      1  0.4585960000000  0.5140050000000  0.5556920000000 1.0
C      1  0.5414040000000  0.4859950000000  0.5556920000000 1.0
C      1  0.5140050000000  0.4443080000000  0.5414040000000 1.0
C      1  0.4859950000000  0.4443080000000  0.4585960000000 1.0
C      1  0.5140050000000  0.5556920000000  0.4585960000000 1.0
C      1  0.4443080000000  0.5414040000000  0.5140050000000 1.0
C      1  0.5556920000000  0.5414040000000  0.4859950000000 1.0
C      1  0.4443080000000  0.4585960000000  0.4859950000000 1.0
C      1  0.5157540000000  0.4205260000000  0.4915930000000 1.0
C      1  0.4205260000000  0.4915930000000  0.5157540000000 1.0
C      1  0.4915930000000  0.5157540000000  0.4205260000000 1.0
C      1  0.4842460000000  0.5794740000000  0.4915930000000 1.0
C      1  0.5157540000000  0.5794740000000  0.5084070000000 1.0
C      1  0.4842460000000  0.4205260000000  0.5084070000000 1.0
C      1  0.5794740000000  0.5084070000000  0.5157540000000 1.0
C      1  0.4205260000000  0.5084070000000  0.4842460000000 1.0
C      1  0.5794740000000  0.4915930000000  0.4842460000000 1.0
C      1  0.5084070000000  0.4842460000000  0.4205260000000 1.0
C      1  0.4915930000000  0.4842460000000  0.5794740000000 1.0
C      1  0.5084070000000  0.5157540000000  0.5794740000000 1.0
C      1  0.5157540000000  0.4205260000000  0.5084070000000 1.0
C      1  0.4205260000000  0.4915930000000  0.4842460000000 1.0
C      1  0.4915930000000  0.5157540000000  0.5794740000000 1.0
C      1  0.4842460000000  0.5794740000000  0.5084070000000 1.0
C      1  0.5157540000000  0.5794740000000  0.4915930000000 1.0
C      1  0.4842460000000  0.4205260000000  0.4915930000000 1.0
C      1  0.5794740000000  0.5084070000000  0.4842460000000 1.0
C      1  0.4205260000000  0.5084070000000  0.5157540000000 1.0
C      1  0.5794740000000  0.4915930000000  0.5157540000000 1.0
C      1  0.5084070000000  0.4842460000000  0.5794740000000 1.0
C      1  0.4915930000000  0.4842460000000  0.4205260000000 1.0
C      1  0.5084070000000  0.5157540000000  0.4205260000000 1.0
C      1  0.5662550000000  0.4629030000000  0.5607990000000 1.0
C      1  0.4629030000000  0.5607990000000  0.5662550000000 1.0
C      1  0.5607990000000  0.5662550000000  0.4629030000000 1.0
C      1  0.4337450000000  0.5370970000000  0.5607990000000 1.0
C      1  0.5662550000000  0.5370970000000  0.4392010000000 1.0
C      1  0.4337450000000  0.4629030000000  0.4392010000000 1.0
C      1  0.5370970000000  0.4392010000000  0.5662550000000 1.0
C      1  0.4629030000000  0.4392010000000  0.4337450000000 1.0
C      1  0.5370970000000  0.5607990000000  0.4337450000000 1.0
C      1  0.4392010000000  0.4337450000000  0.4629030000000 1.0
C      1  0.5607990000000  0.4337450000000  0.5370970000000 1.0
C      1  0.4392010000000  0.5662550000000  0.5370970000000 1.0
C      1  0.5662550000000  0.4629030000000  0.4392010000000 1.0
C      1  0.4629030000000  0.5607990000000  0.4337450000000 1.0
C      1  0.5607990000000  0.5662550000000  0.5370970000000 1.0
C      1  0.4337450000000  0.5370970000000  0.4392010000000 1.0
C      1  0.5662550000000  0.5370970000000  0.5607990000000 1.0
C      1  0.4337450000000  0.4629030000000  0.5607990000000 1.0
C      1  0.5370970000000  0.4392010000000  0.4337450000000 1.0
C      1  0.4629030000000  0.4392010000000  0.5662550000000 1.0
C      1  0.5370970000000  0.5607990000000  0.5662550000000 1.0
C      1  0.4392010000000  0.4337450000000  0.5370970000000 1.0
C      1  0.5607990000000  0.4337450000000  0.4629030000000 1.0
C      1  0.4392010000000  0.5662550000000  0.4629030000000 1.0
C      1  0.5363430000000  0.4643100000000  0.4739990000000 1.0
C      1  0.4643100000000  0.4739990000000  0.5363430000000 1.0
C      1  0.4739990000000  0.5363430000000  0.4643100000000 1.0
C      1  0.4636570000000  0.5356900000000  0.4739990000000 1.0
C      1  0.5363430000000  0.5356900000000  0.5260010000000 1.0
C      1  0.4636570000000  0.4643100000000  0.5260010000000 1.0
C      1  0.5356900000000  0.5260010000000  0.5363430000000 1.0
C      1  0.4643100000000  0.5260010000000  0.4636570000000 1.0
C      1  0.5356900000000  0.4739990000000  0.4636570000000 1.0
C      1  0.5260010000000  0.4636570000000  0.4643100000000 1.0
C      1  0.4739990000000  0.4636570000000  0.5356900000000 1.0
C      1  0.5260010000000  0.5363430000000  0.5356900000000 1.0
C      1  0.5363430000000  0.4643100000000  0.5260010000000 1.0
C      1  0.4643100000000  0.4739990000000  0.4636570000000 1.0
C      1  0.4739990000000  0.5363430000000  0.5356900000000 1.0
C      1  0.4636570000000  0.5356900000000  0.5260010000000 1.0
C      1  0.5363430000000  0.5356900000000  0.4739990000000 1.0
C      1  0.4636570000000  0.4643100000000  0.4739990000000 1.0
C      1  0.5356900000000  0.5260010000000  0.4636570000000 1.0
C      1  0.4643100000000  0.5260010000000  0.5363430000000 1.0
C      1  0.5356900000000  0.4739990000000  0.5363430000000 1.0
C      1  0.5260010000000  0.4636570000000  0.5356900000000 1.0
C      1  0.4739990000000  0.4636570000000  0.4643100000000 1.0
C      1  0.5260010000000  0.5363430000000  0.4643100000000 1.0
C      1  0.4542540000000  0.4747910000000  0.4536570000000 1.0
C      1  0.4747910000000  0.4536570000000  0.4542540000000 1.0
C      1  0.4536570000000  0.4542540000000  0.4747910000000 1.0
C      1  0.5457460000000  0.5252090000000  0.4536570000000 1.0
C      1  0.4542540000000  0.5252090000000  0.5463430000000 1.0
C      1  0.5457460000000  0.4747910000000  0.5463430000000 1.0
C      1  0.5252090000000  0.5463430000000  0.4542540000000 1.0
C      1  0.4747910000000  0.5463430000000  0.5457460000000 1.0
C      1  0.5252090000000  0.4536570000000  0.5457460000000 1.0
C      1  0.5463430000000  0.5457460000000  0.4747910000000 1.0
C      1  0.4536570000000  0.5457460000000  0.5252090000000 1.0
C      1  0.5463430000000  0.4542540000000  0.5252090000000 1.0
C      1  0.4542540000000  0.4747910000000  0.5463430000000 1.0
C      1  0.4747910000000  0.4536570000000  0.5457460000000 1.0
C      1  0.4536570000000  0.4542540000000  0.5252090000000 1.0
C      1  0.5457460000000  0.5252090000000  0.5463430000000 1.0
C      1  0.4542540000000  0.5252090000000  0.4536570000000 1.0
C      1  0.5457460000000  0.4747910000000  0.4536570000000 1.0
C      1  0.5252090000000  0.5463430000000  0.5457460000000 1.0
C      1  0.4747910000000  0.5463430000000  0.4542540000000 1.0
C      1  0.5252090000000  0.4536570000000  0.4542540000000 1.0
C      1  0.5463430000000  0.5457460000000  0.5252090000000 1.0
C      1  0.4536570000000  0.5457460000000  0.4747910000000 1.0
C      1  0.5463430000000  0.4542540000000  0.4747910000000 1.0
C      1  0.4817140000000  0.6024000000000  0.5064050000000 1.0
C      1  0.6024000000000  0.5064050000000  0.4817140000000 1.0
C      1  0.5064050000000  0.4817140000000  0.6024000000000 1.0
C      1  0.5182860000000  0.3976000000000  0.5064050000000 1.0
C      1  0.4817140000000  0.3976000000000  0.4935950000000 1.0
C      1  0.5182860000000  0.6024000000000  0.4935950000000 1.0
C      1  0.3976000000000  0.4935950000000  0.4817140000000 1.0
C      1  0.6024000000000  0.4935950000000  0.5182860000000 1.0
C      1  0.3976000000000  0.5064050000000  0.5182860000000 1.0
C      1  0.4935950000000  0.5182860000000  0.6024000000000 1.0
C      1  0.5064050000000  0.5182860000000  0.3976000000000 1.0
C      1  0.4935950000000  0.4817140000000  0.3976000000000 1.0
C      1  0.4817140000000  0.6024000000000  0.4935950000000 1.0
C      1  0.6024000000000  0.5064050000000  0.5182860000000 1.0
C      1  0.5064050000000  0.4817140000000  0.3976000000000 1.0
C      1  0.5182860000000  0.3976000000000  0.4935950000000 1.0
C      1  0.4817140000000  0.3976000000000  0.5064050000000 1.0
C      1  0.5182860000000  0.6024000000000  0.5064050000000 1.0
C      1  0.3976000000000  0.4935950000000  0.5182860000000 1.0
C      1  0.6024000000000  0.4935950000000  0.4817140000000 1.0
C      1  0.3976000000000  0.5064050000000  0.4817140000000 1.0
C      1  0.4935950000000  0.5182860000000  0.3976000000000 1.0
C      1  0.5064050000000  0.5182860000000  0.6024000000000 1.0
C      1  0.4935950000000  0.4817140000000  0.6024000000000 1.0
C      1  0.4434530000000  0.4926050000000  0.5591670000000 1.0
C      1  0.4926050000000  0.5591670000000  0.4434530000000 1.0
C      1  0.5591670000000  0.4434530000000  0.4926050000000 1.0
C      1  0.5565470000000  0.5073950000000  0.5591670000000 1.0
C      1  0.4434530000000  0.5073950000000  0.4408330000000 1.0
C      1  0.5565470000000  0.4926050000000  0.4408330000000 1.0
C      1  0.5073950000000  0.4408330000000  0.4434530000000 1.0
C      1  0.4926050000000  0.4408330000000  0.5565470000000 1.0
C      1  0.5073950000000  0.5591670000000  0.5565470000000 1.0
C      1  0.4408330000000  0.5565470000000  0.4926050000000 1.0
C      1  0.5591670000000  0.5565470000000  0.5073950000000 1.0
C      1  0.4408330000000  0.4434530000000  0.5073950000000 1.0
C      1  0.4434530000000  0.4926050000000  0.4408330000000 1.0
C      1  0.4926050000000  0.5591670000000  0.5565470000000 1.0
C      1  0.5591670000000  0.4434530000000  0.5073950000000 1.0
C      1  0.5565470000000  0.5073950000000  0.4408330000000 1.0
C      1  0.4434530000000  0.5073950000000  0.5591670000000 1.0
C      1  0.5565470000000  0.4926050000000  0.5591670000000 1.0
C      1  0.5073950000000  0.4408330000000  0.5565470000000 1.0
C      1  0.4926050000000  0.4408330000000  0.4434530000000 1.0
C      1  0.5073950000000  0.5591670000000  0.4434530000000 1.0
C      1  0.4408330000000  0.5565470000000  0.5073950000000 1.0
C      1  0.5591670000000  0.5565470000000  0.4926050000000 1.0
C      1  0.4408330000000  0.4434530000000  0.4926050000000 1.0
C      1  0.4922180000000  0.4920670000000  0.4570310000000 1.0
C      1  0.4920670000000  0.4570310000000  0.4922180000000 1.0
C      1  0.4570310000000  0.4922180000000  0.4920670000000 1.0
C      1  0.5077820000000  0.5079330000000  0.4570310000000 1.0
C      1  0.4922180000000  0.5079330000000  0.5429690000000 1.0
C      1  0.5077820000000  0.4920670000000  0.5429690000000 1.0
C      1  0.5079330000000  0.5429690000000  0.4922180000000 1.0
C      1  0.4920670000000  0.5429690000000  0.5077820000000 1.0
C      1  0.5079330000000  0.4570310000000  0.5077820000000 1.0
C      1  0.5429690000000  0.5077820000000  0.4920670000000 1.0
C      1  0.4570310000000  0.5077820000000  0.5079330000000 1.0
C      1  0.5429690000000  0.4922180000000  0.5079330000000 1.0
C      1  0.4922180000000  0.4920670000000  0.5429690000000 1.0
C      1  0.4920670000000  0.4570310000000  0.5077820000000 1.0
C      1  0.4570310000000  0.4922180000000  0.5079330000000 1.0
C      1  0.5077820000000  0.5079330000000  0.5429690000000 1.0
C      1  0.4922180000000  0.5079330000000  0.4570310000000 1.0
C      1  0.5077820000000  0.4920670000000  0.4570310000000 1.0
C      1  0.5079330000000  0.5429690000000  0.5077820000000 1.0
C      1  0.4920670000000  0.5429690000000  0.4922180000000 1.0
C      1  0.5079330000000  0.4570310000000  0.4922180000000 1.0
C      1  0.5429690000000  0.5077820000000  0.5079330000000 1.0
C      1  0.4570310000000  0.5077820000000  0.4920670000000 1.0
C      1  0.5429690000000  0.4922180000000  0.4920670000000 1.0
C      1  0.4578270000000  0.4357980000000  0.4467430000000 1.0
C      1  0.4357980000000  0.4467430000000  0.4578270000000 1.0
C      1  0.4467430000000  0.4578270000000  0.4357980000000 1.0
C      1  0.5421730000000  0.5642020000000  0.4467430000000 1.0
C      1  0.4578270000000  0.5642020000000  0.5532570000000 1.0
C      1  0.5421730000000  0.4357980000000  0.5532570000000 1.0
C      1  0.5642020000000  0.5532570000000  0.4578270000000 1.0
C      1  0.4357980000000  0.5532570000000  0.5421730000000 1.0
C      1  0.5642020000000  0.4467430000000  0.5421730000000 1.0
C      1  0.5532570000000  0.5421730000000  0.4357980000000 1.0
C      1  0.4467430000000  0.5421730000000  0.5642020000000 1.0
C      1  0.5532570000000  0.4578270000000  0.5642020000000 1.0
C      1  0.4578270000000  0.4357980000000  0.5532570000000 1.0
C      1  0.4357980000000  0.4467430000000  0.5421730000000 1.0
C      1  0.4467430000000  0.4578270000000  0.5642020000000 1.0
C      1  0.5421730000000  0.5642020000000  0.5532570000000 1.0
C      1  0.4578270000000  0.5642020000000  0.4467430000000 1.0
C      1  0.5421730000000  0.4357980000000  0.4467430000000 1.0
C      1  0.5642020000000  0.5532570000000  0.5421730000000 1.0
C      1  0.4357980000000  0.5532570000000  0.4578270000000 1.0
C      1  0.5642020000000  0.4467430000000  0.4578270000000 1.0
C      1  0.5532570000000  0.5421730000000  0.5642020000000 1.0
C      1  0.4467430000000  0.5421730000000  0.4357980000000 1.0
C      1  0.5532570000000  0.4578270000000  0.4357980000000 1.0
C      1  0.5511040000000  0.5476710000000  0.4610640000000 1.0
C      1  0.5476710000000  0.4610640000000  0.5511040000000 1.0
C      1  0.4610640000000  0.5511040000000  0.5476710000000 1.0
C      1  0.4488960000000  0.4523290000000  0.4610640000000 1.0
C      1  0.5511040000000  0.4523290000000  0.5389360000000 1.0
C      1  0.4488960000000  0.5476710000000  0.5389360000000 1.0
C      1  0.4523290000000  0.5389360000000  0.5511040000000 1.0
C      1  0.5476710000000  0.5389360000000  0.4488960000000 1.0
C      1  0.4523290000000  0.4610640000000  0.4488960000000 1.0
C      1  0.5389360000000  0.4488960000000  0.5476710000000 1.0
C      1  0.4610640000000  0.4488960000000  0.4523290000000 1.0
C      1  0.5389360000000  0.5511040000000  0.4523290000000 1.0
C      1  0.5511040000000  0.5476710000000  0.5389360000000 1.0
C      1  0.5476710000000  0.4610640000000  0.4488960000000 1.0
C      1  0.4610640000000  0.5511040000000  0.4523290000000 1.0
C      1  0.4488960000000  0.4523290000000  0.5389360000000 1.0
C      1  0.5511040000000  0.4523290000000  0.4610640000000 1.0
C      1  0.4488960000000  0.5476710000000  0.4610640000000 1.0
C      1  0.4523290000000  0.5389360000000  0.4488960000000 1.0
C      1  0.5476710000000  0.5389360000000  0.5511040000000 1.0
C      1  0.4523290000000  0.4610640000000  0.5511040000000 1.0
C      1  0.5389360000000  0.4488960000000  0.4523290000000 1.0
C      1  0.4610640000000  0.4488960000000  0.5476710000000 1.0
C      1  0.5389360000000  0.5511040000000  0.5476710000000 1.0
C      1  0.5340180000000  0.4934480000000  0.4550040000000 1.0
C      1  0.4934480000000  0.4550040000000  0.5340180000000 1.0
C      1  0.4550040000000  0.5340180000000  0.4934480000000 1.0
C      1  0.4659820000000  0.5065520000000  0.4550040000000 1.0
C      1  0.5340180000000  0.5065520000000  0.5449960000000 1.0
C      1  0.4659820000000  0.4934480000000  0.5449960000000 1.0
C      1  0.5065520000000  0.5449960000000  0.5340180000000 1.0
C      1  0.4934480000000  0.5449960000000  0.4659820000000 1.0
C      1  0.5065520000000  0.4550040000000  0.4659820000000 1.0
C      1  0.5449960000000  0.4659820000000  0.4934480000000 1.0
C      1  0.4550040000000  0.4659820000000  0.5065520000000 1.0
C      1  0.5449960000000  0.5340180000000  0.5065520000000 1.0
C      1  0.5340180000000  0.4934480000000  0.5449960000000 1.0
C      1  0.4934480000000  0.4550040000000  0.4659820000000 1.0
C      1  0.4550040000000  0.5340180000000  0.5065520000000 1.0
C      1  0.4659820000000  0.5065520000000  0.5449960000000 1.0
C      1  0.5340180000000  0.5065520000000  0.4550040000000 1.0
C      1  0.4659820000000  0.4934480000000  0.4550040000000 1.0
C      1  0.5065520000000  0.5449960000000  0.4659820000000 1.0
C      1  0.4934480000000  0.5449960000000  0.5340180000000 1.0
C      1  0.5065520000000  0.4550040000000  0.5340180000000 1.0
C      1  0.5449960000000  0.4659820000000  0.5065520000000 1.0
C      1  0.4550040000000  0.4659820000000  0.4934480000000 1.0
C      1  0.5449960000000  0.5340180000000  0.4934480000000 1.0
C      1  0.4820490000000  0.5689340000000  0.4682340000000 1.0
C      1  0.5689340000000  0.4682340000000  0.4820490000000 1.0
C      1  0.4682340000000  0.4820490000000  0.5689340000000 1.0
C      1  0.5179510000000  0.4310660000000  0.4682340000000 1.0
C      1  0.4820490000000  0.4310660000000  0.5317660000000 1.0
C      1  0.5179510000000  0.5689340000000  0.5317660000000 1.0
C      1  0.4310660000000  0.5317660000000  0.4820490000000 1.0
C      1  0.5689340000000  0.5317660000000  0.5179510000000 1.0
C      1  0.4310660000000  0.4682340000000  0.5179510000000 1.0
C      1  0.5317660000000  0.5179510000000  0.5689340000000 1.0
C      1  0.4682340000000  0.5179510000000  0.4310660000000 1.0
C      1  0.5317660000000  0.4820490000000  0.4310660000000 1.0
C      1  0.4820490000000  0.5689340000000  0.5317660000000 1.0
C      1  0.5689340000000  0.4682340000000  0.5179510000000 1.0
C      1  0.4682340000000  0.4820490000000  0.4310660000000 1.0
C      1  0.5179510000000  0.4310660000000  0.5317660000000 1.0
C      1  0.4820490000000  0.4310660000000  0.4682340000000 1.0
C      1  0.5179510000000  0.5689340000000  0.4682340000000 1.0
C      1  0.4310660000000  0.5317660000000  0.5179510000000 1.0
C      1  0.5689340000000  0.5317660000000  0.4820490000000 1.0
C      1  0.4310660000000  0.4682340000000  0.4820490000000 1.0
C      1  0.5317660000000  0.5179510000000  0.4310660000000 1.0
C      1  0.4682340000000  0.5179510000000  0.5689340000000 1.0
C      1  0.5317660000000  0.4820490000000  0.5689340000000 1.0
C      1  0.4859880000000  0.5923620000000  0.5150740000000 1.0
C      1  0.5923620000000  0.5150740000000  0.4859880000000 1.0
C      1  0.5150740000000  0.4859880000000  0.5923620000000 1.0
C      1  0.5140120000000  0.4076380000000  0.5150740000000 1.0
C      1  0.4859880000000  0.4076380000000  0.4849260000000 1.0
C      1  0.5140120000000  0.5923620000000  0.4849260000000 1.0
C      1  0.4076380000000  0.4849260000000  0.4859880000000 1.0
C      1  0.5923620000000  0.4849260000000  0.5140120000000 1.0
C      1  0.4076380000000  0.5150740000000  0.5140120000000 1.0
C      1  0.4849260000000  0.5140120000000  0.5923620000000 1.0
C      1  0.5150740000000  0.5140120000000  0.4076380000000 1.0
C      1  0.4849260000000  0.4859880000000  0.4076380000000 1.0
C      1  0.4859880000000  0.5923620000000  0.4849260000000 1.0
C      1  0.5923620000000  0.5150740000000  0.5140120000000 1.0
C      1  0.5150740000000  0.4859880000000  0.4076380000000 1.0
C      1  0.5140120000000  0.4076380000000  0.4849260000000 1.0
C      1  0.4859880000000  0.4076380000000  0.5150740000000 1.0
C      1  0.5140120000000  0.5923620000000  0.5150740000000 1.0
C      1  0.4076380000000  0.4849260000000  0.5140120000000 1.0
C      1  0.5923620000000  0.4849260000000  0.4859880000000 1.0
C      1  0.4076380000000  0.5150740000000  0.4859880000000 1.0
C      1  0.4849260000000  0.5140120000000  0.4076380000000 1.0
C      1  0.5150740000000  0.5140120000000  0.5923620000000 1.0
C      1  0.4849260000000  0.4859880000000  0.5923620000000 1.0
C      1  0.4622280000000  0.5126080000000  0.5820110000000 1.0
C      1  0.5126080000000  0.5820110000000  0.4622280000000 1.0
C      1  0.5820110000000  0.4622280000000  0.5126080000000 1.0
C      1  0.5377720000000  0.4873920000000  0.5820110000000 1.0
C      1  0.4622280000000  0.4873920000000  0.4179890000000 1.0
C      1  0.5377720000000  0.5126080000000  0.4179890000000 1.0
C      1  0.4873920000000  0.4179890000000  0.4622280000000 1.0
C      1  0.5126080000000  0.4179890000000  0.5377720000000 1.0
C      1  0.4873920000000  0.5820110000000  0.5377720000000 1.0
C      1  0.4179890000000  0.5377720000000  0.5126080000000 1.0
C      1  0.5820110000000  0.5377720000000  0.4873920000000 1.0
C      1  0.4179890000000  0.4622280000000  0.4873920000000 1.0
C      1  0.4622280000000  0.5126080000000  0.4179890000000 1.0
C      1  0.5126080000000  0.5820110000000  0.5377720000000 1.0
C      1  0.5820110000000  0.4622280000000  0.4873920000000 1.0
C      1  0.5377720000000  0.4873920000000  0.4179890000000 1.0
C      1  0.4622280000000  0.4873920000000  0.5820110000000 1.0
C      1  0.5377720000000  0.5126080000000  0.5820110000000 1.0
C      1  0.4873920000000  0.4179890000000  0.5377720000000 1.0
C      1  0.5126080000000  0.4179890000000  0.4622280000000 1.0
C      1  0.4873920000000  0.5820110000000  0.4622280000000 1.0
C      1  0.4179890000000  0.5377720000000  0.4873920000000 1.0
C      1  0.5820110000000  0.5377720000000  0.5126080000000 1.0
C      1  0.4179890000000  0.4622280000000  0.5126080000000 1.0
C      1  0.4917140000000  0.5682690000000  0.4832270000000 1.0
C      1  0.5682690000000  0.4832270000000  0.4917140000000 1.0
C      1  0.4832270000000  0.4917140000000  0.5682690000000 1.0
C      1  0.5082860000000  0.4317310000000  0.4832270000000 1.0
C      1  0.4917140000000  0.4317310000000  0.5167730000000 1.0
C      1  0.5082860000000  0.5682690000000  0.5167730000000 1.0
C      1  0.4317310000000  0.5167730000000  0.4917140000000 1.0
C      1  0.5682690000000  0.5167730000000  0.5082860000000 1.0
C      1  0.4317310000000  0.4832270000000  0.5082860000000 1.0
C      1  0.5167730000000  0.5082860000000  0.5682690000000 1.0
C      1  0.4832270000000  0.5082860000000  0.4317310000000 1.0
C      1  0.5167730000000  0.4917140000000  0.4317310000000 1.0
C      1  0.4917140000000  0.5682690000000  0.5167730000000 1.0
C      1  0.5682690000000  0.4832270000000  0.5082860000000 1.0
C      1  0.4832270000000  0.4917140000000  0.4317310000000 1.0
C      1  0.5082860000000  0.4317310000000  0.5167730000000 1.0
C      1  0.4917140000000  0.4317310000000  0.4832270000000 1.0
C      1  0.5082860000000  0.5682690000000  0.4832270000000 1.0
C      1  0.4317310000000  0.5167730000000  0.5082860000000 1.0
C      1  0.5682690000000  0.5167730000000  0.4917140000000 1.0
C      1  0.4317310000000  0.4832270000000  0.4917140000000 1.0
C      1  0.5167730000000  0.5082860000000  0.4317310000000 1.0
C      1  0.4832270000000  0.5082860000000  0.5682690000000 1.0
C      1  0.5167730000000  0.4917140000000  0.5682690000000 1.0
C      1  0.5814970000000  0.5513710000000  0.5075200000000 1.0
C      1  0.5513710000000  0.5075200000000  0.5814970000000 1.0
C      1  0.5075200000000  0.5814970000000  0.5513710000000 1.0
C      1  0.4185030000000  0.4486290000000  0.5075200000000 1.0
C      1  0.5814970000000  0.4486290000000  0.4924800000000 1.0
C      1  0.4185030000000  0.5513710000000  0.4924800000000 1.0
C      1  0.4486290000000  0.4924800000000  0.5814970000000 1.0
C      1  0.5513710000000  0.4924800000000  0.4185030000000 1.0
C      1  0.4486290000000  0.5075200000000  0.4185030000000 1.0
C      1  0.4924800000000  0.4185030000000  0.5513710000000 1.0
C      1  0.5075200000000  0.4185030000000  0.4486290000000 1.0
C      1  0.4924800000000  0.5814970000000  0.4486290000000 1.0
C      1  0.5814970000000  0.5513710000000  0.4924800000000 1.0
C      1  0.5513710000000  0.5075200000000  0.4185030000000 1.0
C      1  0.5075200000000  0.5814970000000  0.4486290000000 1.0
C      1  0.4185030000000  0.4486290000000  0.4924800000000 1.0
C      1  0.5814970000000  0.4486290000000  0.5075200000000 1.0
C      1  0.4185030000000  0.5513710000000  0.5075200000000 1.0
C      1  0.4486290000000  0.4924800000000  0.4185030000000 1.0
C      1  0.5513710000000  0.4924800000000  0.5814970000000 1.0
C      1  0.4486290000000  0.5075200000000  0.5814970000000 1.0
C      1  0.4924800000000  0.4185030000000  0.4486290000000 1.0
C      1  0.5075200000000  0.4185030000000  0.5513710000000 1.0
C      1  0.4924800000000  0.5814970000000  0.5513710000000 1.0
C      1  0.5583540000000  0.5082530000000  0.4711580000000 1.0
C      1  0.5082530000000  0.4711580000000  0.5583540000000 1.0
C      1  0.4711580000000  0.5583540000000  0.5082530000000 1.0
C      1  0.4416460000000  0.4917470000000  0.4711580000000 1.0
C      1  0.5583540000000  0.4917470000000  0.5288420000000 1.0
C      1  0.4416460000000  0.5082530000000  0.5288420000000 1.0
C      1  0.4917470000000  0.5288420000000  0.5583540000000 1.0
C      1  0.5082530000000  0.5288420000000  0.4416460000000 1.0
C      1  0.4917470000000  0.4711580000000  0.4416460000000 1.0
C      1  0.5288420000000  0.4416460000000  0.5082530000000 1.0
C      1  0.4711580000000  0.4416460000000  0.4917470000000 1.0
C      1  0.5288420000000  0.5583540000000  0.4917470000000 1.0
C      1  0.5583540000000  0.5082530000000  0.5288420000000 1.0
C      1  0.5082530000000  0.4711580000000  0.4416460000000 1.0
C      1  0.4711580000000  0.5583540000000  0.4917470000000 1.0
C      1  0.4416460000000  0.4917470000000  0.5288420000000 1.0
C      1  0.5583540000000  0.4917470000000  0.4711580000000 1.0
C      1  0.4416460000000  0.5082530000000  0.4711580000000 1.0
C      1  0.4917470000000  0.5288420000000  0.4416460000000 1.0
C      1  0.5082530000000  0.5288420000000  0.5583540000000 1.0
C      1  0.4917470000000  0.4711580000000  0.5583540000000 1.0
C      1  0.5288420000000  0.4416460000000  0.4917470000000 1.0
C      1  0.4711580000000  0.4416460000000  0.5082530000000 1.0
C      1  0.5288420000000  0.5583540000000  0.5082530000000 1.0
C      1  0.4295050000000  0.4854260000000  0.4459550000000 1.0
C      1  0.4854260000000  0.4459550000000  0.4295050000000 1.0
C      1  0.4459550000000  0.4295050000000  0.4854260000000 1.0
C      1  0.5704950000000  0.5145740000000  0.4459550000000 1.0
C      1  0.4295050000000  0.5145740000000  0.5540450000000 1.0
C      1  0.5704950000000  0.4854260000000  0.5540450000000 1.0
C      1  0.5145740000000  0.5540450000000  0.4295050000000 1.0
C      1  0.4854260000000  0.5540450000000  0.5704950000000 1.0
C      1  0.5145740000000  0.4459550000000  0.5704950000000 1.0
C      1  0.5540450000000  0.5704950000000  0.4854260000000 1.0
C      1  0.4459550000000  0.5704950000000  0.5145740000000 1.0
C      1  0.5540450000000  0.4295050000000  0.5145740000000 1.0
C      1  0.4295050000000  0.4854260000000  0.5540450000000 1.0
C      1  0.4854260000000  0.4459550000000  0.5704950000000 1.0
C      1  0.4459550000000  0.4295050000000  0.5145740000000 1.0
C      1  0.5704950000000  0.5145740000000  0.5540450000000 1.0
C      1  0.4295050000000  0.5145740000000  0.4459550000000 1.0
C      1  0.5704950000000  0.4854260000000  0.4459550000000 1.0
C      1  0.5145740000000  0.5540450000000  0.5704950000000 1.0
C      1  0.4854260000000  0.5540450000000  0.4295050000000 1.0
C      1  0.5145740000000  0.4459550000000  0.4295050000000 1.0
C      1  0.5540450000000  0.5704950000000  0.5145740000000 1.0
C      1  0.4459550000000  0.5704950000000  0.4854260000000 1.0
C      1  0.5540450000000  0.4295050000000  0.4854260000000 1.0
C      1  0.4929290000000  0.4090560000000  0.4721260000000 1.0
C      1  0.4090560000000  0.4721260000000  0.4929290000000 1.0
C      1  0.4721260000000  0.4929290000000  0.4090560000000 1.0
C      1  0.5070710000000  0.5909440000000  0.4721260000000 1.0
C      1  0.4929290000000  0.5909440000000  0.5278740000000 1.0
C      1  0.5070710000000  0.4090560000000  0.5278740000000 1.0
C      1  0.5909440000000  0.5278740000000  0.4929290000000 1.0
C      1  0.4090560000000  0.5278740000000  0.5070710000000 1.0
C      1  0.5909440000000  0.4721260000000  0.5070710000000 1.0
C      1  0.5278740000000  0.5070710000000  0.4090560000000 1.0
C      1  0.4721260000000  0.5070710000000  0.5909440000000 1.0
C      1  0.5278740000000  0.4929290000000  0.5909440000000 1.0
C      1  0.4929290000000  0.4090560000000  0.5278740000000 1.0
C      1  0.4090560000000  0.4721260000000  0.5070710000000 1.0
C      1  0.4721260000000  0.4929290000000  0.5909440000000 1.0
C      1  0.5070710000000  0.5909440000000  0.5278740000000 1.0
C      1  0.4929290000000  0.5909440000000  0.4721260000000 1.0
C      1  0.5070710000000  0.4090560000000  0.4721260000000 1.0
C      1  0.5909440000000  0.5278740000000  0.5070710000000 1.0
C      1  0.4090560000000  0.5278740000000  0.4929290000000 1.0
C      1  0.5909440000000  0.4721260000000  0.4929290000000 1.0
C      1  0.5278740000000  0.5070710000000  0.5909440000000 1.0
C      1  0.4721260000000  0.5070710000000  0.4090560000000 1.0
C      1  0.5278740000000  0.4929290000000  0.4090560000000 1.0
C      1  0.5599800000000  0.4859960000000  0.5723950000000 1.0
C      1  0.4859960000000  0.5723950000000  0.5599800000000 1.0
C      1  0.5723950000000  0.5599800000000  0.4859960000000 1.0
C      1  0.4400200000000  0.5140040000000  0.5723950000000 1.0
C      1  0.5599800000000  0.5140040000000  0.4276050000000 1.0
C      1  0.4400200000000  0.4859960000000  0.4276050000000 1.0
C      1  0.5140040000000  0.4276050000000  0.5599800000000 1.0
C      1  0.4859960000000  0.4276050000000  0.4400200000000 1.0
C      1  0.5140040000000  0.5723950000000  0.4400200000000 1.0
C      1  0.4276050000000  0.4400200000000  0.4859960000000 1.0
C      1  0.5723950000000  0.4400200000000  0.5140040000000 1.0
C      1  0.4276050000000  0.5599800000000  0.5140040000000 1.0
C      1  0.5599800000000  0.4859960000000  0.4276050000000 1.0
C      1  0.4859960000000  0.5723950000000  0.4400200000000 1.0
C      1  0.5723950000000  0.5599800000000  0.5140040000000 1.0
C      1  0.4400200000000  0.5140040000000  0.4276050000000 1.0
C      1  0.5599800000000  0.5140040000000  0.5723950000000 1.0
C      1  0.4400200000000  0.4859960000000  0.5723950000000 1.0
C      1  0.5140040000000  0.4276050000000  0.4400200000000 1.0
C      1  0.4859960000000  0.4276050000000  0.5599800000000 1.0
C      1  0.5140040000000  0.5723950000000  0.5599800000000 1.0
C      1  0.4276050000000  0.4400200000000  0.5140040000000 1.0
C      1  0.5723950000000  0.4400200000000  0.4859960000000 1.0
C      1  0.4276050000000  0.5599800000000  0.4859960000000 1.0
C      1  0.5175040000000  0.4588130000000  0.4240520000000 1.0
C      1  0.4588130000000  0.4240520000000  0.5175040000000 1.0
C      1  0.4240520000000  0.5175040000000  0.4588130000000 1.0
C      1  0.4824960000000  0.5411870000000  0.4240520000000 1.0
C      1  0.5175040000000  0.5411870000000  0.5759480000000 1.0
C      1  0.4824960000000  0.4588130000000  0.5759480000000 1.0
C      1  0.5411870000000  0.5759480000000  0.5175040000000 1.0
C      1  0.4588130000000  0.5759480000000  0.4824960000000 1.0
C      1  0.5411870000000  0.4240520000000  0.4824960000000 1.0
C      1  0.5759480000000  0.4824960000000  0.4588130000000 1.0
C      1  0.4240520000000  0.4824960000000  0.5411870000000 1.0
C      1  0.5759480000000  0.5175040000000  0.5411870000000 1.0
C      1  0.5175040000000  0.4588130000000  0.5759480000000 1.0
C      1  0.4588130000000  0.4240520000000  0.4824960000000 1.0
C      1  0.4240520000000  0.5175040000000  0.5411870000000 1.0
C      1  0.4824960000000  0.5411870000000  0.5759480000000 1.0
C      1  0.5175040000000  0.5411870000000  0.4240520000000 1.0
C      1  0.4824960000000  0.4588130000000  0.4240520000000 1.0
C      1  0.5411870000000  0.5759480000000  0.4824960000000 1.0
C      1  0.4588130000000  0.5759480000000  0.5175040000000 1.0
C      1  0.5411870000000  0.4240520000000  0.5175040000000 1.0
C      1  0.5759480000000  0.4824960000000  0.5411870000000 1.0
C      1  0.4240520000000  0.4824960000000  0.4588130000000 1.0
C      1  0.5759480000000  0.5175040000000  0.4588130000000 1.0
C      1  0.5137440000000  0.4674120000000  0.5292160000000 1.0
C      1  0.4674120000000  0.5292160000000  0.5137440000000 1.0
C      1  0.5292160000000  0.5137440000000  0.4674120000000 1.0
C      1  0.4862560000000  0.5325880000000  0.5292160000000 1.0
C      1  0.5137440000000  0.5325880000000  0.4707840000000 1.0
C      1  0.4862560000000  0.4674120000000  0.4707840000000 1.0
C      1  0.5325880000000  0.4707840000000  0.5137440000000 1.0
C      1  0.4674120000000  0.4707840000000  0.4862560000000 1.0
C      1  0.5325880000000  0.5292160000000  0.4862560000000 1.0
C      1  0.4707840000000  0.4862560000000  0.4674120000000 1.0
C      1  0.5292160000000  0.4862560000000  0.5325880000000 1.0
C      1  0.4707840000000  0.5137440000000  0.5325880000000 1.0
C      1  0.5137440000000  0.4674120000000  0.4707840000000 1.0
C      1  0.4674120000000  0.5292160000000  0.4862560000000 1.0
C      1  0.5292160000000  0.5137440000000  0.5325880000000 1.0
C      1  0.4862560000000  0.5325880000000  0.4707840000000 1.0
C      1  0.5137440000000  0.5325880000000  0.5292160000000 1.0
C      1  0.4862560000000  0.4674120000000  0.5292160000000 1.0
C      1  0.5325880000000  0.4707840000000  0.4862560000000 1.0
C      1  0.4674120000000  0.4707840000000  0.5137440000000 1.0
C      1  0.5325880000000  0.5292160000000  0.5137440000000 1.0
C      1  0.4707840000000  0.4862560000000  0.5325880000000 1.0
C      1  0.5292160000000  0.4862560000000  0.4674120000000 1.0
C      1  0.4707840000000  0.5137440000000  0.4674120000000 1.0
C      1  0.4914940000000  0.4863480000000  0.5568410000000 1.0
C      1  0.4863480000000  0.5568410000000  0.4914940000000 1.0
C      1  0.5568410000000  0.4914940000000  0.4863480000000 1.0
C      1  0.5085060000000  0.5136520000000  0.5568410000000 1.0
C      1  0.4914940000000  0.5136520000000  0.4431590000000 1.0
C      1  0.5085060000000  0.4863480000000  0.4431590000000 1.0
C      1  0.5136520000000  0.4431590000000  0.4914940000000 1.0
C      1  0.4863480000000  0.4431590000000  0.5085060000000 1.0
C      1  0.5136520000000  0.5568410000000  0.5085060000000 1.0
C      1  0.4431590000000  0.5085060000000  0.4863480000000 1.0
