TITL C-1887015-2101-9 1.16361266274393e-06 1000000 -2382.51278591918 0 0 360 (Th) n - 1
REM
REM in /nfs/bkarasulu/CARBON/AIRSS/Generating-Clusters/GAP-ML-2020/Higher-Symm/Selected-Sizes/TryA-Only_Ih-Symm/Larger-Clusters
REM
REM
REM
REM
REM
REM ./C.cell (2cf5181f0f1d4d5b12b972d32ad12063)
REM
REM compiler GCC version 9.2.1 20190827 (Red Hat 9.2.1-1)
REM options -cpp -mtune=generic -march=x86-64 -g -O0 -fpre-include=/usr/include/finclude/math-vector-fortran.h
REM seed 1063212032 1535227092 -1818722059 592384994 845369501 2093774401 -114412265 1323017949 -1282443113 1317625108 2038678675 1775017560 2103741928 -1288026952 -452694239 -912477517 1296331734 1475497846 -1786811665 343252544 190306357 683522374 1137341308 1453511525 1241776243 -572141872 870411793 -428712394 294792432 -1370415929 -1690015991 -921396039 -2039451620
REM
CELL 1.54180  100.00000  100.00000  100.00000   90.00000   90.00000   90.00000
LATT -1
SFAC C  
C      1  0.4628580000000  0.5477940000000  0.4521820000000 1.0
C      1  0.5477940000000  0.4521820000000  0.4628580000000 1.0
C      1  0.4521820000000  0.4628580000000  0.5477940000000 1.0
C      1  0.5371420000000  0.4522060000000  0.4521820000000 1.0
C      1  0.4628580000000  0.4522060000000  0.5478180000000 1.0
C      1  0.5371420000000  0.5477940000000  0.5478180000000 1.0
C      1  0.4522060000000  0.5478180000000  0.4628580000000 1.0
C      1  0.5477940000000  0.5478180000000  0.5371420000000 1.0
C      1  0.4522060000000  0.4521820000000  0.5371420000000 1.0
C      1  0.5478180000000  0.5371420000000  0.5477940000000 1.0
C      1  0.4521820000000  0.5371420000000  0.4522060000000 1.0
C      1  0.5478180000000  0.4628580000000  0.4522060000000 1.0
C      1  0.4628580000000  0.5477940000000  0.5478180000000 1.0
C      1  0.5477940000000  0.4521820000000  0.5371420000000 1.0
C      1  0.4521820000000  0.4628580000000  0.4522060000000 1.0
C      1  0.5371420000000  0.4522060000000  0.5478180000000 1.0
C      1  0.4628580000000  0.4522060000000  0.4521820000000 1.0
C      1  0.5371420000000  0.5477940000000  0.4521820000000 1.0
C      1  0.4522060000000  0.5478180000000  0.5371420000000 1.0
C      1  0.5477940000000  0.5478180000000  0.4628580000000 1.0
C      1  0.4522060000000  0.4521820000000  0.4628580000000 1.0
C      1  0.5478180000000  0.5371420000000  0.4522060000000 1.0
C      1  0.4521820000000  0.5371420000000  0.5477940000000 1.0
C      1  0.5478180000000  0.4628580000000  0.5477940000000 1.0
C      1  0.5496300000000  0.4343870000000  0.4922240000000 1.0
C      1  0.4343870000000  0.4922240000000  0.5496300000000 1.0
C      1  0.4922240000000  0.5496300000000  0.4343870000000 1.0
C      1  0.4503700000000  0.5656130000000  0.4922240000000 1.0
C      1  0.5496300000000  0.5656130000000  0.5077760000000 1.0
C      1  0.4503700000000  0.4343870000000  0.5077760000000 1.0
C      1  0.5656130000000  0.5077760000000  0.5496300000000 1.0
C      1  0.4343870000000  0.5077760000000  0.4503700000000 1.0
C      1  0.5656130000000  0.4922240000000  0.4503700000000 1.0
C      1  0.5077760000000  0.4503700000000  0.4343870000000 1.0
C      1  0.4922240000000  0.4503700000000  0.5656130000000 1.0
C      1  0.5077760000000  0.5496300000000  0.5656130000000 1.0
C      1  0.5496300000000  0.4343870000000  0.5077760000000 1.0
C      1  0.4343870000000  0.4922240000000  0.4503700000000 1.0
C      1  0.4922240000000  0.5496300000000  0.5656130000000 1.0
C      1  0.4503700000000  0.5656130000000  0.5077760000000 1.0
C      1  0.5496300000000  0.5656130000000  0.4922240000000 1.0
C      1  0.4503700000000  0.4343870000000  0.4922240000000 1.0
C      1  0.5656130000000  0.5077760000000  0.4503700000000 1.0
C      1  0.4343870000000  0.5077760000000  0.5496300000000 1.0
C      1  0.5656130000000  0.4922240000000  0.5496300000000 1.0
C      1  0.5077760000000  0.4503700000000  0.5656130000000 1.0
C      1  0.4922240000000  0.4503700000000  0.4343870000000 1.0
C      1  0.5077760000000  0.5496300000000  0.4343870000000 1.0
C      1  0.4665690000000  0.4881650000000  0.4816180000000 1.0
C      1  0.4881650000000  0.4816180000000  0.4665690000000 1.0
C      1  0.4816180000000  0.4665690000000  0.4881650000000 1.0
C      1  0.5334310000000  0.5118350000000  0.4816180000000 1.0
C      1  0.4665690000000  0.5118350000000  0.5183820000000 1.0
C      1  0.5334310000000  0.4881650000000  0.5183820000000 1.0
C      1  0.5118350000000  0.5183820000000  0.4665690000000 1.0
C      1  0.4881650000000  0.5183820000000  0.5334310000000 1.0
C      1  0.5118350000000  0.4816180000000  0.5334310000000 1.0
C      1  0.5183820000000  0.5334310000000  0.4881650000000 1.0
C      1  0.4816180000000  0.5334310000000  0.5118350000000 1.0
C      1  0.5183820000000  0.4665690000000  0.5118350000000 1.0
C      1  0.4665690000000  0.4881650000000  0.5183820000000 1.0
C      1  0.4881650000000  0.4816180000000  0.5334310000000 1.0
C      1  0.4816180000000  0.4665690000000  0.5118350000000 1.0
C      1  0.5334310000000  0.5118350000000  0.5183820000000 1.0
C      1  0.4665690000000  0.5118350000000  0.4816180000000 1.0
C      1  0.5334310000000  0.4881650000000  0.4816180000000 1.0
C      1  0.5118350000000  0.5183820000000  0.5334310000000 1.0
C      1  0.4881650000000  0.5183820000000  0.4665690000000 1.0
C      1  0.5118350000000  0.4816180000000  0.4665690000000 1.0
C      1  0.5183820000000  0.5334310000000  0.5118350000000 1.0
C      1  0.4816180000000  0.5334310000000  0.4881650000000 1.0
C      1  0.5183820000000  0.4665690000000  0.4881650000000 1.0
C      1  0.5808180000000  0.5073410000000  0.4842440000000 1.0
C      1  0.5073410000000  0.4842440000000  0.5808180000000 1.0
C      1  0.4842440000000  0.5808180000000  0.5073410000000 1.0
C      1  0.4191820000000  0.4926590000000  0.4842440000000 1.0
C      1  0.5808180000000  0.4926590000000  0.5157560000000 1.0
C      1  0.4191820000000  0.5073410000000  0.5157560000000 1.0
C      1  0.4926590000000  0.5157560000000  0.5808180000000 1.0
C      1  0.5073410000000  0.5157560000000  0.4191820000000 1.0
C      1  0.4926590000000  0.4842440000000  0.4191820000000 1.0
C      1  0.5157560000000  0.4191820000000  0.5073410000000 1.0
C      1  0.4842440000000  0.4191820000000  0.4926590000000 1.0
C      1  0.5157560000000  0.5808180000000  0.4926590000000 1.0
C      1  0.5808180000000  0.5073410000000  0.5157560000000 1.0
C      1  0.5073410000000  0.4842440000000  0.4191820000000 1.0
C      1  0.4842440000000  0.5808180000000  0.4926590000000 1.0
C      1  0.4191820000000  0.4926590000000  0.5157560000000 1.0
C      1  0.5808180000000  0.4926590000000  0.4842440000000 1.0
C      1  0.4191820000000  0.5073410000000  0.4842440000000 1.0
C      1  0.4926590000000  0.5157560000000  0.4191820000000 1.0
C      1  0.5073410000000  0.5157560000000  0.5808180000000 1.0
C      1  0.4926590000000  0.4842440000000  0.5808180000000 1.0
C      1  0.5157560000000  0.4191820000000  0.4926590000000 1.0
C      1  0.4842440000000  0.4191820000000  0.5073410000000 1.0
C      1  0.5157560000000  0.5808180000000  0.5073410000000 1.0
C      1  0.5074720000000  0.4860560000000  0.4799440000000 1.0
C      1  0.4860560000000  0.4799440000000  0.5074720000000 1.0
C      1  0.4799440000000  0.5074720000000  0.4860560000000 1.0
C      1  0.4925280000000  0.5139440000000  0.4799440000000 1.0
C      1  0.5074720000000  0.5139440000000  0.5200560000000 1.0
C      1  0.4925280000000  0.4860560000000  0.5200560000000 1.0
C      1  0.5139440000000  0.5200560000000  0.5074720000000 1.0
C      1  0.4860560000000  0.5200560000000  0.4925280000000 1.0
C      1  0.5139440000000  0.4799440000000  0.4925280000000 1.0
C      1  0.5200560000000  0.4925280000000  0.4860560000000 1.0
C      1  0.4799440000000  0.4925280000000  0.5139440000000 1.0
C      1  0.5200560000000  0.5074720000000  0.5139440000000 1.0
C      1  0.5074720000000  0.4860560000000  0.5200560000000 1.0
C      1  0.4860560000000  0.4799440000000  0.4925280000000 1.0
C      1  0.4799440000000  0.5074720000000  0.5139440000000 1.0
C      1  0.4925280000000  0.5139440000000  0.5200560000000 1.0
C      1  0.5074720000000  0.5139440000000  0.4799440000000 1.0
C      1  0.4925280000000  0.4860560000000  0.4799440000000 1.0
C      1  0.5139440000000  0.5200560000000  0.4925280000000 1.0
C      1  0.4860560000000  0.5200560000000  0.5074720000000 1.0
C      1  0.5139440000000  0.4799440000000  0.5074720000000 1.0
C      1  0.5200560000000  0.4925280000000  0.5139440000000 1.0
C      1  0.4799440000000  0.4925280000000  0.4860560000000 1.0
C      1  0.5200560000000  0.5074720000000  0.4860560000000 1.0
C      1  0.5138850000000  0.4730600000000  0.4236740000000 1.0
C      1  0.4730600000000  0.4236740000000  0.5138850000000 1.0
C      1  0.4236740000000  0.5138850000000  0.4730600000000 1.0
C      1  0.4861150000000  0.5269400000000  0.4236740000000 1.0
C      1  0.5138850000000  0.5269400000000  0.5763260000000 1.0
C      1  0.4861150000000  0.4730600000000  0.5763260000000 1.0
C      1  0.5269400000000  0.5763260000000  0.5138850000000 1.0
C      1  0.4730600000000  0.5763260000000  0.4861150000000 1.0
C      1  0.5269400000000  0.4236740000000  0.4861150000000 1.0
C      1  0.5763260000000  0.4861150000000  0.4730600000000 1.0
C      1  0.4236740000000  0.4861150000000  0.5269400000000 1.0
C      1  0.5763260000000  0.5138850000000  0.5269400000000 1.0
C      1  0.5138850000000  0.4730600000000  0.5763260000000 1.0
C      1  0.4730600000000  0.4236740000000  0.4861150000000 1.0
C      1  0.4236740000000  0.5138850000000  0.5269400000000 1.0
C      1  0.4861150000000  0.5269400000000  0.5763260000000 1.0
C      1  0.5138850000000  0.5269400000000  0.4236740000000 1.0
C      1  0.4861150000000  0.4730600000000  0.4236740000000 1.0
C      1  0.5269400000000  0.5763260000000  0.4861150000000 1.0
C      1  0.4730600000000  0.5763260000000  0.5138850000000 1.0
C      1  0.5269400000000  0.4236740000000  0.5138850000000 1.0
C      1  0.5763260000000  0.4861150000000  0.5269400000000 1.0
C      1  0.4236740000000  0.4861150000000  0.4730600000000 1.0
C      1  0.5763260000000  0.5138850000000  0.4730600000000 1.0
C      1  0.5274010000000  0.4630850000000  0.4483300000000 1.0
C      1  0.4630850000000  0.4483300000000  0.5274010000000 1.0
C      1  0.4483300000000  0.5274010000000  0.4630850000000 1.0
C      1  0.4725990000000  0.5369150000000  0.4483300000000 1.0
C      1  0.5274010000000  0.5369150000000  0.5516700000000 1.0
C      1  0.4725990000000  0.4630850000000  0.5516700000000 1.0
C      1  0.5369150000000  0.5516700000000  0.5274010000000 1.0
C      1  0.4630850000000  0.5516700000000  0.4725990000000 1.0
C      1  0.5369150000000  0.4483300000000  0.4725990000000 1.0
C      1  0.5516700000000  0.4725990000000  0.4630850000000 1.0
C      1  0.4483300000000  0.4725990000000  0.5369150000000 1.0
C      1  0.5516700000000  0.5274010000000  0.5369150000000 1.0
C      1  0.5274010000000  0.4630850000000  0.5516700000000 1.0
C      1  0.4630850000000  0.4483300000000  0.4725990000000 1.0
C      1  0.4483300000000  0.5274010000000  0.5369150000000 1.0
C      1  0.4725990000000  0.5369150000000  0.5516700000000 1.0
C      1  0.5274010000000  0.5369150000000  0.4483300000000 1.0
C      1  0.4725990000000  0.4630850000000  0.4483300000000 1.0
C      1  0.5369150000000  0.5516700000000  0.4725990000000 1.0
C      1  0.4630850000000  0.5516700000000  0.5274010000000 1.0
C      1  0.5369150000000  0.4483300000000  0.5274010000000 1.0
C      1  0.5516700000000  0.4725990000000  0.5369150000000 1.0
C      1  0.4483300000000  0.4725990000000  0.4630850000000 1.0
C      1  0.5516700000000  0.5274010000000  0.4630850000000 1.0
C      1  0.4493320000000  0.5370550000000  0.5268400000000 1.0
C      1  0.5370550000000  0.5268400000000  0.4493320000000 1.0
C      1  0.5268400000000  0.4493320000000  0.5370550000000 1.0
C      1  0.5506680000000  0.4629450000000  0.5268400000000 1.0
C      1  0.4493320000000  0.4629450000000  0.4731600000000 1.0
C      1  0.5506680000000  0.5370550000000  0.4731600000000 1.0
C      1  0.4629450000000  0.4731600000000  0.4493320000000 1.0
C      1  0.5370550000000  0.4731600000000  0.5506680000000 1.0
C      1  0.4629450000000  0.5268400000000  0.5506680000000 1.0
C      1  0.4731600000000  0.5506680000000  0.5370550000000 1.0
C      1  0.5268400000000  0.5506680000000  0.4629450000000 1.0
C      1  0.4731600000000  0.4493320000000  0.4629450000000 1.0
C      1  0.4493320000000  0.5370550000000  0.4731600000000 1.0
C      1  0.5370550000000  0.5268400000000  0.5506680000000 1.0
C      1  0.5268400000000  0.4493320000000  0.4629450000000 1.0
C      1  0.5506680000000  0.4629450000000  0.4731600000000 1.0
C      1  0.4493320000000  0.4629450000000  0.5268400000000 1.0
C      1  0.5506680000000  0.5370550000000  0.5268400000000 1.0
C      1  0.4629450000000  0.4731600000000  0.5506680000000 1.0
C      1  0.5370550000000  0.4731600000000  0.4493320000000 1.0
C      1  0.4629450000000  0.5268400000000  0.4493320000000 1.0
C      1  0.4731600000000  0.5506680000000  0.4629450000000 1.0
C      1  0.5268400000000  0.5506680000000  0.5370550000000 1.0
C      1  0.4731600000000  0.4493320000000  0.5370550000000 1.0
C      1  0.5693370000000  0.4847900000000  0.5144420000000 1.0
C      1  0.4847900000000  0.5144420000000  0.5693370000000 1.0
C      1  0.5144420000000  0.5693370000000  0.4847900000000 1.0
C      1  0.4306630000000  0.5152100000000  0.5144420000000 1.0
C      1  0.5693370000000  0.5152100000000  0.4855580000000 1.0
C      1  0.4306630000000  0.4847900000000  0.4855580000000 1.0
C      1  0.5152100000000  0.4855580000000  0.5693370000000 1.0
C      1  0.4847900000000  0.4855580000000  0.4306630000000 1.0
C      1  0.5152100000000  0.5144420000000  0.4306630000000 1.0
C      1  0.4855580000000  0.4306630000000  0.4847900000000 1.0
C      1  0.5144420000000  0.4306630000000  0.5152100000000 1.0
C      1  0.4855580000000  0.5693370000000  0.5152100000000 1.0
C      1  0.5693370000000  0.4847900000000  0.4855580000000 1.0
C      1  0.4847900000000  0.5144420000000  0.4306630000000 1.0
C      1  0.5144420000000  0.5693370000000  0.5152100000000 1.0
C      1  0.4306630000000  0.5152100000000  0.4855580000000 1.0
C      1  0.5693370000000  0.5152100000000  0.5144420000000 1.0
C      1  0.4306630000000  0.4847900000000  0.5144420000000 1.0
C      1  0.5152100000000  0.4855580000000  0.4306630000000 1.0
C      1  0.4847900000000  0.4855580000000  0.5693370000000 1.0
C      1  0.5152100000000  0.5144420000000  0.5693370000000 1.0
C      1  0.4855580000000  0.4306630000000  0.5152100000000 1.0
C      1  0.5144420000000  0.4306630000000  0.4847900000000 1.0
C      1  0.4855580000000  0.5693370000000  0.4847900000000 1.0
C      1  0.4925880000000  0.4603760000000  0.5758010000000 1.0
C      1  0.4603760000000  0.5758010000000  0.4925880000000 1.0
C      1  0.5758010000000  0.4925880000000  0.4603760000000 1.0
C      1  0.5074120000000  0.5396240000000  0.5758010000000 1.0
C      1  0.4925880000000  0.5396240000000  0.4241990000000 1.0
C      1  0.5074120000000  0.4603760000000  0.4241990000000 1.0
C      1  0.5396240000000  0.4241990000000  0.4925880000000 1.0
C      1  0.4603760000000  0.4241990000000  0.5074120000000 1.0
C      1  0.5396240000000  0.5758010000000  0.5074120000000 1.0
C      1  0.4241990000000  0.5074120000000  0.4603760000000 1.0
C      1  0.5758010000000  0.5074120000000  0.5396240000000 1.0
C      1  0.4241990000000  0.4925880000000  0.5396240000000 1.0
C      1  0.4925880000000  0.4603760000000  0.4241990000000 1.0
C      1  0.4603760000000  0.5758010000000  0.5074120000000 1.0
C      1  0.5758010000000  0.4925880000000  0.5396240000000 1.0
C      1  0.5074120000000  0.5396240000000  0.4241990000000 1.0
C      1  0.4925880000000  0.5396240000000  0.5758010000000 1.0
C      1  0.5074120000000  0.4603760000000  0.5758010000000 1.0
C      1  0.5396240000000  0.4241990000000  0.5074120000000 1.0
C      1  0.4603760000000  0.4241990000000  0.4925880000000 1.0
C      1  0.5396240000000  0.5758010000000  0.4925880000000 1.0
C      1  0.4241990000000  0.5074120000000  0.5396240000000 1.0
C      1  0.5758010000000  0.5074120000000  0.4603760000000 1.0
C      1  0.4241990000000  0.4925880000000  0.4603760000000 1.0
C      1  0.5144530000000  0.4929190000000  0.4424530000000 1.0
C      1  0.4929190000000  0.4424530000000  0.5144530000000 1.0
C      1  0.4424530000000  0.5144530000000  0.4929190000000 1.0
C      1  0.4855470000000  0.5070810000000  0.4424530000000 1.0
C      1  0.5144530000000  0.5070810000000  0.5575470000000 1.0
C      1  0.4855470000000  0.4929190000000  0.5575470000000 1.0
C      1  0.5070810000000  0.5575470000000  0.5144530000000 1.0
C      1  0.4929190000000  0.5575470000000  0.4855470000000 1.0
C      1  0.5070810000000  0.4424530000000  0.4855470000000 1.0
C      1  0.5575470000000  0.4855470000000  0.4929190000000 1.0
C      1  0.4424530000000  0.4855470000000  0.5070810000000 1.0
C      1  0.5575470000000  0.5144530000000  0.5070810000000 1.0
C      1  0.5144530000000  0.4929190000000  0.5575470000000 1.0
C      1  0.4929190000000  0.4424530000000  0.4855470000000 1.0
C      1  0.4424530000000  0.5144530000000  0.5070810000000 1.0
C      1  0.4855470000000  0.5070810000000  0.5575470000000 1.0
C      1  0.5144530000000  0.5070810000000  0.4424530000000 1.0
C      1  0.4855470000000  0.4929190000000  0.4424530000000 1.0
C      1  0.5070810000000  0.5575470000000  0.4855470000000 1.0
C      1  0.4929190000000  0.5575470000000  0.5144530000000 1.0
C      1  0.5070810000000  0.4424530000000  0.5144530000000 1.0
C      1  0.5575470000000  0.4855470000000  0.5070810000000 1.0
C      1  0.4424530000000  0.4855470000000  0.4929190000000 1.0
C      1  0.5575470000000  0.5144530000000  0.4929190000000 1.0
C      1  0.5316150000000  0.4633330000000  0.4930080000000 1.0
C      1  0.4633330000000  0.4930080000000  0.5316150000000 1.0
C      1  0.4930080000000  0.5316150000000  0.4633330000000 1.0
C      1  0.4683850000000  0.5366670000000  0.4930080000000 1.0
C      1  0.5316150000000  0.5366670000000  0.5069920000000 1.0
C      1  0.4683850000000  0.4633330000000  0.5069920000000 1.0
C      1  0.5366670000000  0.5069920000000  0.5316150000000 1.0
C      1  0.4633330000000  0.5069920000000  0.4683850000000 1.0
C      1  0.5366670000000  0.4930080000000  0.4683850000000 1.0
C      1  0.5069920000000  0.4683850000000  0.4633330000000 1.0
C      1  0.4930080000000  0.4683850000000  0.5366670000000 1.0
C      1  0.5069920000000  0.5316150000000  0.5366670000000 1.0
C      1  0.5316150000000  0.4633330000000  0.5069920000000 1.0
C      1  0.4633330000000  0.4930080000000  0.4683850000000 1.0
C      1  0.4930080000000  0.5316150000000  0.5366670000000 1.0
C      1  0.4683850000000  0.5366670000000  0.5069920000000 1.0
C      1  0.5316150000000  0.5366670000000  0.4930080000000 1.0
C      1  0.4683850000000  0.4633330000000  0.4930080000000 1.0
C      1  0.5366670000000  0.5069920000000  0.4683850000000 1.0
C      1  0.4633330000000  0.5069920000000  0.5316150000000 1.0
C      1  0.5366670000000  0.4930080000000  0.5316150000000 1.0
C      1  0.5069920000000  0.4683850000000  0.5366670000000 1.0
C      1  0.4930080000000  0.4683850000000  0.4633330000000 1.0
C      1  0.5069920000000  0.5316150000000  0.4633330000000 1.0
C      1  0.5420590000000  0.5423390000000  0.5158160000000 1.0
C      1  0.5423390000000  0.5158160000000  0.5420590000000 1.0
C      1  0.5158160000000  0.5420590000000  0.5423390000000 1.0
C      1  0.4579410000000  0.4576610000000  0.5158160000000 1.0
C      1  0.5420590000000  0.4576610000000  0.4841840000000 1.0
C      1  0.4579410000000  0.5423390000000  0.4841840000000 1.0
C      1  0.4576610000000  0.4841840000000  0.5420590000000 1.0
C      1  0.5423390000000  0.4841840000000  0.4579410000000 1.0
C      1  0.4576610000000  0.5158160000000  0.4579410000000 1.0
C      1  0.4841840000000  0.4579410000000  0.5423390000000 1.0
C      1  0.5158160000000  0.4579410000000  0.4576610000000 1.0
C      1  0.4841840000000  0.5420590000000  0.4576610000000 1.0
C      1  0.5420590000000  0.5423390000000  0.4841840000000 1.0
C      1  0.5423390000000  0.5158160000000  0.4579410000000 1.0
C      1  0.5158160000000  0.5420590000000  0.4576610000000 1.0
C      1  0.4579410000000  0.4576610000000  0.4841840000000 1.0
C      1  0.5420590000000  0.4576610000000  0.5158160000000 1.0
C      1  0.4579410000000  0.5423390000000  0.5158160000000 1.0
C      1  0.4576610000000  0.4841840000000  0.4579410000000 1.0
C      1  0.5423390000000  0.4841840000000  0.5420590000000 1.0
C      1  0.4576610000000  0.5158160000000  0.5420590000000 1.0
C      1  0.4841840000000  0.4579410000000  0.4576610000000 1.0
C      1  0.5158160000000  0.4579410000000  0.5423390000000 1.0
C      1  0.4841840000000  0.5420590000000  0.5423390000000 1.0
C      1  0.5513950000000  0.5072890000000  0.5499640000000 1.0
C      1  0.5072890000000  0.5499640000000  0.5513950000000 1.0
C      1  0.5499640000000  0.5513950000000  0.5072890000000 1.0
C      1  0.4486050000000  0.4927110000000  0.5499640000000 1.0
C      1  0.5513950000000  0.4927110000000  0.4500360000000 1.0
C      1  0.4486050000000  0.5072890000000  0.4500360000000 1.0
C      1  0.4927110000000  0.4500360000000  0.5513950000000 1.0
C      1  0.5072890000000  0.4500360000000  0.4486050000000 1.0
C      1  0.4927110000000  0.5499640000000  0.4486050000000 1.0
C      1  0.4500360000000  0.4486050000000  0.5072890000000 1.0
C      1  0.5499640000000  0.4486050000000  0.4927110000000 1.0
C      1  0.4500360000000  0.5513950000000  0.4927110000000 1.0
C      1  0.5513950000000  0.5072890000000  0.4500360000000 1.0
C      1  0.5072890000000  0.5499640000000  0.4486050000000 1.0
C      1  0.5499640000000  0.5513950000000  0.4927110000000 1.0
C      1  0.4486050000000  0.4927110000000  0.4500360000000 1.0
C      1  0.5513950000000  0.4927110000000  0.5499640000000 1.0
C      1  0.4486050000000  0.5072890000000  0.5499640000000 1.0
C      1  0.4927110000000  0.4500360000000  0.4486050000000 1.0
C      1  0.5072890000000  0.4500360000000  0.5513950000000 1.0
C      1  0.4927110000000  0.5499640000000  0.5513950000000 1.0
C      1  0.4500360000000  0.4486050000000  0.4927110000000 1.0
C      1  0.5499640000000  0.4486050000000  0.5072890000000 1.0
C      1  0.4500360000000  0.5513950000000  0.5072890000000 1.0
C      1  0.5083420000000  0.5437320000000  0.5078560000000 1.0
C      1  0.5437320000000  0.5078560000000  0.5083420000000 1.0
C      1  0.5078560000000  0.5083420000000  0.5437320000000 1.0
C      1  0.4916580000000  0.4562680000000  0.5078560000000 1.0
C      1  0.5083420000000  0.4562680000000  0.4921440000000 1.0
C      1  0.4916580000000  0.5437320000000  0.4921440000000 1.0
C      1  0.4562680000000  0.4921440000000  0.5083420000000 1.0
C      1  0.5437320000000  0.4921440000000  0.4916580000000 1.0
C      1  0.4562680000000  0.5078560000000  0.4916580000000 1.0
C      1  0.4921440000000  0.4916580000000  0.5437320000000 1.0
C      1  0.5078560000000  0.4916580000000  0.4562680000000 1.0
C      1  0.4921440000000  0.5083420000000  0.4562680000000 1.0
C      1  0.5083420000000  0.5437320000000  0.4921440000000 1.0
C      1  0.5437320000000  0.5078560000000  0.4916580000000 1.0
C      1  0.5078560000000  0.5083420000000  0.4562680000000 1.0
C      1  0.4916580000000  0.4562680000000  0.4921440000000 1.0
C      1  0.5083420000000  0.4562680000000  0.5078560000000 1.0
C      1  0.4916580000000  0.5437320000000  0.5078560000000 1.0
C      1  0.4562680000000  0.4921440000000  0.4916580000000 1.0
C      1  0.5437320000000  0.4921440000000  0.5083420000000 1.0
C      1  0.4562680000000  0.5078560000000  0.5083420000000 1.0
C      1  0.4921440000000  0.4916580000000  0.4562680000000 1.0
C      1  0.5078560000000  0.4916580000000  0.5437320000000 1.0
C      1  0.4921440000000  0.5083420000000  0.5437320000000 1.0
END
