TITL C-1887016-2763-3 8.14522279903469e-07 1000000 -2062.3127581555 0 0 300 (Th) n - 1
REM
REM in /nfs/bkarasulu/CARBON/AIRSS/Generating-Clusters/GAP-ML-2020/Higher-Symm/Selected-Sizes/TryA-Only_Ih-Symm/Larger-Clusters
REM
REM
REM
REM
REM
REM ./C.cell (2cf5181f0f1d4d5b12b972d32ad12063)
REM
REM compiler GCC version 9.2.1 20190827 (Red Hat 9.2.1-1)
REM options -cpp -mtune=generic -march=x86-64 -g -O0 -fpre-include=/usr/include/finclude/math-vector-fortran.h
REM seed 1235376414 -157638409 816334616 1763448994 797064996 -85130269 -488076651 -1769244801 -1870163346 1944655105 409794174 1430172586 -543094202 1282307393 1744256340 2037811459 -1820758585 -569640024 -251637188 498470474 1559521315 -673479138 771286832 -1783481523 -684784477 -52189179 -510364302 2037394344 1576428569 232119315 -790555651 305184530 -1248320014
REM
CELL 1.54180  100.00000  100.00000  100.00000   90.00000   90.00000   90.00000
LATT -1
SFAC C  
C      1  0.4801790000000  0.5461830000000  0.4854070000000 1.0
C      1  0.5461830000000  0.4854070000000  0.4801790000000 1.0
C      1  0.4854070000000  0.4801790000000  0.5461830000000 1.0
C      1  0.5198210000000  0.4538170000000  0.4854070000000 1.0
C      1  0.4801790000000  0.4538170000000  0.5145930000000 1.0
C      1  0.5198210000000  0.5461830000000  0.5145930000000 1.0
C      1  0.4538170000000  0.5145930000000  0.4801790000000 1.0
C      1  0.5461830000000  0.5145930000000  0.5198210000000 1.0
C      1  0.4538170000000  0.4854070000000  0.5198210000000 1.0
C      1  0.5145930000000  0.5198210000000  0.5461830000000 1.0
C      1  0.4854070000000  0.5198210000000  0.4538170000000 1.0
C      1  0.5145930000000  0.4801790000000  0.4538170000000 1.0
C      1  0.4801790000000  0.5461830000000  0.5145930000000 1.0
C      1  0.5461830000000  0.4854070000000  0.5198210000000 1.0
C      1  0.4854070000000  0.4801790000000  0.4538170000000 1.0
C      1  0.5198210000000  0.4538170000000  0.5145930000000 1.0
C      1  0.4801790000000  0.4538170000000  0.4854070000000 1.0
C      1  0.5198210000000  0.5461830000000  0.4854070000000 1.0
C      1  0.4538170000000  0.5145930000000  0.5198210000000 1.0
C      1  0.5461830000000  0.5145930000000  0.4801790000000 1.0
C      1  0.4538170000000  0.4854070000000  0.4801790000000 1.0
C      1  0.5145930000000  0.5198210000000  0.4538170000000 1.0
C      1  0.4854070000000  0.5198210000000  0.5461830000000 1.0
C      1  0.5145930000000  0.4801790000000  0.5461830000000 1.0
C      1  0.4583950000000  0.4440530000000  0.4854300000000 1.0
C      1  0.4440530000000  0.4854300000000  0.4583950000000 1.0
C      1  0.4854300000000  0.4583950000000  0.4440530000000 1.0
C      1  0.5416050000000  0.5559470000000  0.4854300000000 1.0
C      1  0.4583950000000  0.5559470000000  0.5145700000000 1.0
C      1  0.5416050000000  0.4440530000000  0.5145700000000 1.0
C      1  0.5559470000000  0.5145700000000  0.4583950000000 1.0
C      1  0.4440530000000  0.5145700000000  0.5416050000000 1.0
C      1  0.5559470000000  0.4854300000000  0.5416050000000 1.0
C      1  0.5145700000000  0.5416050000000  0.4440530000000 1.0
C      1  0.4854300000000  0.5416050000000  0.5559470000000 1.0
C      1  0.5145700000000  0.4583950000000  0.5559470000000 1.0
C      1  0.4583950000000  0.4440530000000  0.5145700000000 1.0
C      1  0.4440530000000  0.4854300000000  0.5416050000000 1.0
C      1  0.4854300000000  0.4583950000000  0.5559470000000 1.0
C      1  0.5416050000000  0.5559470000000  0.5145700000000 1.0
C      1  0.4583950000000  0.5559470000000  0.4854300000000 1.0
C      1  0.5416050000000  0.4440530000000  0.4854300000000 1.0
C      1  0.5559470000000  0.5145700000000  0.5416050000000 1.0
C      1  0.4440530000000  0.5145700000000  0.4583950000000 1.0
C      1  0.5559470000000  0.4854300000000  0.4583950000000 1.0
C      1  0.5145700000000  0.5416050000000  0.5559470000000 1.0
C      1  0.4854300000000  0.5416050000000  0.4440530000000 1.0
C      1  0.5145700000000  0.4583950000000  0.4440530000000 1.0
C      1  0.4496770000000  0.5070140000000  0.4691800000000 1.0
C      1  0.5070140000000  0.4691800000000  0.4496770000000 1.0
C      1  0.4691800000000  0.4496770000000  0.5070140000000 1.0
C      1  0.5503230000000  0.4929860000000  0.4691800000000 1.0
C      1  0.4496770000000  0.4929860000000  0.5308200000000 1.0
C      1  0.5503230000000  0.5070140000000  0.5308200000000 1.0
C      1  0.4929860000000  0.5308200000000  0.4496770000000 1.0
C      1  0.5070140000000  0.5308200000000  0.5503230000000 1.0
C      1  0.4929860000000  0.4691800000000  0.5503230000000 1.0
C      1  0.5308200000000  0.5503230000000  0.5070140000000 1.0
C      1  0.4691800000000  0.5503230000000  0.4929860000000 1.0
C      1  0.5308200000000  0.4496770000000  0.4929860000000 1.0
C      1  0.4496770000000  0.5070140000000  0.5308200000000 1.0
C      1  0.5070140000000  0.4691800000000  0.5503230000000 1.0
C      1  0.4691800000000  0.4496770000000  0.4929860000000 1.0
C      1  0.5503230000000  0.4929860000000  0.5308200000000 1.0
C      1  0.4496770000000  0.4929860000000  0.4691800000000 1.0
C      1  0.5503230000000  0.5070140000000  0.4691800000000 1.0
C      1  0.4929860000000  0.5308200000000  0.5503230000000 1.0
C      1  0.5070140000000  0.5308200000000  0.4496770000000 1.0
C      1  0.4929860000000  0.4691800000000  0.4496770000000 1.0
C      1  0.5308200000000  0.5503230000000  0.4929860000000 1.0
C      1  0.4691800000000  0.5503230000000  0.5070140000000 1.0
C      1  0.5308200000000  0.4496770000000  0.5070140000000 1.0
C      1  0.5714920000000  0.4614900000000  0.5166830000000 1.0
C      1  0.4614900000000  0.5166830000000  0.5714920000000 1.0
C      1  0.5166830000000  0.5714920000000  0.4614900000000 1.0
C      1  0.4285080000000  0.5385100000000  0.5166830000000 1.0
C      1  0.5714920000000  0.5385100000000  0.4833170000000 1.0
C      1  0.4285080000000  0.4614900000000  0.4833170000000 1.0
C      1  0.5385100000000  0.4833170000000  0.5714920000000 1.0
C      1  0.4614900000000  0.4833170000000  0.4285080000000 1.0
C      1  0.5385100000000  0.5166830000000  0.4285080000000 1.0
C      1  0.4833170000000  0.4285080000000  0.4614900000000 1.0
C      1  0.5166830000000  0.4285080000000  0.5385100000000 1.0
C      1  0.4833170000000  0.5714920000000  0.5385100000000 1.0
C      1  0.5714920000000  0.4614900000000  0.4833170000000 1.0
C      1  0.4614900000000  0.5166830000000  0.4285080000000 1.0
C      1  0.5166830000000  0.5714920000000  0.5385100000000 1.0
C      1  0.4285080000000  0.5385100000000  0.4833170000000 1.0
C      1  0.5714920000000  0.5385100000000  0.5166830000000 1.0
C      1  0.4285080000000  0.4614900000000  0.5166830000000 1.0
C      1  0.5385100000000  0.4833170000000  0.4285080000000 1.0
C      1  0.4614900000000  0.4833170000000  0.5714920000000 1.0
C      1  0.5385100000000  0.5166830000000  0.5714920000000 1.0
C      1  0.4833170000000  0.4285080000000  0.5385100000000 1.0
C      1  0.5166830000000  0.4285080000000  0.4614900000000 1.0
C      1  0.4833170000000  0.5714920000000  0.4614900000000 1.0
C      1  0.4385380000000  0.4684480000000  0.5241320000000 1.0
C      1  0.4684480000000  0.5241320000000  0.4385380000000 1.0
C      1  0.5241320000000  0.4385380000000  0.4684480000000 1.0
C      1  0.5614620000000  0.5315520000000  0.5241320000000 1.0
C      1  0.4385380000000  0.5315520000000  0.4758680000000 1.0
C      1  0.5614620000000  0.4684480000000  0.4758680000000 1.0
C      1  0.5315520000000  0.4758680000000  0.4385380000000 1.0
C      1  0.4684480000000  0.4758680000000  0.5614620000000 1.0
C      1  0.5315520000000  0.5241320000000  0.5614620000000 1.0
C      1  0.4758680000000  0.5614620000000  0.4684480000000 1.0
C      1  0.5241320000000  0.5614620000000  0.5315520000000 1.0
C      1  0.4758680000000  0.4385380000000  0.5315520000000 1.0
C      1  0.4385380000000  0.4684480000000  0.4758680000000 1.0
C      1  0.4684480000000  0.5241320000000  0.5614620000000 1.0
C      1  0.5241320000000  0.4385380000000  0.5315520000000 1.0
C      1  0.5614620000000  0.5315520000000  0.4758680000000 1.0
C      1  0.4385380000000  0.5315520000000  0.5241320000000 1.0
C      1  0.5614620000000  0.4684480000000  0.5241320000000 1.0
C      1  0.5315520000000  0.4758680000000  0.5614620000000 1.0
C      1  0.4684480000000  0.4758680000000  0.4385380000000 1.0
C      1  0.5315520000000  0.5241320000000  0.4385380000000 1.0
C      1  0.4758680000000  0.5614620000000  0.5315520000000 1.0
C      1  0.5241320000000  0.5614620000000  0.4684480000000 1.0
C      1  0.4758680000000  0.4385380000000  0.4684480000000 1.0
C      1  0.5482960000000  0.4925840000000  0.5668500000000 1.0
C      1  0.4925840000000  0.5668500000000  0.5482960000000 1.0
C      1  0.5668500000000  0.5482960000000  0.4925840000000 1.0
C      1  0.4517040000000  0.5074160000000  0.5668500000000 1.0
C      1  0.5482960000000  0.5074160000000  0.4331500000000 1.0
C      1  0.4517040000000  0.4925840000000  0.4331500000000 1.0
C      1  0.5074160000000  0.4331500000000  0.5482960000000 1.0
C      1  0.4925840000000  0.4331500000000  0.4517040000000 1.0
C      1  0.5074160000000  0.5668500000000  0.4517040000000 1.0
C      1  0.4331500000000  0.4517040000000  0.4925840000000 1.0
C      1  0.5668500000000  0.4517040000000  0.5074160000000 1.0
C      1  0.4331500000000  0.5482960000000  0.5074160000000 1.0
C      1  0.5482960000000  0.4925840000000  0.4331500000000 1.0
C      1  0.4925840000000  0.5668500000000  0.4517040000000 1.0
C      1  0.5668500000000  0.5482960000000  0.5074160000000 1.0
C      1  0.4517040000000  0.5074160000000  0.4331500000000 1.0
C      1  0.5482960000000  0.5074160000000  0.5668500000000 1.0
C      1  0.4517040000000  0.4925840000000  0.5668500000000 1.0
C      1  0.5074160000000  0.4331500000000  0.4517040000000 1.0
C      1  0.4925840000000  0.4331500000000  0.5482960000000 1.0
C      1  0.5074160000000  0.5668500000000  0.5482960000000 1.0
C      1  0.4331500000000  0.4517040000000  0.5074160000000 1.0
C      1  0.5668500000000  0.4517040000000  0.4925840000000 1.0
C      1  0.4331500000000  0.5482960000000  0.4925840000000 1.0
C      1  0.4857710000000  0.4193920000000  0.4718040000000 1.0
C      1  0.4193920000000  0.4718040000000  0.4857710000000 1.0
C      1  0.4718040000000  0.4857710000000  0.4193920000000 1.0
C      1  0.5142290000000  0.5806080000000  0.4718040000000 1.0
C      1  0.4857710000000  0.5806080000000  0.5281960000000 1.0
C      1  0.5142290000000  0.4193920000000  0.5281960000000 1.0
C      1  0.5806080000000  0.5281960000000  0.4857710000000 1.0
C      1  0.4193920000000  0.5281960000000  0.5142290000000 1.0
C      1  0.5806080000000  0.4718040000000  0.5142290000000 1.0
C      1  0.5281960000000  0.5142290000000  0.4193920000000 1.0
C      1  0.4718040000000  0.5142290000000  0.5806080000000 1.0
C      1  0.5281960000000  0.4857710000000  0.5806080000000 1.0
C      1  0.4857710000000  0.4193920000000  0.5281960000000 1.0
C      1  0.4193920000000  0.4718040000000  0.5142290000000 1.0
C      1  0.4718040000000  0.4857710000000  0.5806080000000 1.0
C      1  0.5142290000000  0.5806080000000  0.5281960000000 1.0
C      1  0.4857710000000  0.5806080000000  0.4718040000000 1.0
C      1  0.5142290000000  0.4193920000000  0.4718040000000 1.0
C      1  0.5806080000000  0.5281960000000  0.5142290000000 1.0
C      1  0.4193920000000  0.5281960000000  0.4857710000000 1.0
C      1  0.5806080000000  0.4718040000000  0.4857710000000 1.0
C      1  0.5281960000000  0.5142290000000  0.5806080000000 1.0
C      1  0.4718040000000  0.5142290000000  0.4193920000000 1.0
C      1  0.5281960000000  0.4857710000000  0.4193920000000 1.0
C      1  0.5391260000000  0.4569130000000  0.5502700000000 1.0
C      1  0.4569130000000  0.5502700000000  0.5391260000000 1.0
C      1  0.5502700000000  0.5391260000000  0.4569130000000 1.0
C      1  0.4608740000000  0.5430870000000  0.5502700000000 1.0
C      1  0.5391260000000  0.5430870000000  0.4497300000000 1.0
C      1  0.4608740000000  0.4569130000000  0.4497300000000 1.0
C      1  0.5430870000000  0.4497300000000  0.5391260000000 1.0
C      1  0.4569130000000  0.4497300000000  0.4608740000000 1.0
C      1  0.5430870000000  0.5502700000000  0.4608740000000 1.0
C      1  0.4497300000000  0.4608740000000  0.4569130000000 1.0
C      1  0.5502700000000  0.4608740000000  0.5430870000000 1.0
C      1  0.4497300000000  0.5391260000000  0.5430870000000 1.0
C      1  0.5391260000000  0.4569130000000  0.4497300000000 1.0
C      1  0.4569130000000  0.5502700000000  0.4608740000000 1.0
C      1  0.5502700000000  0.5391260000000  0.5430870000000 1.0
C      1  0.4608740000000  0.5430870000000  0.4497300000000 1.0
C      1  0.5391260000000  0.5430870000000  0.5502700000000 1.0
C      1  0.4608740000000  0.4569130000000  0.5502700000000 1.0
C      1  0.5430870000000  0.4497300000000  0.4608740000000 1.0
C      1  0.4569130000000  0.4497300000000  0.5391260000000 1.0
C      1  0.5430870000000  0.5502700000000  0.5391260000000 1.0
C      1  0.4497300000000  0.4608740000000  0.5430870000000 1.0
C      1  0.5502700000000  0.4608740000000  0.4569130000000 1.0
C      1  0.4497300000000  0.5391260000000  0.4569130000000 1.0
C      1  0.5536190000000  0.5548530000000  0.4927090000000 1.0
C      1  0.5548530000000  0.4927090000000  0.5536190000000 1.0
C      1  0.4927090000000  0.5536190000000  0.5548530000000 1.0
C      1  0.4463810000000  0.4451470000000  0.4927090000000 1.0
C      1  0.5536190000000  0.4451470000000  0.5072910000000 1.0
C      1  0.4463810000000  0.5548530000000  0.5072910000000 1.0
C      1  0.4451470000000  0.5072910000000  0.5536190000000 1.0
C      1  0.5548530000000  0.5072910000000  0.4463810000000 1.0
C      1  0.4451470000000  0.4927090000000  0.4463810000000 1.0
C      1  0.5072910000000  0.4463810000000  0.5548530000000 1.0
C      1  0.4927090000000  0.4463810000000  0.4451470000000 1.0
C      1  0.5072910000000  0.5536190000000  0.4451470000000 1.0
C      1  0.5536190000000  0.5548530000000  0.5072910000000 1.0
C      1  0.5548530000000  0.4927090000000  0.4463810000000 1.0
C      1  0.4927090000000  0.5536190000000  0.4451470000000 1.0
C      1  0.4463810000000  0.4451470000000  0.5072910000000 1.0
C      1  0.5536190000000  0.4451470000000  0.4927090000000 1.0
C      1  0.4463810000000  0.5548530000000  0.4927090000000 1.0
C      1  0.4451470000000  0.5072910000000  0.4463810000000 1.0
C      1  0.5548530000000  0.5072910000000  0.5536190000000 1.0
C      1  0.4451470000000  0.4927090000000  0.5536190000000 1.0
C      1  0.5072910000000  0.4463810000000  0.4451470000000 1.0
C      1  0.4927090000000  0.4463810000000  0.5548530000000 1.0
C      1  0.5072910000000  0.5536190000000  0.5548530000000 1.0
C      1  0.4416910000000  0.4712630000000  0.4620090000000 1.0
C      1  0.4712630000000  0.4620090000000  0.4416910000000 1.0
C      1  0.4620090000000  0.4416910000000  0.4712630000000 1.0
C      1  0.5583090000000  0.5287370000000  0.4620090000000 1.0
C      1  0.4416910000000  0.5287370000000  0.5379910000000 1.0
C      1  0.5583090000000  0.4712630000000  0.5379910000000 1.0
C      1  0.5287370000000  0.5379910000000  0.4416910000000 1.0
C      1  0.4712630000000  0.5379910000000  0.5583090000000 1.0
C      1  0.5287370000000  0.4620090000000  0.5583090000000 1.0
C      1  0.5379910000000  0.5583090000000  0.4712630000000 1.0
C      1  0.4620090000000  0.5583090000000  0.5287370000000 1.0
C      1  0.5379910000000  0.4416910000000  0.5287370000000 1.0
C      1  0.4416910000000  0.4712630000000  0.5379910000000 1.0
C      1  0.4712630000000  0.4620090000000  0.5583090000000 1.0
C      1  0.4620090000000  0.4416910000000  0.5287370000000 1.0
C      1  0.5583090000000  0.5287370000000  0.5379910000000 1.0
C      1  0.4416910000000  0.5287370000000  0.4620090000000 1.0
C      1  0.5583090000000  0.4712630000000  0.4620090000000 1.0
C      1  0.5287370000000  0.5379910000000  0.5583090000000 1.0
C      1  0.4712630000000  0.5379910000000  0.4416910000000 1.0
C      1  0.5287370000000  0.4620090000000  0.4416910000000 1.0
C      1  0.5379910000000  0.5583090000000  0.5287370000000 1.0
C      1  0.4620090000000  0.5583090000000  0.4712630000000 1.0
C      1  0.5379910000000  0.4416910000000  0.4712630000000 1.0
C      1  0.4888270000000  0.5812140000000  0.5160830000000 1.0
C      1  0.5812140000000  0.5160830000000  0.4888270000000 1.0
C      1  0.5160830000000  0.4888270000000  0.5812140000000 1.0
C      1  0.5111730000000  0.4187860000000  0.5160830000000 1.0
C      1  0.4888270000000  0.4187860000000  0.4839170000000 1.0
C      1  0.5111730000000  0.5812140000000  0.4839170000000 1.0
C      1  0.4187860000000  0.4839170000000  0.4888270000000 1.0
C      1  0.5812140000000  0.4839170000000  0.5111730000000 1.0
C      1  0.4187860000000  0.5160830000000  0.5111730000000 1.0
C      1  0.4839170000000  0.5111730000000  0.5812140000000 1.0
C      1  0.5160830000000  0.5111730000000  0.4187860000000 1.0
C      1  0.4839170000000  0.4888270000000  0.4187860000000 1.0
C      1  0.4888270000000  0.5812140000000  0.4839170000000 1.0
C      1  0.5812140000000  0.5160830000000  0.5111730000000 1.0
C      1  0.5160830000000  0.4888270000000  0.4187860000000 1.0
C      1  0.5111730000000  0.4187860000000  0.4839170000000 1.0
C      1  0.4888270000000  0.4187860000000  0.5160830000000 1.0
C      1  0.5111730000000  0.5812140000000  0.5160830000000 1.0
C      1  0.4187860000000  0.4839170000000  0.5111730000000 1.0
C      1  0.5812140000000  0.4839170000000  0.4888270000000 1.0
C      1  0.4187860000000  0.5160830000000  0.4888270000000 1.0
C      1  0.4839170000000  0.5111730000000  0.4187860000000 1.0
C      1  0.5160830000000  0.5111730000000  0.5812140000000 1.0
C      1  0.4839170000000  0.4888270000000  0.5812140000000 1.0
C      1  0.5520550000000  0.4750430000000  0.5156230000000 1.0
C      1  0.4750430000000  0.5156230000000  0.5520550000000 1.0
C      1  0.5156230000000  0.5520550000000  0.4750430000000 1.0
C      1  0.4479450000000  0.5249570000000  0.5156230000000 1.0
C      1  0.5520550000000  0.5249570000000  0.4843770000000 1.0
C      1  0.4479450000000  0.4750430000000  0.4843770000000 1.0
C      1  0.5249570000000  0.4843770000000  0.5520550000000 1.0
C      1  0.4750430000000  0.4843770000000  0.4479450000000 1.0
C      1  0.5249570000000  0.5156230000000  0.4479450000000 1.0
C      1  0.4843770000000  0.4479450000000  0.4750430000000 1.0
C      1  0.5156230000000  0.4479450000000  0.5249570000000 1.0
C      1  0.4843770000000  0.5520550000000  0.5249570000000 1.0
C      1  0.5520550000000  0.4750430000000  0.4843770000000 1.0
C      1  0.4750430000000  0.5156230000000  0.4479450000000 1.0
C      1  0.5156230000000  0.5520550000000  0.5249570000000 1.0
C      1  0.4479450000000  0.5249570000000  0.4843770000000 1.0
C      1  0.5520550000000  0.5249570000000  0.5156230000000 1.0
C      1  0.4479450000000  0.4750430000000  0.5156230000000 1.0
C      1  0.5249570000000  0.4843770000000  0.4479450000000 1.0
C      1  0.4750430000000  0.4843770000000  0.5520550000000 1.0
C      1  0.5249570000000  0.5156230000000  0.5520550000000 1.0
C      1  0.4843770000000  0.4479450000000  0.5249570000000 1.0
C      1  0.5156230000000  0.4479450000000  0.4750430000000 1.0
C      1  0.4843770000000  0.5520550000000  0.4750430000000 1.0
C      1  0.5000000000000  0.5813190000000  0.4927270000000 1.0
C      1  0.5000000000000  0.4186810000000  0.5072730000000 1.0
C      1  0.5000000000000  0.5813190000000  0.5072730000000 1.0
C      1  0.4186810000000  0.5072730000000  0.5000000000000 1.0
C      1  0.5813190000000  0.4927270000000  0.5000000000000 1.0
C      1  0.5072730000000  0.5000000000000  0.4186810000000 1.0
C      1  0.4927270000000  0.5000000000000  0.5813190000000 1.0
C      1  0.5000000000000  0.4186810000000  0.4927270000000 1.0
C      1  0.4186810000000  0.4927270000000  0.5000000000000 1.0
C      1  0.4927270000000  0.5000000000000  0.4186810000000 1.0
C      1  0.5813190000000  0.5072730000000  0.5000000000000 1.0
C      1  0.5072730000000  0.5000000000000  0.5813190000000 1.0
END
