TITL C-1892074-1603-11 1.4572029096852e-07 1000000 -2400.29633716986 0 0 360 (Th) n - 1
REM
REM in /nfs/bkarasulu/CARBON/AIRSS/Generating-Clusters/GAP-ML-2020/Higher-Symm/Selected-Sizes/TryA-Only_Ih-Symm/Larger-Clusters
REM
REM
REM
REM
REM
REM ./C.cell (2cf5181f0f1d4d5b12b972d32ad12063)
REM
REM compiler GCC version 9.2.1 20190827 (Red Hat 9.2.1-1)
REM options -cpp -mtune=generic -march=x86-64 -g -O0 -fpre-include=/usr/include/finclude/math-vector-fortran.h
REM seed -254432425 1263619402 -2013628895 2002709622 -1932732880 -1556554100 -69537996 -850043993 -1773381570 2040525202 2143607923 1689714068 -1465662447 371970784 118272723 -36279314 -1867079951 -1824191276 -1125146736 -496550876 -1779866648 -338392017 800283931 -1322185390 -1162693702 -909405402 -518294334 885371333 430853570 1999723939 49292556 -1897124726 -1279535083
REM
CELL 1.54180  100.00000  100.00000  100.00000   90.00000   90.00000   90.00000
LATT -1
SFAC C  
C      1  0.4720910000000  0.4425500000000  0.5474600000000 1.0
C      1  0.4425500000000  0.5474600000000  0.4720910000000 1.0
C      1  0.5474600000000  0.4720910000000  0.4425500000000 1.0
C      1  0.5279090000000  0.5574500000000  0.5474600000000 1.0
C      1  0.4720910000000  0.5574500000000  0.4525400000000 1.0
C      1  0.5279090000000  0.4425500000000  0.4525400000000 1.0
C      1  0.5574500000000  0.4525400000000  0.4720910000000 1.0
C      1  0.4425500000000  0.4525400000000  0.5279090000000 1.0
C      1  0.5574500000000  0.5474600000000  0.5279090000000 1.0
C      1  0.4525400000000  0.5279090000000  0.4425500000000 1.0
C      1  0.5474600000000  0.5279090000000  0.5574500000000 1.0
C      1  0.4525400000000  0.4720910000000  0.5574500000000 1.0
C      1  0.4720910000000  0.4425500000000  0.4525400000000 1.0
C      1  0.4425500000000  0.5474600000000  0.5279090000000 1.0
C      1  0.5474600000000  0.4720910000000  0.5574500000000 1.0
C      1  0.5279090000000  0.5574500000000  0.4525400000000 1.0
C      1  0.4720910000000  0.5574500000000  0.5474600000000 1.0
C      1  0.5279090000000  0.4425500000000  0.5474600000000 1.0
C      1  0.5574500000000  0.4525400000000  0.5279090000000 1.0
C      1  0.4425500000000  0.4525400000000  0.4720910000000 1.0
C      1  0.5574500000000  0.5474600000000  0.4720910000000 1.0
C      1  0.4525400000000  0.5279090000000  0.5574500000000 1.0
C      1  0.5474600000000  0.5279090000000  0.4425500000000 1.0
C      1  0.4525400000000  0.4720910000000  0.4425500000000 1.0
C      1  0.5809170000000  0.4727580000000  0.4928550000000 1.0
C      1  0.4727580000000  0.4928550000000  0.5809170000000 1.0
C      1  0.4928550000000  0.5809170000000  0.4727580000000 1.0
C      1  0.4190830000000  0.5272420000000  0.4928550000000 1.0
C      1  0.5809170000000  0.5272420000000  0.5071450000000 1.0
C      1  0.4190830000000  0.4727580000000  0.5071450000000 1.0
C      1  0.5272420000000  0.5071450000000  0.5809170000000 1.0
C      1  0.4727580000000  0.5071450000000  0.4190830000000 1.0
C      1  0.5272420000000  0.4928550000000  0.4190830000000 1.0
C      1  0.5071450000000  0.4190830000000  0.4727580000000 1.0
C      1  0.4928550000000  0.4190830000000  0.5272420000000 1.0
C      1  0.5071450000000  0.5809170000000  0.5272420000000 1.0
C      1  0.5809170000000  0.4727580000000  0.5071450000000 1.0
C      1  0.4727580000000  0.4928550000000  0.4190830000000 1.0
C      1  0.4928550000000  0.5809170000000  0.5272420000000 1.0
C      1  0.4190830000000  0.5272420000000  0.5071450000000 1.0
C      1  0.5809170000000  0.5272420000000  0.4928550000000 1.0
C      1  0.4190830000000  0.4727580000000  0.4928550000000 1.0
C      1  0.5272420000000  0.5071450000000  0.4190830000000 1.0
C      1  0.4727580000000  0.5071450000000  0.5809170000000 1.0
C      1  0.5272420000000  0.4928550000000  0.5809170000000 1.0
C      1  0.5071450000000  0.4190830000000  0.5272420000000 1.0
C      1  0.4928550000000  0.4190830000000  0.4727580000000 1.0
C      1  0.5071450000000  0.5809170000000  0.4727580000000 1.0
C      1  0.5192830000000  0.4841600000000  0.4482660000000 1.0
C      1  0.4841600000000  0.4482660000000  0.5192830000000 1.0
C      1  0.4482660000000  0.5192830000000  0.4841600000000 1.0
C      1  0.4807170000000  0.5158400000000  0.4482660000000 1.0
C      1  0.5192830000000  0.5158400000000  0.5517340000000 1.0
C      1  0.4807170000000  0.4841600000000  0.5517340000000 1.0
C      1  0.5158400000000  0.5517340000000  0.5192830000000 1.0
C      1  0.4841600000000  0.5517340000000  0.4807170000000 1.0
C      1  0.5158400000000  0.4482660000000  0.4807170000000 1.0
C      1  0.5517340000000  0.4807170000000  0.4841600000000 1.0
C      1  0.4482660000000  0.4807170000000  0.5158400000000 1.0
C      1  0.5517340000000  0.5192830000000  0.5158400000000 1.0
C      1  0.5192830000000  0.4841600000000  0.5517340000000 1.0
C      1  0.4841600000000  0.4482660000000  0.4807170000000 1.0
C      1  0.4482660000000  0.5192830000000  0.5158400000000 1.0
C      1  0.4807170000000  0.5158400000000  0.5517340000000 1.0
C      1  0.5192830000000  0.5158400000000  0.4482660000000 1.0
C      1  0.4807170000000  0.4841600000000  0.4482660000000 1.0
C      1  0.5158400000000  0.5517340000000  0.4807170000000 1.0
C      1  0.4841600000000  0.5517340000000  0.5192830000000 1.0
C      1  0.5158400000000  0.4482660000000  0.5192830000000 1.0
C      1  0.5517340000000  0.4807170000000  0.5158400000000 1.0
C      1  0.4482660000000  0.4807170000000  0.4841600000000 1.0
C      1  0.5517340000000  0.5192830000000  0.4841600000000 1.0
C      1  0.5252090000000  0.5659590000000  0.5223550000000 1.0
C      1  0.5659590000000  0.5223550000000  0.5252090000000 1.0
C      1  0.5223550000000  0.5252090000000  0.5659590000000 1.0
C      1  0.4747910000000  0.4340410000000  0.5223550000000 1.0
C      1  0.5252090000000  0.4340410000000  0.4776450000000 1.0
C      1  0.4747910000000  0.5659590000000  0.4776450000000 1.0
C      1  0.4340410000000  0.4776450000000  0.5252090000000 1.0
C      1  0.5659590000000  0.4776450000000  0.4747910000000 1.0
C      1  0.4340410000000  0.5223550000000  0.4747910000000 1.0
C      1  0.4776450000000  0.4747910000000  0.5659590000000 1.0
C      1  0.5223550000000  0.4747910000000  0.4340410000000 1.0
C      1  0.4776450000000  0.5252090000000  0.4340410000000 1.0
C      1  0.5252090000000  0.5659590000000  0.4776450000000 1.0
C      1  0.5659590000000  0.5223550000000  0.4747910000000 1.0
C      1  0.5223550000000  0.5252090000000  0.4340410000000 1.0
C      1  0.4747910000000  0.4340410000000  0.4776450000000 1.0
C      1  0.5252090000000  0.4340410000000  0.5223550000000 1.0
C      1  0.4747910000000  0.5659590000000  0.5223550000000 1.0
C      1  0.4340410000000  0.4776450000000  0.4747910000000 1.0
C      1  0.5659590000000  0.4776450000000  0.5252090000000 1.0
C      1  0.4340410000000  0.5223550000000  0.5252090000000 1.0
C      1  0.4776450000000  0.4747910000000  0.4340410000000 1.0
C      1  0.5223550000000  0.4747910000000  0.5659590000000 1.0
C      1  0.4776450000000  0.5252090000000  0.5659590000000 1.0
C      1  0.5246500000000  0.4335480000000  0.4628760000000 1.0
C      1  0.4335480000000  0.4628760000000  0.5246500000000 1.0
C      1  0.4628760000000  0.5246500000000  0.4335480000000 1.0
C      1  0.4753500000000  0.5664520000000  0.4628760000000 1.0
C      1  0.5246500000000  0.5664520000000  0.5371240000000 1.0
C      1  0.4753500000000  0.4335480000000  0.5371240000000 1.0
C      1  0.5664520000000  0.5371240000000  0.5246500000000 1.0
C      1  0.4335480000000  0.5371240000000  0.4753500000000 1.0
C      1  0.5664520000000  0.4628760000000  0.4753500000000 1.0
C      1  0.5371240000000  0.4753500000000  0.4335480000000 1.0
C      1  0.4628760000000  0.4753500000000  0.5664520000000 1.0
C      1  0.5371240000000  0.5246500000000  0.5664520000000 1.0
C      1  0.5246500000000  0.4335480000000  0.5371240000000 1.0
C      1  0.4335480000000  0.4628760000000  0.4753500000000 1.0
C      1  0.4628760000000  0.5246500000000  0.5664520000000 1.0
C      1  0.4753500000000  0.5664520000000  0.5371240000000 1.0
C      1  0.5246500000000  0.5664520000000  0.4628760000000 1.0
C      1  0.4753500000000  0.4335480000000  0.4628760000000 1.0
C      1  0.5664520000000  0.5371240000000  0.4753500000000 1.0
C      1  0.4335480000000  0.5371240000000  0.5246500000000 1.0
C      1  0.5664520000000  0.4628760000000  0.5246500000000 1.0
C      1  0.5371240000000  0.4753500000000  0.5664520000000 1.0
C      1  0.4628760000000  0.4753500000000  0.4335480000000 1.0
C      1  0.5371240000000  0.5246500000000  0.4335480000000 1.0
C      1  0.4867090000000  0.5286220000000  0.5295950000000 1.0
C      1  0.5286220000000  0.5295950000000  0.4867090000000 1.0
C      1  0.5295950000000  0.4867090000000  0.5286220000000 1.0
C      1  0.5132910000000  0.4713780000000  0.5295950000000 1.0
C      1  0.4867090000000  0.4713780000000  0.4704050000000 1.0
C      1  0.5132910000000  0.5286220000000  0.4704050000000 1.0
C      1  0.4713780000000  0.4704050000000  0.4867090000000 1.0
C      1  0.5286220000000  0.4704050000000  0.5132910000000 1.0
C      1  0.4713780000000  0.5295950000000  0.5132910000000 1.0
C      1  0.4704050000000  0.5132910000000  0.5286220000000 1.0
C      1  0.5295950000000  0.5132910000000  0.4713780000000 1.0
C      1  0.4704050000000  0.4867090000000  0.4713780000000 1.0
C      1  0.4867090000000  0.5286220000000  0.4704050000000 1.0
C      1  0.5286220000000  0.5295950000000  0.5132910000000 1.0
C      1  0.5295950000000  0.4867090000000  0.4713780000000 1.0
C      1  0.5132910000000  0.4713780000000  0.4704050000000 1.0
C      1  0.4867090000000  0.4713780000000  0.5295950000000 1.0
C      1  0.5132910000000  0.5286220000000  0.5295950000000 1.0
C      1  0.4713780000000  0.4704050000000  0.5132910000000 1.0
C      1  0.5286220000000  0.4704050000000  0.4867090000000 1.0
C      1  0.4713780000000  0.5295950000000  0.4867090000000 1.0
C      1  0.4704050000000  0.5132910000000  0.4713780000000 1.0
C      1  0.5295950000000  0.5132910000000  0.5286220000000 1.0
C      1  0.4704050000000  0.4867090000000  0.5286220000000 1.0
C      1  0.5183660000000  0.5562680000000  0.5574070000000 1.0
C      1  0.5562680000000  0.5574070000000  0.5183660000000 1.0
C      1  0.5574070000000  0.5183660000000  0.5562680000000 1.0
C      1  0.4816340000000  0.4437320000000  0.5574070000000 1.0
C      1  0.5183660000000  0.4437320000000  0.4425930000000 1.0
C      1  0.4816340000000  0.5562680000000  0.4425930000000 1.0
C      1  0.4437320000000  0.4425930000000  0.5183660000000 1.0
C      1  0.5562680000000  0.4425930000000  0.4816340000000 1.0
C      1  0.4437320000000  0.5574070000000  0.4816340000000 1.0
C      1  0.4425930000000  0.4816340000000  0.5562680000000 1.0
C      1  0.5574070000000  0.4816340000000  0.4437320000000 1.0
C      1  0.4425930000000  0.5183660000000  0.4437320000000 1.0
C      1  0.5183660000000  0.5562680000000  0.4425930000000 1.0
C      1  0.5562680000000  0.5574070000000  0.4816340000000 1.0
C      1  0.5574070000000  0.5183660000000  0.4437320000000 1.0
C      1  0.4816340000000  0.4437320000000  0.4425930000000 1.0
C      1  0.5183660000000  0.4437320000000  0.5574070000000 1.0
C      1  0.4816340000000  0.5562680000000  0.5574070000000 1.0
C      1  0.4437320000000  0.4425930000000  0.4816340000000 1.0
C      1  0.5562680000000  0.4425930000000  0.5183660000000 1.0
C      1  0.4437320000000  0.5574070000000  0.5183660000000 1.0
C      1  0.4425930000000  0.4816340000000  0.4437320000000 1.0
C      1  0.5574070000000  0.4816340000000  0.5562680000000 1.0
C      1  0.4425930000000  0.5183660000000  0.5562680000000 1.0
C      1  0.4824840000000  0.4225680000000  0.4807000000000 1.0
C      1  0.4225680000000  0.4807000000000  0.4824840000000 1.0
C      1  0.4807000000000  0.4824840000000  0.4225680000000 1.0
C      1  0.5175160000000  0.5774320000000  0.4807000000000 1.0
C      1  0.4824840000000  0.5774320000000  0.5193000000000 1.0
C      1  0.5175160000000  0.4225680000000  0.5193000000000 1.0
C      1  0.5774320000000  0.5193000000000  0.4824840000000 1.0
C      1  0.4225680000000  0.5193000000000  0.5175160000000 1.0
C      1  0.5774320000000  0.4807000000000  0.5175160000000 1.0
C      1  0.5193000000000  0.5175160000000  0.4225680000000 1.0
C      1  0.4807000000000  0.5175160000000  0.5774320000000 1.0
C      1  0.5193000000000  0.4824840000000  0.5774320000000 1.0
C      1  0.4824840000000  0.4225680000000  0.5193000000000 1.0
C      1  0.4225680000000  0.4807000000000  0.5175160000000 1.0
C      1  0.4807000000000  0.4824840000000  0.5774320000000 1.0
C      1  0.5175160000000  0.5774320000000  0.5193000000000 1.0
C      1  0.4824840000000  0.5774320000000  0.4807000000000 1.0
C      1  0.5175160000000  0.4225680000000  0.4807000000000 1.0
C      1  0.5774320000000  0.5193000000000  0.5175160000000 1.0
C      1  0.4225680000000  0.5193000000000  0.4824840000000 1.0
C      1  0.5774320000000  0.4807000000000  0.4824840000000 1.0
C      1  0.5193000000000  0.5175160000000  0.5774320000000 1.0
C      1  0.4807000000000  0.5175160000000  0.4225680000000 1.0
C      1  0.5193000000000  0.4824840000000  0.4225680000000 1.0
C      1  0.4934190000000  0.5568160000000  0.5301850000000 1.0
C      1  0.5568160000000  0.5301850000000  0.4934190000000 1.0
C      1  0.5301850000000  0.4934190000000  0.5568160000000 1.0
C      1  0.5065810000000  0.4431840000000  0.5301850000000 1.0
C      1  0.4934190000000  0.4431840000000  0.4698150000000 1.0
C      1  0.5065810000000  0.5568160000000  0.4698150000000 1.0
C      1  0.4431840000000  0.4698150000000  0.4934190000000 1.0
C      1  0.5568160000000  0.4698150000000  0.5065810000000 1.0
C      1  0.4431840000000  0.5301850000000  0.5065810000000 1.0
C      1  0.4698150000000  0.5065810000000  0.5568160000000 1.0
C      1  0.5301850000000  0.5065810000000  0.4431840000000 1.0
C      1  0.4698150000000  0.4934190000000  0.4431840000000 1.0
C      1  0.4934190000000  0.5568160000000  0.4698150000000 1.0
C      1  0.5568160000000  0.5301850000000  0.5065810000000 1.0
C      1  0.5301850000000  0.4934190000000  0.4431840000000 1.0
C      1  0.5065810000000  0.4431840000000  0.4698150000000 1.0
C      1  0.4934190000000  0.4431840000000  0.5301850000000 1.0
C      1  0.5065810000000  0.5568160000000  0.5301850000000 1.0
C      1  0.4431840000000  0.4698150000000  0.5065810000000 1.0
C      1  0.5568160000000  0.4698150000000  0.4934190000000 1.0
C      1  0.4431840000000  0.5301850000000  0.4934190000000 1.0
C      1  0.4698150000000  0.5065810000000  0.4431840000000 1.0
C      1  0.5301850000000  0.5065810000000  0.5568160000000 1.0
C      1  0.4698150000000  0.4934190000000  0.5568160000000 1.0
C      1  0.4489560000000  0.4928440000000  0.5072990000000 1.0
C      1  0.4928440000000  0.5072990000000  0.4489560000000 1.0
C      1  0.5072990000000  0.4489560000000  0.4928440000000 1.0
C      1  0.5510440000000  0.5071560000000  0.5072990000000 1.0
C      1  0.4489560000000  0.5071560000000  0.4927010000000 1.0
C      1  0.5510440000000  0.4928440000000  0.4927010000000 1.0
C      1  0.5071560000000  0.4927010000000  0.4489560000000 1.0
C      1  0.4928440000000  0.4927010000000  0.5510440000000 1.0
C      1  0.5071560000000  0.5072990000000  0.5510440000000 1.0
C      1  0.4927010000000  0.5510440000000  0.4928440000000 1.0
C      1  0.5072990000000  0.5510440000000  0.5071560000000 1.0
C      1  0.4927010000000  0.4489560000000  0.5071560000000 1.0
C      1  0.4489560000000  0.4928440000000  0.4927010000000 1.0
C      1  0.4928440000000  0.5072990000000  0.5510440000000 1.0
C      1  0.5072990000000  0.4489560000000  0.5071560000000 1.0
C      1  0.5510440000000  0.5071560000000  0.4927010000000 1.0
C      1  0.4489560000000  0.5071560000000  0.5072990000000 1.0
C      1  0.5510440000000  0.4928440000000  0.5072990000000 1.0
C      1  0.5071560000000  0.4927010000000  0.5510440000000 1.0
C      1  0.4928440000000  0.4927010000000  0.4489560000000 1.0
C      1  0.5071560000000  0.5072990000000  0.4489560000000 1.0
C      1  0.4927010000000  0.5510440000000  0.5071560000000 1.0
C      1  0.5072990000000  0.5510440000000  0.4928440000000 1.0
C      1  0.4927010000000  0.4489560000000  0.4928440000000 1.0
C      1  0.5446780000000  0.4631180000000  0.4523850000000 1.0
C      1  0.4631180000000  0.4523850000000  0.5446780000000 1.0
C      1  0.4523850000000  0.5446780000000  0.4631180000000 1.0
C      1  0.4553220000000  0.5368820000000  0.4523850000000 1.0
C      1  0.5446780000000  0.5368820000000  0.5476150000000 1.0
C      1  0.4553220000000  0.4631180000000  0.5476150000000 1.0
C      1  0.5368820000000  0.5476150000000  0.5446780000000 1.0
C      1  0.4631180000000  0.5476150000000  0.4553220000000 1.0
C      1  0.5368820000000  0.4523850000000  0.4553220000000 1.0
C      1  0.5476150000000  0.4553220000000  0.4631180000000 1.0
C      1  0.4523850000000  0.4553220000000  0.5368820000000 1.0
C      1  0.5476150000000  0.5446780000000  0.5368820000000 1.0
C      1  0.5446780000000  0.4631180000000  0.5476150000000 1.0
C      1  0.4631180000000  0.4523850000000  0.4553220000000 1.0
C      1  0.4523850000000  0.5446780000000  0.5368820000000 1.0
C      1  0.4553220000000  0.5368820000000  0.5476150000000 1.0
C      1  0.5446780000000  0.5368820000000  0.4523850000000 1.0
C      1  0.4553220000000  0.4631180000000  0.4523850000000 1.0
C      1  0.5368820000000  0.5476150000000  0.4553220000000 1.0
C      1  0.4631180000000  0.5476150000000  0.5446780000000 1.0
C      1  0.5368820000000  0.4523850000000  0.5446780000000 1.0
C      1  0.5476150000000  0.4553220000000  0.5368820000000 1.0
C      1  0.4523850000000  0.4553220000000  0.4631180000000 1.0
C      1  0.5476150000000  0.5446780000000  0.4631180000000 1.0
C      1  0.4809190000000  0.4928720000000  0.4814730000000 1.0
C      1  0.4928720000000  0.4814730000000  0.4809190000000 1.0
C      1  0.4814730000000  0.4809190000000  0.4928720000000 1.0
C      1  0.5190810000000  0.5071280000000  0.4814730000000 1.0
C      1  0.4809190000000  0.5071280000000  0.5185270000000 1.0
C      1  0.5190810000000  0.4928720000000  0.5185270000000 1.0
C      1  0.5071280000000  0.5185270000000  0.4809190000000 1.0
C      1  0.4928720000000  0.5185270000000  0.5190810000000 1.0
C      1  0.5071280000000  0.4814730000000  0.5190810000000 1.0
C      1  0.5185270000000  0.5190810000000  0.4928720000000 1.0
C      1  0.4814730000000  0.5190810000000  0.5071280000000 1.0
C      1  0.5185270000000  0.4809190000000  0.5071280000000 1.0
C      1  0.4809190000000  0.4928720000000  0.5185270000000 1.0
C      1  0.4928720000000  0.4814730000000  0.5190810000000 1.0
C      1  0.4814730000000  0.4809190000000  0.5071280000000 1.0
C      1  0.5190810000000  0.5071280000000  0.5185270000000 1.0
C      1  0.4809190000000  0.5071280000000  0.4814730000000 1.0
C      1  0.5190810000000  0.4928720000000  0.4814730000000 1.0
C      1  0.5071280000000  0.5185270000000  0.5190810000000 1.0
C      1  0.4928720000000  0.5185270000000  0.4809190000000 1.0
C      1  0.5071280000000  0.4814730000000  0.4809190000000 1.0
C      1  0.5185270000000  0.5190810000000  0.5071280000000 1.0
C      1  0.4814730000000  0.5190810000000  0.4928720000000 1.0
C      1  0.5185270000000  0.4809190000000  0.4928720000000 1.0
C      1  0.5383600000000  0.4780880000000  0.5209490000000 1.0
C      1  0.4780880000000  0.5209490000000  0.5383600000000 1.0
C      1  0.5209490000000  0.5383600000000  0.4780880000000 1.0
C      1  0.4616400000000  0.5219120000000  0.5209490000000 1.0
C      1  0.5383600000000  0.5219120000000  0.4790510000000 1.0
C      1  0.4616400000000  0.4780880000000  0.4790510000000 1.0
C      1  0.5219120000000  0.4790510000000  0.5383600000000 1.0
C      1  0.4780880000000  0.4790510000000  0.4616400000000 1.0
C      1  0.5219120000000  0.5209490000000  0.4616400000000 1.0
C      1  0.4790510000000  0.4616400000000  0.4780880000000 1.0
C      1  0.5209490000000  0.4616400000000  0.5219120000000 1.0
C      1  0.4790510000000  0.5383600000000  0.5219120000000 1.0
C      1  0.5383600000000  0.4780880000000  0.4790510000000 1.0
C      1  0.4780880000000  0.5209490000000  0.4616400000000 1.0
C      1  0.5209490000000  0.5383600000000  0.5219120000000 1.0
C      1  0.4616400000000  0.5219120000000  0.4790510000000 1.0
C      1  0.5383600000000  0.5219120000000  0.5209490000000 1.0
C      1  0.4616400000000  0.4780880000000  0.5209490000000 1.0
C      1  0.5219120000000  0.4790510000000  0.4616400000000 1.0
C      1  0.4780880000000  0.4790510000000  0.5383600000000 1.0
C      1  0.5219120000000  0.5209490000000  0.5383600000000 1.0
C      1  0.4790510000000  0.4616400000000  0.5219120000000 1.0
C      1  0.5209490000000  0.4616400000000  0.4780880000000 1.0
C      1  0.4790510000000  0.5383600000000  0.4780880000000 1.0
C      1  0.5611010000000  0.5065990000000  0.4419610000000 1.0
C      1  0.5065990000000  0.4419610000000  0.5611010000000 1.0
C      1  0.4419610000000  0.5611010000000  0.5065990000000 1.0
C      1  0.4388990000000  0.4934010000000  0.4419610000000 1.0
C      1  0.5611010000000  0.4934010000000  0.5580390000000 1.0
C      1  0.4388990000000  0.5065990000000  0.5580390000000 1.0
C      1  0.4934010000000  0.5580390000000  0.5611010000000 1.0
C      1  0.5065990000000  0.5580390000000  0.4388990000000 1.0
C      1  0.4934010000000  0.4419610000000  0.4388990000000 1.0
C      1  0.5580390000000  0.4388990000000  0.5065990000000 1.0
C      1  0.4419610000000  0.4388990000000  0.4934010000000 1.0
C      1  0.5580390000000  0.5611010000000  0.4934010000000 1.0
C      1  0.5611010000000  0.5065990000000  0.5580390000000 1.0
C      1  0.5065990000000  0.4419610000000  0.4388990000000 1.0
C      1  0.4419610000000  0.5611010000000  0.4934010000000 1.0
C      1  0.4388990000000  0.4934010000000  0.5580390000000 1.0
C      1  0.5611010000000  0.4934010000000  0.4419610000000 1.0
C      1  0.4388990000000  0.5065990000000  0.4419610000000 1.0
C      1  0.4934010000000  0.5580390000000  0.4388990000000 1.0
C      1  0.5065990000000  0.5580390000000  0.5611010000000 1.0
C      1  0.4934010000000  0.4419610000000  0.5611010000000 1.0
C      1  0.5580390000000  0.4388990000000  0.4934010000000 1.0
C      1  0.4419610000000  0.4388990000000  0.5065990000000 1.0
C      1  0.5580390000000  0.5611010000000  0.5065990000000 1.0
C      1  0.5106620000000  0.4302370000000  0.4637790000000 1.0
C      1  0.4302370000000  0.4637790000000  0.5106620000000 1.0
C      1  0.4637790000000  0.5106620000000  0.4302370000000 1.0
C      1  0.4893380000000  0.5697630000000  0.4637790000000 1.0
C      1  0.5106620000000  0.5697630000000  0.5362210000000 1.0
C      1  0.4893380000000  0.4302370000000  0.5362210000000 1.0
C      1  0.5697630000000  0.5362210000000  0.5106620000000 1.0
C      1  0.4302370000000  0.5362210000000  0.4893380000000 1.0
C      1  0.5697630000000  0.4637790000000  0.4893380000000 1.0
C      1  0.5362210000000  0.4893380000000  0.4302370000000 1.0
C      1  0.4637790000000  0.4893380000000  0.5697630000000 1.0
C      1  0.5362210000000  0.5106620000000  0.5697630000000 1.0
C      1  0.5106620000000  0.4302370000000  0.5362210000000 1.0
C      1  0.4302370000000  0.4637790000000  0.4893380000000 1.0
C      1  0.4637790000000  0.5106620000000  0.5697630000000 1.0
C      1  0.4893380000000  0.5697630000000  0.5362210000000 1.0
C      1  0.5106620000000  0.5697630000000  0.4637790000000 1.0
C      1  0.4893380000000  0.4302370000000  0.4637790000000 1.0
C      1  0.5697630000000  0.5362210000000  0.4893380000000 1.0
C      1  0.4302370000000  0.5362210000000  0.5106620000000 1.0
C      1  0.5697630000000  0.4637790000000  0.5106620000000 1.0
C      1  0.5362210000000  0.4893380000000  0.5697630000000 1.0
C      1  0.4637790000000  0.4893380000000  0.4302370000000 1.0
C      1  0.5362210000000  0.5106620000000  0.4302370000000 1.0
END
