TITL C-1892082-6947-7 4.14443704294353e-07 1000000 -2073.49832430403 0 0 300 (Th) n - 1
REM
REM in /nfs/bkarasulu/CARBON/AIRSS/Generating-Clusters/GAP-ML-2020/Higher-Symm/Selected-Sizes/TryA-Only_Ih-Symm/Larger-Clusters
REM
REM
REM
REM
REM
REM ./C.cell (2cf5181f0f1d4d5b12b972d32ad12063)
REM
REM compiler GCC version 9.2.1 20190827 (Red Hat 9.2.1-1)
REM options -cpp -mtune=generic -march=x86-64 -g -O0 -fpre-include=/usr/include/finclude/math-vector-fortran.h
REM seed -174249559 -1651409773 27602880 -1889618518 1610818192 690334372 -1034628392 963603760 -1357066086 -829239631 -1873936011 -900636886 -1472606525 -1396292369 593821091 2120088876 -1688792603 458035509 -785720579 657835488 -1853336307 1252022928 -1164976906 -1715343690 -1288008119 1259768220 2015081504 2058765817 2138837392 1870628677 2124380976 -2080648170 1582615167
REM
CELL 1.54180  100.00000  100.00000  100.00000   90.00000   90.00000   90.00000
LATT -1
SFAC C  
C      1  0.5354250000000  0.5077090000000  0.4922260000000 1.0
C      1  0.5077090000000  0.4922260000000  0.5354250000000 1.0
C      1  0.4922260000000  0.5354250000000  0.5077090000000 1.0
C      1  0.4645750000000  0.4922910000000  0.4922260000000 1.0
C      1  0.5354250000000  0.4922910000000  0.5077740000000 1.0
C      1  0.4645750000000  0.5077090000000  0.5077740000000 1.0
C      1  0.4922910000000  0.5077740000000  0.5354250000000 1.0
C      1  0.5077090000000  0.5077740000000  0.4645750000000 1.0
C      1  0.4922910000000  0.4922260000000  0.4645750000000 1.0
C      1  0.5077740000000  0.4645750000000  0.5077090000000 1.0
C      1  0.4922260000000  0.4645750000000  0.4922910000000 1.0
C      1  0.5077740000000  0.5354250000000  0.4922910000000 1.0
C      1  0.5354250000000  0.5077090000000  0.5077740000000 1.0
C      1  0.5077090000000  0.4922260000000  0.4645750000000 1.0
C      1  0.4922260000000  0.5354250000000  0.4922910000000 1.0
C      1  0.4645750000000  0.4922910000000  0.5077740000000 1.0
C      1  0.5354250000000  0.4922910000000  0.4922260000000 1.0
C      1  0.4645750000000  0.5077090000000  0.4922260000000 1.0
C      1  0.4922910000000  0.5077740000000  0.4645750000000 1.0
C      1  0.5077090000000  0.5077740000000  0.5354250000000 1.0
C      1  0.4922910000000  0.4922260000000  0.5354250000000 1.0
C      1  0.5077740000000  0.4645750000000  0.4922910000000 1.0
C      1  0.4922260000000  0.4645750000000  0.5077090000000 1.0
C      1  0.5077740000000  0.5354250000000  0.5077090000000 1.0
C      1  0.5495600000000  0.5408620000000  0.5384440000000 1.0
C      1  0.5408620000000  0.5384440000000  0.5495600000000 1.0
C      1  0.5384440000000  0.5495600000000  0.5408620000000 1.0
C      1  0.4504400000000  0.4591380000000  0.5384440000000 1.0
C      1  0.5495600000000  0.4591380000000  0.4615560000000 1.0
C      1  0.4504400000000  0.5408620000000  0.4615560000000 1.0
C      1  0.4591380000000  0.4615560000000  0.5495600000000 1.0
C      1  0.5408620000000  0.4615560000000  0.4504400000000 1.0
C      1  0.4591380000000  0.5384440000000  0.4504400000000 1.0
C      1  0.4615560000000  0.4504400000000  0.5408620000000 1.0
C      1  0.5384440000000  0.4504400000000  0.4591380000000 1.0
C      1  0.4615560000000  0.5495600000000  0.4591380000000 1.0
C      1  0.5495600000000  0.5408620000000  0.4615560000000 1.0
C      1  0.5408620000000  0.5384440000000  0.4504400000000 1.0
C      1  0.5384440000000  0.5495600000000  0.4591380000000 1.0
C      1  0.4504400000000  0.4591380000000  0.4615560000000 1.0
C      1  0.5495600000000  0.4591380000000  0.5384440000000 1.0
C      1  0.4504400000000  0.5408620000000  0.5384440000000 1.0
C      1  0.4591380000000  0.4615560000000  0.4504400000000 1.0
C      1  0.5408620000000  0.4615560000000  0.5495600000000 1.0
C      1  0.4591380000000  0.5384440000000  0.5495600000000 1.0
C      1  0.4615560000000  0.4504400000000  0.4591380000000 1.0
C      1  0.5384440000000  0.4504400000000  0.5408620000000 1.0
C      1  0.4615560000000  0.5495600000000  0.5408620000000 1.0
C      1  0.5203150000000  0.4868160000000  0.4922250000000 1.0
C      1  0.4868160000000  0.4922250000000  0.5203150000000 1.0
C      1  0.4922250000000  0.5203150000000  0.4868160000000 1.0
C      1  0.4796850000000  0.5131840000000  0.4922250000000 1.0
C      1  0.5203150000000  0.5131840000000  0.5077750000000 1.0
C      1  0.4796850000000  0.4868160000000  0.5077750000000 1.0
C      1  0.5131840000000  0.5077750000000  0.5203150000000 1.0
C      1  0.4868160000000  0.5077750000000  0.4796850000000 1.0
C      1  0.5131840000000  0.4922250000000  0.4796850000000 1.0
C      1  0.5077750000000  0.4796850000000  0.4868160000000 1.0
C      1  0.4922250000000  0.4796850000000  0.5131840000000 1.0
C      1  0.5077750000000  0.5203150000000  0.5131840000000 1.0
C      1  0.5203150000000  0.4868160000000  0.5077750000000 1.0
C      1  0.4868160000000  0.4922250000000  0.4796850000000 1.0
C      1  0.4922250000000  0.5203150000000  0.5131840000000 1.0
C      1  0.4796850000000  0.5131840000000  0.5077750000000 1.0
C      1  0.5203150000000  0.5131840000000  0.4922250000000 1.0
C      1  0.4796850000000  0.4868160000000  0.4922250000000 1.0
C      1  0.5131840000000  0.5077750000000  0.4796850000000 1.0
C      1  0.4868160000000  0.5077750000000  0.5203150000000 1.0
C      1  0.5131840000000  0.4922250000000  0.5203150000000 1.0
C      1  0.5077750000000  0.4796850000000  0.5131840000000 1.0
C      1  0.4922250000000  0.4796850000000  0.4868160000000 1.0
C      1  0.5077750000000  0.5203150000000  0.4868160000000 1.0
C      1  0.4381890000000  0.4822450000000  0.5125270000000 1.0
C      1  0.4822450000000  0.5125270000000  0.4381890000000 1.0
C      1  0.5125270000000  0.4381890000000  0.4822450000000 1.0
C      1  0.5618110000000  0.5177550000000  0.5125270000000 1.0
C      1  0.4381890000000  0.5177550000000  0.4874730000000 1.0
C      1  0.5618110000000  0.4822450000000  0.4874730000000 1.0
C      1  0.5177550000000  0.4874730000000  0.4381890000000 1.0
C      1  0.4822450000000  0.4874730000000  0.5618110000000 1.0
C      1  0.5177550000000  0.5125270000000  0.5618110000000 1.0
C      1  0.4874730000000  0.5618110000000  0.4822450000000 1.0
C      1  0.5125270000000  0.5618110000000  0.5177550000000 1.0
C      1  0.4874730000000  0.4381890000000  0.5177550000000 1.0
C      1  0.4381890000000  0.4822450000000  0.4874730000000 1.0
C      1  0.4822450000000  0.5125270000000  0.5618110000000 1.0
C      1  0.5125270000000  0.4381890000000  0.5177550000000 1.0
C      1  0.5618110000000  0.5177550000000  0.4874730000000 1.0
C      1  0.4381890000000  0.5177550000000  0.5125270000000 1.0
C      1  0.5618110000000  0.4822450000000  0.5125270000000 1.0
C      1  0.5177550000000  0.4874730000000  0.5618110000000 1.0
C      1  0.4822450000000  0.4874730000000  0.4381890000000 1.0
C      1  0.5177550000000  0.5125270000000  0.4381890000000 1.0
C      1  0.4874730000000  0.5618110000000  0.5177550000000 1.0
C      1  0.5125270000000  0.5618110000000  0.4822450000000 1.0
C      1  0.4874730000000  0.4381890000000  0.4822450000000 1.0
C      1  0.5137260000000  0.4655510000000  0.5610190000000 1.0
C      1  0.4655510000000  0.5610190000000  0.5137260000000 1.0
C      1  0.5610190000000  0.5137260000000  0.4655510000000 1.0
C      1  0.4862740000000  0.5344490000000  0.5610190000000 1.0
C      1  0.5137260000000  0.5344490000000  0.4389810000000 1.0
C      1  0.4862740000000  0.4655510000000  0.4389810000000 1.0
C      1  0.5344490000000  0.4389810000000  0.5137260000000 1.0
C      1  0.4655510000000  0.4389810000000  0.4862740000000 1.0
C      1  0.5344490000000  0.5610190000000  0.4862740000000 1.0
C      1  0.4389810000000  0.4862740000000  0.4655510000000 1.0
C      1  0.5610190000000  0.4862740000000  0.5344490000000 1.0
C      1  0.4389810000000  0.5137260000000  0.5344490000000 1.0
C      1  0.5137260000000  0.4655510000000  0.4389810000000 1.0
C      1  0.4655510000000  0.5610190000000  0.4862740000000 1.0
C      1  0.5610190000000  0.5137260000000  0.5344490000000 1.0
C      1  0.4862740000000  0.5344490000000  0.4389810000000 1.0
C      1  0.5137260000000  0.5344490000000  0.5610190000000 1.0
C      1  0.4862740000000  0.4655510000000  0.5610190000000 1.0
C      1  0.5344490000000  0.4389810000000  0.4862740000000 1.0
C      1  0.4655510000000  0.4389810000000  0.5137260000000 1.0
C      1  0.5344490000000  0.5610190000000  0.5137260000000 1.0
C      1  0.4389810000000  0.4862740000000  0.5344490000000 1.0
C      1  0.5610190000000  0.4862740000000  0.4655510000000 1.0
C      1  0.4389810000000  0.5137260000000  0.4655510000000 1.0
C      1  0.5172380000000  0.5435750000000  0.4706430000000 1.0
C      1  0.5435750000000  0.4706430000000  0.5172380000000 1.0
C      1  0.4706430000000  0.5172380000000  0.5435750000000 1.0
C      1  0.4827620000000  0.4564250000000  0.4706430000000 1.0
C      1  0.5172380000000  0.4564250000000  0.5293570000000 1.0
C      1  0.4827620000000  0.5435750000000  0.5293570000000 1.0
C      1  0.4564250000000  0.5293570000000  0.5172380000000 1.0
C      1  0.5435750000000  0.5293570000000  0.4827620000000 1.0
C      1  0.4564250000000  0.4706430000000  0.4827620000000 1.0
C      1  0.5293570000000  0.4827620000000  0.5435750000000 1.0
C      1  0.4706430000000  0.4827620000000  0.4564250000000 1.0
C      1  0.5293570000000  0.5172380000000  0.4564250000000 1.0
C      1  0.5172380000000  0.5435750000000  0.5293570000000 1.0
C      1  0.5435750000000  0.4706430000000  0.4827620000000 1.0
C      1  0.4706430000000  0.5172380000000  0.4564250000000 1.0
C      1  0.4827620000000  0.4564250000000  0.5293570000000 1.0
C      1  0.5172380000000  0.4564250000000  0.4706430000000 1.0
C      1  0.4827620000000  0.5435750000000  0.4706430000000 1.0
C      1  0.4564250000000  0.5293570000000  0.4827620000000 1.0
C      1  0.5435750000000  0.5293570000000  0.5172380000000 1.0
C      1  0.4564250000000  0.4706430000000  0.5172380000000 1.0
C      1  0.5293570000000  0.4827620000000  0.4564250000000 1.0
C      1  0.4706430000000  0.4827620000000  0.5435750000000 1.0
C      1  0.5293570000000  0.5172380000000  0.5435750000000 1.0
C      1  0.5644090000000  0.5242250000000  0.4745220000000 1.0
C      1  0.5242250000000  0.4745220000000  0.5644090000000 1.0
C      1  0.4745220000000  0.5644090000000  0.5242250000000 1.0
C      1  0.4355910000000  0.4757750000000  0.4745220000000 1.0
C      1  0.5644090000000  0.4757750000000  0.5254780000000 1.0
C      1  0.4355910000000  0.5242250000000  0.5254780000000 1.0
C      1  0.4757750000000  0.5254780000000  0.5644090000000 1.0
C      1  0.5242250000000  0.5254780000000  0.4355910000000 1.0
C      1  0.4757750000000  0.4745220000000  0.4355910000000 1.0
C      1  0.5254780000000  0.4355910000000  0.5242250000000 1.0
C      1  0.4745220000000  0.4355910000000  0.4757750000000 1.0
C      1  0.5254780000000  0.5644090000000  0.4757750000000 1.0
C      1  0.5644090000000  0.5242250000000  0.5254780000000 1.0
C      1  0.5242250000000  0.4745220000000  0.4355910000000 1.0
C      1  0.4745220000000  0.5644090000000  0.4757750000000 1.0
C      1  0.4355910000000  0.4757750000000  0.5254780000000 1.0
C      1  0.5644090000000  0.4757750000000  0.4745220000000 1.0
C      1  0.4355910000000  0.5242250000000  0.4745220000000 1.0
C      1  0.4757750000000  0.5254780000000  0.4355910000000 1.0
C      1  0.5242250000000  0.5254780000000  0.5644090000000 1.0
C      1  0.4757750000000  0.4745220000000  0.5644090000000 1.0
C      1  0.5254780000000  0.4355910000000  0.4757750000000 1.0
C      1  0.4745220000000  0.4355910000000  0.5242250000000 1.0
C      1  0.5254780000000  0.5644090000000  0.5242250000000 1.0
C      1  0.5461610000000  0.5148430000000  0.5156530000000 1.0
C      1  0.5148430000000  0.5156530000000  0.5461610000000 1.0
C      1  0.5156530000000  0.5461610000000  0.5148430000000 1.0
C      1  0.4538390000000  0.4851570000000  0.5156530000000 1.0
C      1  0.5461610000000  0.4851570000000  0.4843470000000 1.0
C      1  0.4538390000000  0.5148430000000  0.4843470000000 1.0
C      1  0.4851570000000  0.4843470000000  0.5461610000000 1.0
C      1  0.5148430000000  0.4843470000000  0.4538390000000 1.0
C      1  0.4851570000000  0.5156530000000  0.4538390000000 1.0
C      1  0.4843470000000  0.4538390000000  0.5148430000000 1.0
C      1  0.5156530000000  0.4538390000000  0.4851570000000 1.0
C      1  0.4843470000000  0.5461610000000  0.4851570000000 1.0
C      1  0.5461610000000  0.5148430000000  0.4843470000000 1.0
C      1  0.5148430000000  0.5156530000000  0.4538390000000 1.0
C      1  0.5156530000000  0.5461610000000  0.4851570000000 1.0
C      1  0.4538390000000  0.4851570000000  0.4843470000000 1.0
C      1  0.5461610000000  0.4851570000000  0.5156530000000 1.0
C      1  0.4538390000000  0.5148430000000  0.5156530000000 1.0
C      1  0.4851570000000  0.4843470000000  0.4538390000000 1.0
C      1  0.5148430000000  0.4843470000000  0.5461610000000 1.0
C      1  0.4851570000000  0.5156530000000  0.5461610000000 1.0
C      1  0.4843470000000  0.4538390000000  0.4851570000000 1.0
C      1  0.5156530000000  0.4538390000000  0.5148430000000 1.0
C      1  0.4843470000000  0.5461610000000  0.5148430000000 1.0
C      1  0.5385400000000  0.5370370000000  0.4929730000000 1.0
C      1  0.5370370000000  0.4929730000000  0.5385400000000 1.0
C      1  0.4929730000000  0.5385400000000  0.5370370000000 1.0
C      1  0.4614600000000  0.4629630000000  0.4929730000000 1.0
C      1  0.5385400000000  0.4629630000000  0.5070270000000 1.0
C      1  0.4614600000000  0.5370370000000  0.5070270000000 1.0
C      1  0.4629630000000  0.5070270000000  0.5385400000000 1.0
C      1  0.5370370000000  0.5070270000000  0.4614600000000 1.0
C      1  0.4629630000000  0.4929730000000  0.4614600000000 1.0
C      1  0.5070270000000  0.4614600000000  0.5370370000000 1.0
C      1  0.4929730000000  0.4614600000000  0.4629630000000 1.0
C      1  0.5070270000000  0.5385400000000  0.4629630000000 1.0
C      1  0.5385400000000  0.5370370000000  0.5070270000000 1.0
C      1  0.5370370000000  0.4929730000000  0.4614600000000 1.0
C      1  0.4929730000000  0.5385400000000  0.4629630000000 1.0
C      1  0.4614600000000  0.4629630000000  0.5070270000000 1.0
C      1  0.5385400000000  0.4629630000000  0.4929730000000 1.0
C      1  0.4614600000000  0.5370370000000  0.4929730000000 1.0
C      1  0.4629630000000  0.5070270000000  0.4614600000000 1.0
C      1  0.5370370000000  0.5070270000000  0.5385400000000 1.0
C      1  0.4629630000000  0.4929730000000  0.5385400000000 1.0
C      1  0.5070270000000  0.4614600000000  0.4629630000000 1.0
C      1  0.4929730000000  0.4614600000000  0.5370370000000 1.0
C      1  0.5070270000000  0.5385400000000  0.5370370000000 1.0
C      1  0.5447870000000  0.4332250000000  0.5066230000000 1.0
C      1  0.4332250000000  0.5066230000000  0.5447870000000 1.0
C      1  0.5066230000000  0.5447870000000  0.4332250000000 1.0
C      1  0.4552130000000  0.5667750000000  0.5066230000000 1.0
C      1  0.5447870000000  0.5667750000000  0.4933770000000 1.0
C      1  0.4552130000000  0.4332250000000  0.4933770000000 1.0
C      1  0.5667750000000  0.4933770000000  0.5447870000000 1.0
C      1  0.4332250000000  0.4933770000000  0.4552130000000 1.0
C      1  0.5667750000000  0.5066230000000  0.4552130000000 1.0
C      1  0.4933770000000  0.4552130000000  0.4332250000000 1.0
C      1  0.5066230000000  0.4552130000000  0.5667750000000 1.0
C      1  0.4933770000000  0.5447870000000  0.5667750000000 1.0
C      1  0.5447870000000  0.4332250000000  0.4933770000000 1.0
C      1  0.4332250000000  0.5066230000000  0.4552130000000 1.0
C      1  0.5066230000000  0.5447870000000  0.5667750000000 1.0
C      1  0.4552130000000  0.5667750000000  0.4933770000000 1.0
C      1  0.5447870000000  0.5667750000000  0.5066230000000 1.0
C      1  0.4552130000000  0.4332250000000  0.5066230000000 1.0
C      1  0.5667750000000  0.4933770000000  0.4552130000000 1.0
C      1  0.4332250000000  0.4933770000000  0.5447870000000 1.0
C      1  0.5667750000000  0.5066230000000  0.5447870000000 1.0
C      1  0.4933770000000  0.4552130000000  0.5667750000000 1.0
C      1  0.5066230000000  0.4552130000000  0.4332250000000 1.0
C      1  0.4933770000000  0.5447870000000  0.4332250000000 1.0
C      1  0.5080040000000  0.5288740000000  0.5483500000000 1.0
C      1  0.5288740000000  0.5483500000000  0.5080040000000 1.0
C      1  0.5483500000000  0.5080040000000  0.5288740000000 1.0
C      1  0.4919960000000  0.4711260000000  0.5483500000000 1.0
C      1  0.5080040000000  0.4711260000000  0.4516500000000 1.0
C      1  0.4919960000000  0.5288740000000  0.4516500000000 1.0
C      1  0.4711260000000  0.4516500000000  0.5080040000000 1.0
C      1  0.5288740000000  0.4516500000000  0.4919960000000 1.0
C      1  0.4711260000000  0.5483500000000  0.4919960000000 1.0
C      1  0.4516500000000  0.4919960000000  0.5288740000000 1.0
C      1  0.5483500000000  0.4919960000000  0.4711260000000 1.0
C      1  0.4516500000000  0.5080040000000  0.4711260000000 1.0
C      1  0.5080040000000  0.5288740000000  0.4516500000000 1.0
C      1  0.5288740000000  0.5483500000000  0.4919960000000 1.0
C      1  0.5483500000000  0.5080040000000  0.4711260000000 1.0
C      1  0.4919960000000  0.4711260000000  0.4516500000000 1.0
C      1  0.5080040000000  0.4711260000000  0.5483500000000 1.0
C      1  0.4919960000000  0.5288740000000  0.5483500000000 1.0
C      1  0.4711260000000  0.4516500000000  0.4919960000000 1.0
C      1  0.5288740000000  0.4516500000000  0.5080040000000 1.0
C      1  0.4711260000000  0.5483500000000  0.5080040000000 1.0
C      1  0.4516500000000  0.4919960000000  0.4711260000000 1.0
C      1  0.5483500000000  0.4919960000000  0.5288740000000 1.0
C      1  0.4516500000000  0.5080040000000  0.5288740000000 1.0
C      1  0.4658990000000  0.5268370000000  0.5538030000000 1.0
C      1  0.5268370000000  0.5538030000000  0.4658990000000 1.0
C      1  0.5538030000000  0.4658990000000  0.5268370000000 1.0
C      1  0.5341010000000  0.4731630000000  0.5538030000000 1.0
C      1  0.4658990000000  0.4731630000000  0.4461970000000 1.0
C      1  0.5341010000000  0.5268370000000  0.4461970000000 1.0
C      1  0.4731630000000  0.4461970000000  0.4658990000000 1.0
C      1  0.5268370000000  0.4461970000000  0.5341010000000 1.0
C      1  0.4731630000000  0.5538030000000  0.5341010000000 1.0
C      1  0.4461970000000  0.5341010000000  0.5268370000000 1.0
C      1  0.5538030000000  0.5341010000000  0.4731630000000 1.0
C      1  0.4461970000000  0.4658990000000  0.4731630000000 1.0
C      1  0.4658990000000  0.5268370000000  0.4461970000000 1.0
C      1  0.5268370000000  0.5538030000000  0.5341010000000 1.0
C      1  0.5538030000000  0.4658990000000  0.4731630000000 1.0
C      1  0.5341010000000  0.4731630000000  0.4461970000000 1.0
C      1  0.4658990000000  0.4731630000000  0.5538030000000 1.0
C      1  0.5341010000000  0.5268370000000  0.5538030000000 1.0
C      1  0.4731630000000  0.4461970000000  0.5341010000000 1.0
C      1  0.5268370000000  0.4461970000000  0.4658990000000 1.0
C      1  0.4731630000000  0.5538030000000  0.4658990000000 1.0
C      1  0.4461970000000  0.5341010000000  0.4731630000000 1.0
C      1  0.5538030000000  0.5341010000000  0.5268370000000 1.0
C      1  0.4461970000000  0.4658990000000  0.5268370000000 1.0
C      1  0.5000000000000  0.5666820000000  0.4820090000000 1.0
C      1  0.5666820000000  0.4820090000000  0.5000000000000 1.0
C      1  0.4820090000000  0.5000000000000  0.5666820000000 1.0
C      1  0.5000000000000  0.4333180000000  0.4820090000000 1.0
C      1  0.5000000000000  0.4333180000000  0.5179910000000 1.0
C      1  0.5000000000000  0.5666820000000  0.5179910000000 1.0
C      1  0.4333180000000  0.5179910000000  0.5000000000000 1.0
C      1  0.5666820000000  0.5179910000000  0.5000000000000 1.0
C      1  0.4333180000000  0.4820090000000  0.5000000000000 1.0
C      1  0.5179910000000  0.5000000000000  0.5666820000000 1.0
C      1  0.4820090000000  0.5000000000000  0.4333180000000 1.0
C      1  0.5179910000000  0.5000000000000  0.4333180000000 1.0
END
