TITL C-1887018-2751-74 -1.15926951311917e-06 1000000 -2050.17613229487 0 0 300 (Th) n - 1
REM
REM in /nfs/bkarasulu/CARBON/AIRSS/Generating-Clusters/GAP-ML-2020/Higher-Symm/Selected-Sizes/TryA-Only_Ih-Symm/Larger-Clusters
REM
REM
REM
REM
REM
REM ./C.cell (2cf5181f0f1d4d5b12b972d32ad12063)
REM
REM compiler GCC version 9.2.1 20190827 (Red Hat 9.2.1-1)
REM options -cpp -mtune=generic -march=x86-64 -g -O0 -fpre-include=/usr/include/finclude/math-vector-fortran.h
REM seed 955973111 -861635313 2021556327 -189432402 -401430746 1137719361 1400028047 -262320812 -1431079413 1354432656 1961535538 -1973079402 1922347599 -1191748019 -59115097 -1255349210 1822254947 888108683 -871699207 -757376944 47753722 988267294 1316396161 -1532793572 -144105355 -494120772 -544887057 1126862148 -1073468213 1917131679 -76124989 1858090556 -565764519
REM
CELL 1.54180  100.00000  100.00000  100.00000   90.00000   90.00000   90.00000
LATT -1
SFAC C  
C      1  0.5125790000000  0.5430530000000  0.5529070000000 1.0
C      1  0.5430530000000  0.5529070000000  0.5125790000000 1.0
C      1  0.5529070000000  0.5125790000000  0.5430530000000 1.0
C      1  0.4874210000000  0.4569470000000  0.5529070000000 1.0
C      1  0.5125790000000  0.4569470000000  0.4470930000000 1.0
C      1  0.4874210000000  0.5430530000000  0.4470930000000 1.0
C      1  0.4569470000000  0.4470930000000  0.5125790000000 1.0
C      1  0.5430530000000  0.4470930000000  0.4874210000000 1.0
C      1  0.4569470000000  0.5529070000000  0.4874210000000 1.0
C      1  0.4470930000000  0.4874210000000  0.5430530000000 1.0
C      1  0.5529070000000  0.4874210000000  0.4569470000000 1.0
C      1  0.4470930000000  0.5125790000000  0.4569470000000 1.0
C      1  0.5125790000000  0.5430530000000  0.4470930000000 1.0
C      1  0.5430530000000  0.5529070000000  0.4874210000000 1.0
C      1  0.5529070000000  0.5125790000000  0.4569470000000 1.0
C      1  0.4874210000000  0.4569470000000  0.4470930000000 1.0
C      1  0.5125790000000  0.4569470000000  0.5529070000000 1.0
C      1  0.4874210000000  0.5430530000000  0.5529070000000 1.0
C      1  0.4569470000000  0.4470930000000  0.4874210000000 1.0
C      1  0.5430530000000  0.4470930000000  0.5125790000000 1.0
C      1  0.4569470000000  0.5529070000000  0.5125790000000 1.0
C      1  0.4470930000000  0.4874210000000  0.4569470000000 1.0
C      1  0.5529070000000  0.4874210000000  0.5430530000000 1.0
C      1  0.4470930000000  0.5125790000000  0.5430530000000 1.0
C      1  0.5279240000000  0.4409150000000  0.5413610000000 1.0
C      1  0.4409150000000  0.5413610000000  0.5279240000000 1.0
C      1  0.5413610000000  0.5279240000000  0.4409150000000 1.0
C      1  0.4720760000000  0.5590850000000  0.5413610000000 1.0
C      1  0.5279240000000  0.5590850000000  0.4586390000000 1.0
C      1  0.4720760000000  0.4409150000000  0.4586390000000 1.0
C      1  0.5590850000000  0.4586390000000  0.5279240000000 1.0
C      1  0.4409150000000  0.4586390000000  0.4720760000000 1.0
C      1  0.5590850000000  0.5413610000000  0.4720760000000 1.0
C      1  0.4586390000000  0.4720760000000  0.4409150000000 1.0
C      1  0.5413610000000  0.4720760000000  0.5590850000000 1.0
C      1  0.4586390000000  0.5279240000000  0.5590850000000 1.0
C      1  0.5279240000000  0.4409150000000  0.4586390000000 1.0
C      1  0.4409150000000  0.5413610000000  0.4720760000000 1.0
C      1  0.5413610000000  0.5279240000000  0.5590850000000 1.0
C      1  0.4720760000000  0.5590850000000  0.4586390000000 1.0
C      1  0.5279240000000  0.5590850000000  0.5413610000000 1.0
C      1  0.4720760000000  0.4409150000000  0.5413610000000 1.0
C      1  0.5590850000000  0.4586390000000  0.4720760000000 1.0
C      1  0.4409150000000  0.4586390000000  0.5279240000000 1.0
C      1  0.5590850000000  0.5413610000000  0.5279240000000 1.0
C      1  0.4586390000000  0.4720760000000  0.5590850000000 1.0
C      1  0.5413610000000  0.4720760000000  0.4409150000000 1.0
C      1  0.4586390000000  0.5279240000000  0.4409150000000 1.0
C      1  0.5271600000000  0.4731460000000  0.5631510000000 1.0
C      1  0.4731460000000  0.5631510000000  0.5271600000000 1.0
C      1  0.5631510000000  0.5271600000000  0.4731460000000 1.0
C      1  0.4728400000000  0.5268540000000  0.5631510000000 1.0
C      1  0.5271600000000  0.5268540000000  0.4368490000000 1.0
C      1  0.4728400000000  0.4731460000000  0.4368490000000 1.0
C      1  0.5268540000000  0.4368490000000  0.5271600000000 1.0
C      1  0.4731460000000  0.4368490000000  0.4728400000000 1.0
C      1  0.5268540000000  0.5631510000000  0.4728400000000 1.0
C      1  0.4368490000000  0.4728400000000  0.4731460000000 1.0
C      1  0.5631510000000  0.4728400000000  0.5268540000000 1.0
C      1  0.4368490000000  0.5271600000000  0.5268540000000 1.0
C      1  0.5271600000000  0.4731460000000  0.4368490000000 1.0
C      1  0.4731460000000  0.5631510000000  0.4728400000000 1.0
C      1  0.5631510000000  0.5271600000000  0.5268540000000 1.0
C      1  0.4728400000000  0.5268540000000  0.4368490000000 1.0
C      1  0.5271600000000  0.5268540000000  0.5631510000000 1.0
C      1  0.4728400000000  0.4731460000000  0.5631510000000 1.0
C      1  0.5268540000000  0.4368490000000  0.4728400000000 1.0
C      1  0.4731460000000  0.4368490000000  0.5271600000000 1.0
C      1  0.5268540000000  0.5631510000000  0.5271600000000 1.0
C      1  0.4368490000000  0.4728400000000  0.5268540000000 1.0
C      1  0.5631510000000  0.4728400000000  0.4731460000000 1.0
C      1  0.4368490000000  0.5271600000000  0.4731460000000 1.0
C      1  0.5212830000000  0.5074570000000  0.4629400000000 1.0
C      1  0.5074570000000  0.4629400000000  0.5212830000000 1.0
C      1  0.4629400000000  0.5212830000000  0.5074570000000 1.0
C      1  0.4787170000000  0.4925430000000  0.4629400000000 1.0
C      1  0.5212830000000  0.4925430000000  0.5370600000000 1.0
C      1  0.4787170000000  0.5074570000000  0.5370600000000 1.0
C      1  0.4925430000000  0.5370600000000  0.5212830000000 1.0
C      1  0.5074570000000  0.5370600000000  0.4787170000000 1.0
C      1  0.4925430000000  0.4629400000000  0.4787170000000 1.0
C      1  0.5370600000000  0.4787170000000  0.5074570000000 1.0
C      1  0.4629400000000  0.4787170000000  0.4925430000000 1.0
C      1  0.5370600000000  0.5212830000000  0.4925430000000 1.0
C      1  0.5212830000000  0.5074570000000  0.5370600000000 1.0
C      1  0.5074570000000  0.4629400000000  0.4787170000000 1.0
C      1  0.4629400000000  0.5212830000000  0.4925430000000 1.0
C      1  0.4787170000000  0.4925430000000  0.5370600000000 1.0
C      1  0.5212830000000  0.4925430000000  0.4629400000000 1.0
C      1  0.4787170000000  0.5074570000000  0.4629400000000 1.0
C      1  0.4925430000000  0.5370600000000  0.4787170000000 1.0
C      1  0.5074570000000  0.5370600000000  0.5212830000000 1.0
C      1  0.4925430000000  0.4629400000000  0.5212830000000 1.0
C      1  0.5370600000000  0.4787170000000  0.4925430000000 1.0
C      1  0.4629400000000  0.4787170000000  0.5074570000000 1.0
C      1  0.5370600000000  0.5212830000000  0.5074570000000 1.0
C      1  0.4842300000000  0.4795830000000  0.4588420000000 1.0
C      1  0.4795830000000  0.4588420000000  0.4842300000000 1.0
C      1  0.4588420000000  0.4842300000000  0.4795830000000 1.0
C      1  0.5157700000000  0.5204170000000  0.4588420000000 1.0
C      1  0.4842300000000  0.5204170000000  0.5411580000000 1.0
C      1  0.5157700000000  0.4795830000000  0.5411580000000 1.0
C      1  0.5204170000000  0.5411580000000  0.4842300000000 1.0
C      1  0.4795830000000  0.5411580000000  0.5157700000000 1.0
C      1  0.5204170000000  0.4588420000000  0.5157700000000 1.0
C      1  0.5411580000000  0.5157700000000  0.4795830000000 1.0
C      1  0.4588420000000  0.5157700000000  0.5204170000000 1.0
C      1  0.5411580000000  0.4842300000000  0.5204170000000 1.0
C      1  0.4842300000000  0.4795830000000  0.5411580000000 1.0
C      1  0.4795830000000  0.4588420000000  0.5157700000000 1.0
C      1  0.4588420000000  0.4842300000000  0.5204170000000 1.0
C      1  0.5157700000000  0.5204170000000  0.5411580000000 1.0
C      1  0.4842300000000  0.5204170000000  0.4588420000000 1.0
C      1  0.5157700000000  0.4795830000000  0.4588420000000 1.0
C      1  0.5204170000000  0.5411580000000  0.5157700000000 1.0
C      1  0.4795830000000  0.5411580000000  0.4842300000000 1.0
C      1  0.5204170000000  0.4588420000000  0.4842300000000 1.0
C      1  0.5411580000000  0.5157700000000  0.5204170000000 1.0
C      1  0.4588420000000  0.5157700000000  0.4795830000000 1.0
C      1  0.5411580000000  0.4842300000000  0.4795830000000 1.0
C      1  0.5177810000000  0.5793650000000  0.4922580000000 1.0
C      1  0.5793650000000  0.4922580000000  0.5177810000000 1.0
C      1  0.4922580000000  0.5177810000000  0.5793650000000 1.0
C      1  0.4822190000000  0.4206350000000  0.4922580000000 1.0
C      1  0.5177810000000  0.4206350000000  0.5077420000000 1.0
C      1  0.4822190000000  0.5793650000000  0.5077420000000 1.0
C      1  0.4206350000000  0.5077420000000  0.5177810000000 1.0
C      1  0.5793650000000  0.5077420000000  0.4822190000000 1.0
C      1  0.4206350000000  0.4922580000000  0.4822190000000 1.0
C      1  0.5077420000000  0.4822190000000  0.5793650000000 1.0
C      1  0.4922580000000  0.4822190000000  0.4206350000000 1.0
C      1  0.5077420000000  0.5177810000000  0.4206350000000 1.0
C      1  0.5177810000000  0.5793650000000  0.5077420000000 1.0
C      1  0.5793650000000  0.4922580000000  0.4822190000000 1.0
C      1  0.4922580000000  0.5177810000000  0.4206350000000 1.0
C      1  0.4822190000000  0.4206350000000  0.5077420000000 1.0
C      1  0.5177810000000  0.4206350000000  0.4922580000000 1.0
C      1  0.4822190000000  0.5793650000000  0.4922580000000 1.0
C      1  0.4206350000000  0.5077420000000  0.4822190000000 1.0
C      1  0.5793650000000  0.5077420000000  0.5177810000000 1.0
C      1  0.4206350000000  0.4922580000000  0.5177810000000 1.0
C      1  0.5077420000000  0.4822190000000  0.4206350000000 1.0
C      1  0.4922580000000  0.4822190000000  0.5793650000000 1.0
C      1  0.5077420000000  0.5177810000000  0.5793650000000 1.0
C      1  0.4687700000000  0.5070450000000  0.4736000000000 1.0
C      1  0.5070450000000  0.4736000000000  0.4687700000000 1.0
C      1  0.4736000000000  0.4687700000000  0.5070450000000 1.0
C      1  0.5312300000000  0.4929550000000  0.4736000000000 1.0
C      1  0.4687700000000  0.4929550000000  0.5264000000000 1.0
C      1  0.5312300000000  0.5070450000000  0.5264000000000 1.0
C      1  0.4929550000000  0.5264000000000  0.4687700000000 1.0
C      1  0.5070450000000  0.5264000000000  0.5312300000000 1.0
C      1  0.4929550000000  0.4736000000000  0.5312300000000 1.0
C      1  0.5264000000000  0.5312300000000  0.5070450000000 1.0
C      1  0.4736000000000  0.5312300000000  0.4929550000000 1.0
C      1  0.5264000000000  0.4687700000000  0.4929550000000 1.0
C      1  0.4687700000000  0.5070450000000  0.5264000000000 1.0
C      1  0.5070450000000  0.4736000000000  0.5312300000000 1.0
C      1  0.4736000000000  0.4687700000000  0.4929550000000 1.0
C      1  0.5312300000000  0.4929550000000  0.5264000000000 1.0
C      1  0.4687700000000  0.4929550000000  0.4736000000000 1.0
C      1  0.5312300000000  0.5070450000000  0.4736000000000 1.0
C      1  0.4929550000000  0.5264000000000  0.5312300000000 1.0
C      1  0.5070450000000  0.5264000000000  0.4687700000000 1.0
C      1  0.4929550000000  0.4736000000000  0.4687700000000 1.0
C      1  0.5264000000000  0.5312300000000  0.4929550000000 1.0
C      1  0.4736000000000  0.5312300000000  0.5070450000000 1.0
C      1  0.5264000000000  0.4687700000000  0.5070450000000 1.0
C      1  0.4608460000000  0.5503220000000  0.4556170000000 1.0
C      1  0.5503220000000  0.4556170000000  0.4608460000000 1.0
C      1  0.4556170000000  0.4608460000000  0.5503220000000 1.0
C      1  0.5391540000000  0.4496780000000  0.4556170000000 1.0
C      1  0.4608460000000  0.4496780000000  0.5443830000000 1.0
C      1  0.5391540000000  0.5503220000000  0.5443830000000 1.0
C      1  0.4496780000000  0.5443830000000  0.4608460000000 1.0
C      1  0.5503220000000  0.5443830000000  0.5391540000000 1.0
C      1  0.4496780000000  0.4556170000000  0.5391540000000 1.0
C      1  0.5443830000000  0.5391540000000  0.5503220000000 1.0
C      1  0.4556170000000  0.5391540000000  0.4496780000000 1.0
C      1  0.5443830000000  0.4608460000000  0.4496780000000 1.0
C      1  0.4608460000000  0.5503220000000  0.5443830000000 1.0
C      1  0.5503220000000  0.4556170000000  0.5391540000000 1.0
C      1  0.4556170000000  0.4608460000000  0.4496780000000 1.0
C      1  0.5391540000000  0.4496780000000  0.5443830000000 1.0
C      1  0.4608460000000  0.4496780000000  0.4556170000000 1.0
C      1  0.5391540000000  0.5503220000000  0.4556170000000 1.0
C      1  0.4496780000000  0.5443830000000  0.5391540000000 1.0
C      1  0.5503220000000  0.5443830000000  0.4608460000000 1.0
C      1  0.4496780000000  0.4556170000000  0.4608460000000 1.0
C      1  0.5443830000000  0.5391540000000  0.4496780000000 1.0
C      1  0.4556170000000  0.5391540000000  0.5503220000000 1.0
C      1  0.5443830000000  0.4608460000000  0.5503220000000 1.0
C      1  0.5717670000000  0.4827160000000  0.5239110000000 1.0
C      1  0.4827160000000  0.5239110000000  0.5717670000000 1.0
C      1  0.5239110000000  0.5717670000000  0.4827160000000 1.0
C      1  0.4282330000000  0.5172840000000  0.5239110000000 1.0
C      1  0.5717670000000  0.5172840000000  0.4760890000000 1.0
C      1  0.4282330000000  0.4827160000000  0.4760890000000 1.0
C      1  0.5172840000000  0.4760890000000  0.5717670000000 1.0
C      1  0.4827160000000  0.4760890000000  0.4282330000000 1.0
C      1  0.5172840000000  0.5239110000000  0.4282330000000 1.0
C      1  0.4760890000000  0.4282330000000  0.4827160000000 1.0
C      1  0.5239110000000  0.4282330000000  0.5172840000000 1.0
C      1  0.4760890000000  0.5717670000000  0.5172840000000 1.0
C      1  0.5717670000000  0.4827160000000  0.4760890000000 1.0
C      1  0.4827160000000  0.5239110000000  0.4282330000000 1.0
C      1  0.5239110000000  0.5717670000000  0.5172840000000 1.0
C      1  0.4282330000000  0.5172840000000  0.4760890000000 1.0
C      1  0.5717670000000  0.5172840000000  0.5239110000000 1.0
C      1  0.4282330000000  0.4827160000000  0.5239110000000 1.0
C      1  0.5172840000000  0.4760890000000  0.4282330000000 1.0
C      1  0.4827160000000  0.4760890000000  0.5717670000000 1.0
C      1  0.5172840000000  0.5239110000000  0.5717670000000 1.0
C      1  0.4760890000000  0.4282330000000  0.5172840000000 1.0
C      1  0.5239110000000  0.4282330000000  0.4827160000000 1.0
C      1  0.4760890000000  0.5717670000000  0.4827160000000 1.0
C      1  0.4863840000000  0.4938150000000  0.5849460000000 1.0
C      1  0.4938150000000  0.5849460000000  0.4863840000000 1.0
C      1  0.5849460000000  0.4863840000000  0.4938150000000 1.0
C      1  0.5136160000000  0.5061850000000  0.5849460000000 1.0
C      1  0.4863840000000  0.5061850000000  0.4150540000000 1.0
C      1  0.5136160000000  0.4938150000000  0.4150540000000 1.0
C      1  0.5061850000000  0.4150540000000  0.4863840000000 1.0
C      1  0.4938150000000  0.4150540000000  0.5136160000000 1.0
C      1  0.5061850000000  0.5849460000000  0.5136160000000 1.0
C      1  0.4150540000000  0.5136160000000  0.4938150000000 1.0
C      1  0.5849460000000  0.5136160000000  0.5061850000000 1.0
C      1  0.4150540000000  0.4863840000000  0.5061850000000 1.0
C      1  0.4863840000000  0.4938150000000  0.4150540000000 1.0
C      1  0.4938150000000  0.5849460000000  0.5136160000000 1.0
C      1  0.5849460000000  0.4863840000000  0.5061850000000 1.0
C      1  0.5136160000000  0.5061850000000  0.4150540000000 1.0
C      1  0.4863840000000  0.5061850000000  0.5849460000000 1.0
C      1  0.5136160000000  0.4938150000000  0.5849460000000 1.0
C      1  0.5061850000000  0.4150540000000  0.5136160000000 1.0
C      1  0.4938150000000  0.4150540000000  0.4863840000000 1.0
C      1  0.5061850000000  0.5849460000000  0.4863840000000 1.0
C      1  0.4150540000000  0.5136160000000  0.5061850000000 1.0
C      1  0.5849460000000  0.5136160000000  0.4938150000000 1.0
C      1  0.4150540000000  0.4863840000000  0.4938150000000 1.0
C      1  0.5548510000000  0.5490220000000  0.5178850000000 1.0
C      1  0.5490220000000  0.5178850000000  0.5548510000000 1.0
C      1  0.5178850000000  0.5548510000000  0.5490220000000 1.0
C      1  0.4451490000000  0.4509780000000  0.5178850000000 1.0
C      1  0.5548510000000  0.4509780000000  0.4821150000000 1.0
C      1  0.4451490000000  0.5490220000000  0.4821150000000 1.0
C      1  0.4509780000000  0.4821150000000  0.5548510000000 1.0
C      1  0.5490220000000  0.4821150000000  0.4451490000000 1.0
C      1  0.4509780000000  0.5178850000000  0.4451490000000 1.0
C      1  0.4821150000000  0.4451490000000  0.5490220000000 1.0
C      1  0.5178850000000  0.4451490000000  0.4509780000000 1.0
C      1  0.4821150000000  0.5548510000000  0.4509780000000 1.0
C      1  0.5548510000000  0.5490220000000  0.4821150000000 1.0
C      1  0.5490220000000  0.5178850000000  0.4451490000000 1.0
C      1  0.5178850000000  0.5548510000000  0.4509780000000 1.0
C      1  0.4451490000000  0.4509780000000  0.4821150000000 1.0
C      1  0.5548510000000  0.4509780000000  0.5178850000000 1.0
C      1  0.4451490000000  0.5490220000000  0.5178850000000 1.0
C      1  0.4509780000000  0.4821150000000  0.4451490000000 1.0
C      1  0.5490220000000  0.4821150000000  0.5548510000000 1.0
C      1  0.4509780000000  0.5178850000000  0.5548510000000 1.0
C      1  0.4821150000000  0.4451490000000  0.4509780000000 1.0
C      1  0.5178850000000  0.4451490000000  0.5490220000000 1.0
C      1  0.4821150000000  0.5548510000000  0.5490220000000 1.0
C      1  0.5517250000000  0.5185850000000  0.4708300000000 1.0
C      1  0.5185850000000  0.4708300000000  0.5517250000000 1.0
C      1  0.4708300000000  0.5517250000000  0.5185850000000 1.0
C      1  0.4482750000000  0.4814150000000  0.4708300000000 1.0
C      1  0.5517250000000  0.4814150000000  0.5291700000000 1.0
C      1  0.4482750000000  0.5185850000000  0.5291700000000 1.0
C      1  0.4814150000000  0.5291700000000  0.5517250000000 1.0
C      1  0.5185850000000  0.5291700000000  0.4482750000000 1.0
C      1  0.4814150000000  0.4708300000000  0.4482750000000 1.0
C      1  0.5291700000000  0.4482750000000  0.5185850000000 1.0
C      1  0.4708300000000  0.4482750000000  0.4814150000000 1.0
C      1  0.5291700000000  0.5517250000000  0.4814150000000 1.0
C      1  0.5517250000000  0.5185850000000  0.5291700000000 1.0
C      1  0.5185850000000  0.4708300000000  0.4482750000000 1.0
C      1  0.4708300000000  0.5517250000000  0.4814150000000 1.0
C      1  0.4482750000000  0.4814150000000  0.5291700000000 1.0
C      1  0.5517250000000  0.4814150000000  0.4708300000000 1.0
C      1  0.4482750000000  0.5185850000000  0.4708300000000 1.0
C      1  0.4814150000000  0.5291700000000  0.4482750000000 1.0
C      1  0.5185850000000  0.5291700000000  0.5517250000000 1.0
C      1  0.4814150000000  0.4708300000000  0.5517250000000 1.0
C      1  0.5291700000000  0.4482750000000  0.4814150000000 1.0
C      1  0.4708300000000  0.4482750000000  0.5185850000000 1.0
C      1  0.5291700000000  0.5517250000000  0.5185850000000 1.0
C      1  0.4590220000000  0.5561120000000  0.5000000000000 1.0
C      1  0.5561120000000  0.5000000000000  0.4590220000000 1.0
C      1  0.5000000000000  0.4590220000000  0.5561120000000 1.0
C      1  0.5409780000000  0.4438880000000  0.5000000000000 1.0
C      1  0.4438880000000  0.5000000000000  0.4590220000000 1.0
C      1  0.5561120000000  0.5000000000000  0.5409780000000 1.0
C      1  0.4438880000000  0.5000000000000  0.5409780000000 1.0
C      1  0.5000000000000  0.5409780000000  0.4438880000000 1.0
C      1  0.4590220000000  0.4438880000000  0.5000000000000 1.0
C      1  0.5409780000000  0.5561120000000  0.5000000000000 1.0
C      1  0.5000000000000  0.5409780000000  0.5561120000000 1.0
C      1  0.5000000000000  0.4590220000000  0.4438880000000 1.0
END
