TITL C-1892083-4185-45 2.28124154876432e-06 1000000 -3756.23688217543 0 0 540 (Th) n - 1
REM
REM in /nfs/bkarasulu/CARBON/AIRSS/Generating-Clusters/GAP-ML-2020/Higher-Symm/Selected-Sizes/TryA-Only_Ih-Symm/Larger-Clusters
REM
REM
REM
REM
REM
REM ./C.cell (2cf5181f0f1d4d5b12b972d32ad12063)
REM
REM compiler GCC version 9.2.1 20190827 (Red Hat 9.2.1-1)
REM options -cpp -mtune=generic -march=x86-64 -g -O0 -fpre-include=/usr/include/finclude/math-vector-fortran.h
REM seed 121059884 1735956149 -321740322 -1901469837 -1022046700 -1919329616 -959736047 -1998577081 -1236314801 2027467133 1636974812 1187655989 805810978 -431326809 -1121381796 -1102532919 -2142641773 918609501 341157811 1148065431 635527012 1126448053 1619128003 525270697 -1892087942 661366886 -1622939456 -220718831 -2014748802 -1648159575 1911393031 695384741 -155216150
REM
CELL 1.54180  100.00000  100.00000  100.00000   90.00000   90.00000   90.00000
LATT -1
SFAC C  
C      1  0.4810170000000  0.5075470000000  0.4914390000000 1.0
C      1  0.5075470000000  0.4914390000000  0.4810170000000 1.0
C      1  0.4914390000000  0.4810170000000  0.5075470000000 1.0
C      1  0.5189830000000  0.4924530000000  0.4914390000000 1.0
C      1  0.4810170000000  0.4924530000000  0.5085610000000 1.0
C      1  0.5189830000000  0.5075470000000  0.5085610000000 1.0
C      1  0.4924530000000  0.5085610000000  0.4810170000000 1.0
C      1  0.5075470000000  0.5085610000000  0.5189830000000 1.0
C      1  0.4924530000000  0.4914390000000  0.5189830000000 1.0
C      1  0.5085610000000  0.5189830000000  0.5075470000000 1.0
C      1  0.4914390000000  0.5189830000000  0.4924530000000 1.0
C      1  0.5085610000000  0.4810170000000  0.4924530000000 1.0
C      1  0.4810170000000  0.5075470000000  0.5085610000000 1.0
C      1  0.5075470000000  0.4914390000000  0.5189830000000 1.0
C      1  0.4914390000000  0.4810170000000  0.4924530000000 1.0
C      1  0.5189830000000  0.4924530000000  0.5085610000000 1.0
C      1  0.4810170000000  0.4924530000000  0.4914390000000 1.0
C      1  0.5189830000000  0.5075470000000  0.4914390000000 1.0
C      1  0.4924530000000  0.5085610000000  0.5189830000000 1.0
C      1  0.5075470000000  0.5085610000000  0.4810170000000 1.0
C      1  0.4924530000000  0.4914390000000  0.4810170000000 1.0
C      1  0.5085610000000  0.5189830000000  0.4924530000000 1.0
C      1  0.4914390000000  0.5189830000000  0.5075470000000 1.0
C      1  0.5085610000000  0.4810170000000  0.5075470000000 1.0
C      1  0.4762740000000  0.5517810000000  0.4277990000000 1.0
C      1  0.5517810000000  0.4277990000000  0.4762740000000 1.0
C      1  0.4277990000000  0.4762740000000  0.5517810000000 1.0
C      1  0.5237260000000  0.4482190000000  0.4277990000000 1.0
C      1  0.4762740000000  0.4482190000000  0.5722010000000 1.0
C      1  0.5237260000000  0.5517810000000  0.5722010000000 1.0
C      1  0.4482190000000  0.5722010000000  0.4762740000000 1.0
C      1  0.5517810000000  0.5722010000000  0.5237260000000 1.0
C      1  0.4482190000000  0.4277990000000  0.5237260000000 1.0
C      1  0.5722010000000  0.5237260000000  0.5517810000000 1.0
C      1  0.4277990000000  0.5237260000000  0.4482190000000 1.0
C      1  0.5722010000000  0.4762740000000  0.4482190000000 1.0
C      1  0.4762740000000  0.5517810000000  0.5722010000000 1.0
C      1  0.5517810000000  0.4277990000000  0.5237260000000 1.0
C      1  0.4277990000000  0.4762740000000  0.4482190000000 1.0
C      1  0.5237260000000  0.4482190000000  0.5722010000000 1.0
C      1  0.4762740000000  0.4482190000000  0.4277990000000 1.0
C      1  0.5237260000000  0.5517810000000  0.4277990000000 1.0
C      1  0.4482190000000  0.5722010000000  0.5237260000000 1.0
C      1  0.5517810000000  0.5722010000000  0.4762740000000 1.0
C      1  0.4482190000000  0.4277990000000  0.4762740000000 1.0
C      1  0.5722010000000  0.5237260000000  0.4482190000000 1.0
C      1  0.4277990000000  0.5237260000000  0.5517810000000 1.0
C      1  0.5722010000000  0.4762740000000  0.5517810000000 1.0
C      1  0.5506840000000  0.4377970000000  0.4669850000000 1.0
C      1  0.4377970000000  0.4669850000000  0.5506840000000 1.0
C      1  0.4669850000000  0.5506840000000  0.4377970000000 1.0
C      1  0.4493160000000  0.5622030000000  0.4669850000000 1.0
C      1  0.5506840000000  0.5622030000000  0.5330150000000 1.0
C      1  0.4493160000000  0.4377970000000  0.5330150000000 1.0
C      1  0.5622030000000  0.5330150000000  0.5506840000000 1.0
C      1  0.4377970000000  0.5330150000000  0.4493160000000 1.0
C      1  0.5622030000000  0.4669850000000  0.4493160000000 1.0
C      1  0.5330150000000  0.4493160000000  0.4377970000000 1.0
C      1  0.4669850000000  0.4493160000000  0.5622030000000 1.0
C      1  0.5330150000000  0.5506840000000  0.5622030000000 1.0
C      1  0.5506840000000  0.4377970000000  0.5330150000000 1.0
C      1  0.4377970000000  0.4669850000000  0.4493160000000 1.0
C      1  0.4669850000000  0.5506840000000  0.5622030000000 1.0
C      1  0.4493160000000  0.5622030000000  0.5330150000000 1.0
C      1  0.5506840000000  0.5622030000000  0.4669850000000 1.0
C      1  0.4493160000000  0.4377970000000  0.4669850000000 1.0
C      1  0.5622030000000  0.5330150000000  0.4493160000000 1.0
C      1  0.4377970000000  0.5330150000000  0.5506840000000 1.0
C      1  0.5622030000000  0.4669850000000  0.5506840000000 1.0
C      1  0.5330150000000  0.4493160000000  0.5622030000000 1.0
C      1  0.4669850000000  0.4493160000000  0.4377970000000 1.0
C      1  0.5330150000000  0.5506840000000  0.4377970000000 1.0
C      1  0.4406600000000  0.5296490000000  0.5162890000000 1.0
C      1  0.5296490000000  0.5162890000000  0.4406600000000 1.0
C      1  0.5162890000000  0.4406600000000  0.5296490000000 1.0
C      1  0.5593400000000  0.4703510000000  0.5162890000000 1.0
C      1  0.4406600000000  0.4703510000000  0.4837110000000 1.0
C      1  0.5593400000000  0.5296490000000  0.4837110000000 1.0
C      1  0.4703510000000  0.4837110000000  0.4406600000000 1.0
C      1  0.5296490000000  0.4837110000000  0.5593400000000 1.0
C      1  0.4703510000000  0.5162890000000  0.5593400000000 1.0
C      1  0.4837110000000  0.5593400000000  0.5296490000000 1.0
C      1  0.5162890000000  0.5593400000000  0.4703510000000 1.0
C      1  0.4837110000000  0.4406600000000  0.4703510000000 1.0
C      1  0.4406600000000  0.5296490000000  0.4837110000000 1.0
C      1  0.5296490000000  0.5162890000000  0.5593400000000 1.0
C      1  0.5162890000000  0.4406600000000  0.4703510000000 1.0
C      1  0.5593400000000  0.4703510000000  0.4837110000000 1.0
C      1  0.4406600000000  0.4703510000000  0.5162890000000 1.0
C      1  0.5593400000000  0.5296490000000  0.5162890000000 1.0
C      1  0.4703510000000  0.4837110000000  0.5593400000000 1.0
C      1  0.5296490000000  0.4837110000000  0.4406600000000 1.0
C      1  0.4703510000000  0.5162890000000  0.4406600000000 1.0
C      1  0.4837110000000  0.5593400000000  0.4703510000000 1.0
C      1  0.5162890000000  0.5593400000000  0.5296490000000 1.0
C      1  0.4837110000000  0.4406600000000  0.5296490000000 1.0
C      1  0.5081270000000  0.5538540000000  0.5185300000000 1.0
C      1  0.5538540000000  0.5185300000000  0.5081270000000 1.0
C      1  0.5185300000000  0.5081270000000  0.5538540000000 1.0
C      1  0.4918730000000  0.4461460000000  0.5185300000000 1.0
C      1  0.5081270000000  0.4461460000000  0.4814700000000 1.0
C      1  0.4918730000000  0.5538540000000  0.4814700000000 1.0
C      1  0.4461460000000  0.4814700000000  0.5081270000000 1.0
C      1  0.5538540000000  0.4814700000000  0.4918730000000 1.0
C      1  0.4461460000000  0.5185300000000  0.4918730000000 1.0
C      1  0.4814700000000  0.4918730000000  0.5538540000000 1.0
C      1  0.5185300000000  0.4918730000000  0.4461460000000 1.0
C      1  0.4814700000000  0.5081270000000  0.4461460000000 1.0
C      1  0.5081270000000  0.5538540000000  0.4814700000000 1.0
C      1  0.5538540000000  0.5185300000000  0.4918730000000 1.0
C      1  0.5185300000000  0.5081270000000  0.4461460000000 1.0
C      1  0.4918730000000  0.4461460000000  0.4814700000000 1.0
C      1  0.5081270000000  0.4461460000000  0.5185300000000 1.0
C      1  0.4918730000000  0.5538540000000  0.5185300000000 1.0
C      1  0.4461460000000  0.4814700000000  0.4918730000000 1.0
C      1  0.5538540000000  0.4814700000000  0.5081270000000 1.0
C      1  0.4461460000000  0.5185300000000  0.5081270000000 1.0
C      1  0.4814700000000  0.4918730000000  0.4461460000000 1.0
C      1  0.5185300000000  0.4918730000000  0.5538540000000 1.0
C      1  0.4814700000000  0.5081270000000  0.5538540000000 1.0
C      1  0.4680460000000  0.4920370000000  0.4834140000000 1.0
C      1  0.4920370000000  0.4834140000000  0.4680460000000 1.0
C      1  0.4834140000000  0.4680460000000  0.4920370000000 1.0
C      1  0.5319540000000  0.5079630000000  0.4834140000000 1.0
C      1  0.4680460000000  0.5079630000000  0.5165860000000 1.0
C      1  0.5319540000000  0.4920370000000  0.5165860000000 1.0
C      1  0.5079630000000  0.5165860000000  0.4680460000000 1.0
C      1  0.4920370000000  0.5165860000000  0.5319540000000 1.0
C      1  0.5079630000000  0.4834140000000  0.5319540000000 1.0
C      1  0.5165860000000  0.5319540000000  0.4920370000000 1.0
C      1  0.4834140000000  0.5319540000000  0.5079630000000 1.0
C      1  0.5165860000000  0.4680460000000  0.5079630000000 1.0
C      1  0.4680460000000  0.4920370000000  0.5165860000000 1.0
C      1  0.4920370000000  0.4834140000000  0.5319540000000 1.0
C      1  0.4834140000000  0.4680460000000  0.5079630000000 1.0
C      1  0.5319540000000  0.5079630000000  0.5165860000000 1.0
C      1  0.4680460000000  0.5079630000000  0.4834140000000 1.0
C      1  0.5319540000000  0.4920370000000  0.4834140000000 1.0
C      1  0.5079630000000  0.5165860000000  0.5319540000000 1.0
C      1  0.4920370000000  0.5165860000000  0.4680460000000 1.0
C      1  0.5079630000000  0.4834140000000  0.4680460000000 1.0
C      1  0.5165860000000  0.5319540000000  0.5079630000000 1.0
C      1  0.4834140000000  0.5319540000000  0.4920370000000 1.0
C      1  0.5165860000000  0.4680460000000  0.4920370000000 1.0
C      1  0.4870010000000  0.4553330000000  0.5775420000000 1.0
C      1  0.4553330000000  0.5775420000000  0.4870010000000 1.0
C      1  0.5775420000000  0.4870010000000  0.4553330000000 1.0
C      1  0.5129990000000  0.5446670000000  0.5775420000000 1.0
C      1  0.4870010000000  0.5446670000000  0.4224580000000 1.0
C      1  0.5129990000000  0.4553330000000  0.4224580000000 1.0
C      1  0.5446670000000  0.4224580000000  0.4870010000000 1.0
C      1  0.4553330000000  0.4224580000000  0.5129990000000 1.0
C      1  0.5446670000000  0.5775420000000  0.5129990000000 1.0
C      1  0.4224580000000  0.5129990000000  0.4553330000000 1.0
C      1  0.5775420000000  0.5129990000000  0.5446670000000 1.0
C      1  0.4224580000000  0.4870010000000  0.5446670000000 1.0
C      1  0.4870010000000  0.4553330000000  0.4224580000000 1.0
C      1  0.4553330000000  0.5775420000000  0.5129990000000 1.0
C      1  0.5775420000000  0.4870010000000  0.5446670000000 1.0
C      1  0.5129990000000  0.5446670000000  0.4224580000000 1.0
C      1  0.4870010000000  0.5446670000000  0.5775420000000 1.0
C      1  0.5129990000000  0.4553330000000  0.5775420000000 1.0
C      1  0.5446670000000  0.4224580000000  0.5129990000000 1.0
C      1  0.4553330000000  0.4224580000000  0.4870010000000 1.0
C      1  0.5446670000000  0.5775420000000  0.4870010000000 1.0
C      1  0.4224580000000  0.5129990000000  0.5446670000000 1.0
C      1  0.5775420000000  0.5129990000000  0.4553330000000 1.0
C      1  0.4224580000000  0.4870010000000  0.4553330000000 1.0
C      1  0.4206880000000  0.5189510000000  0.5069460000000 1.0
C      1  0.5189510000000  0.5069460000000  0.4206880000000 1.0
C      1  0.5069460000000  0.4206880000000  0.5189510000000 1.0
C      1  0.5793120000000  0.4810490000000  0.5069460000000 1.0
C      1  0.4206880000000  0.4810490000000  0.4930540000000 1.0
C      1  0.5793120000000  0.5189510000000  0.4930540000000 1.0
C      1  0.4810490000000  0.4930540000000  0.4206880000000 1.0
C      1  0.5189510000000  0.4930540000000  0.5793120000000 1.0
C      1  0.4810490000000  0.5069460000000  0.5793120000000 1.0
C      1  0.4930540000000  0.5793120000000  0.5189510000000 1.0
C      1  0.5069460000000  0.5793120000000  0.4810490000000 1.0
C      1  0.4930540000000  0.4206880000000  0.4810490000000 1.0
C      1  0.4206880000000  0.5189510000000  0.4930540000000 1.0
C      1  0.5189510000000  0.5069460000000  0.5793120000000 1.0
C      1  0.5069460000000  0.4206880000000  0.4810490000000 1.0
C      1  0.5793120000000  0.4810490000000  0.4930540000000 1.0
C      1  0.4206880000000  0.4810490000000  0.5069460000000 1.0
C      1  0.5793120000000  0.5189510000000  0.5069460000000 1.0
C      1  0.4810490000000  0.4930540000000  0.5793120000000 1.0
C      1  0.5189510000000  0.4930540000000  0.4206880000000 1.0
C      1  0.4810490000000  0.5069460000000  0.4206880000000 1.0
C      1  0.4930540000000  0.5793120000000  0.4810490000000 1.0
C      1  0.5069460000000  0.5793120000000  0.5189510000000 1.0
C      1  0.4930540000000  0.4206880000000  0.5189510000000 1.0
C      1  0.4681740000000  0.4869650000000  0.4260070000000 1.0
C      1  0.4869650000000  0.4260070000000  0.4681740000000 1.0
C      1  0.4260070000000  0.4681740000000  0.4869650000000 1.0
C      1  0.5318260000000  0.5130350000000  0.4260070000000 1.0
C      1  0.4681740000000  0.5130350000000  0.5739930000000 1.0
C      1  0.5318260000000  0.4869650000000  0.5739930000000 1.0
C      1  0.5130350000000  0.5739930000000  0.4681740000000 1.0
C      1  0.4869650000000  0.5739930000000  0.5318260000000 1.0
C      1  0.5130350000000  0.4260070000000  0.5318260000000 1.0
C      1  0.5739930000000  0.5318260000000  0.4869650000000 1.0
C      1  0.4260070000000  0.5318260000000  0.5130350000000 1.0
C      1  0.5739930000000  0.4681740000000  0.5130350000000 1.0
C      1  0.4681740000000  0.4869650000000  0.5739930000000 1.0
C      1  0.4869650000000  0.4260070000000  0.5318260000000 1.0
C      1  0.4260070000000  0.4681740000000  0.5130350000000 1.0
C      1  0.5318260000000  0.5130350000000  0.5739930000000 1.0
C      1  0.4681740000000  0.5130350000000  0.4260070000000 1.0
C      1  0.5318260000000  0.4869650000000  0.4260070000000 1.0
C      1  0.5130350000000  0.5739930000000  0.5318260000000 1.0
C      1  0.4869650000000  0.5739930000000  0.4681740000000 1.0
C      1  0.5130350000000  0.4260070000000  0.4681740000000 1.0
C      1  0.5739930000000  0.5318260000000  0.5130350000000 1.0
C      1  0.4260070000000  0.5318260000000  0.4869650000000 1.0
C      1  0.5739930000000  0.4681740000000  0.4869650000000 1.0
C      1  0.4684680000000  0.5540510000000  0.4928770000000 1.0
C      1  0.5540510000000  0.4928770000000  0.4684680000000 1.0
C      1  0.4928770000000  0.4684680000000  0.5540510000000 1.0
C      1  0.5315320000000  0.4459490000000  0.4928770000000 1.0
C      1  0.4684680000000  0.4459490000000  0.5071230000000 1.0
C      1  0.5315320000000  0.5540510000000  0.5071230000000 1.0
C      1  0.4459490000000  0.5071230000000  0.4684680000000 1.0
C      1  0.5540510000000  0.5071230000000  0.5315320000000 1.0
C      1  0.4459490000000  0.4928770000000  0.5315320000000 1.0
C      1  0.5071230000000  0.5315320000000  0.5540510000000 1.0
C      1  0.4928770000000  0.5315320000000  0.4459490000000 1.0
C      1  0.5071230000000  0.4684680000000  0.4459490000000 1.0
C      1  0.4684680000000  0.5540510000000  0.5071230000000 1.0
C      1  0.5540510000000  0.4928770000000  0.5315320000000 1.0
C      1  0.4928770000000  0.4684680000000  0.4459490000000 1.0
C      1  0.5315320000000  0.4459490000000  0.5071230000000 1.0
C      1  0.4684680000000  0.4459490000000  0.4928770000000 1.0
C      1  0.5315320000000  0.5540510000000  0.4928770000000 1.0
C      1  0.4459490000000  0.5071230000000  0.5315320000000 1.0
C      1  0.5540510000000  0.5071230000000  0.4684680000000 1.0
C      1  0.4459490000000  0.4928770000000  0.4684680000000 1.0
C      1  0.5071230000000  0.5315320000000  0.4459490000000 1.0
C      1  0.4928770000000  0.5315320000000  0.5540510000000 1.0
C      1  0.5071230000000  0.4684680000000  0.5540510000000 1.0
C      1  0.4921060000000  0.4832120000000  0.4403660000000 1.0
C      1  0.4832120000000  0.4403660000000  0.4921060000000 1.0
C      1  0.4403660000000  0.4921060000000  0.4832120000000 1.0
C      1  0.5078940000000  0.5167880000000  0.4403660000000 1.0
C      1  0.4921060000000  0.5167880000000  0.5596340000000 1.0
C      1  0.5078940000000  0.4832120000000  0.5596340000000 1.0
C      1  0.5167880000000  0.5596340000000  0.4921060000000 1.0
C      1  0.4832120000000  0.5596340000000  0.5078940000000 1.0
C      1  0.5167880000000  0.4403660000000  0.5078940000000 1.0
C      1  0.5596340000000  0.5078940000000  0.4832120000000 1.0
C      1  0.4403660000000  0.5078940000000  0.5167880000000 1.0
C      1  0.5596340000000  0.4921060000000  0.5167880000000 1.0
C      1  0.4921060000000  0.4832120000000  0.5596340000000 1.0
C      1  0.4832120000000  0.4403660000000  0.5078940000000 1.0
C      1  0.4403660000000  0.4921060000000  0.5167880000000 1.0
C      1  0.5078940000000  0.5167880000000  0.5596340000000 1.0
C      1  0.4921060000000  0.5167880000000  0.4403660000000 1.0
C      1  0.5078940000000  0.4832120000000  0.4403660000000 1.0
C      1  0.5167880000000  0.5596340000000  0.5078940000000 1.0
C      1  0.4832120000000  0.5596340000000  0.4921060000000 1.0
C      1  0.5167880000000  0.4403660000000  0.4921060000000 1.0
C      1  0.5596340000000  0.5078940000000  0.5167880000000 1.0
C      1  0.4403660000000  0.5078940000000  0.4832120000000 1.0
C      1  0.5596340000000  0.4921060000000  0.4832120000000 1.0
C      1  0.4857800000000  0.5396350000000  0.5446720000000 1.0
C      1  0.5396350000000  0.5446720000000  0.4857800000000 1.0
C      1  0.5446720000000  0.4857800000000  0.5396350000000 1.0
C      1  0.5142200000000  0.4603650000000  0.5446720000000 1.0
C      1  0.4857800000000  0.4603650000000  0.4553280000000 1.0
C      1  0.5142200000000  0.5396350000000  0.4553280000000 1.0
C      1  0.4603650000000  0.4553280000000  0.4857800000000 1.0
C      1  0.5396350000000  0.4553280000000  0.5142200000000 1.0
C      1  0.4603650000000  0.5446720000000  0.5142200000000 1.0
C      1  0.4553280000000  0.5142200000000  0.5396350000000 1.0
C      1  0.5446720000000  0.5142200000000  0.4603650000000 1.0
C      1  0.4553280000000  0.4857800000000  0.4603650000000 1.0
C      1  0.4857800000000  0.5396350000000  0.4553280000000 1.0
C      1  0.5396350000000  0.5446720000000  0.5142200000000 1.0
C      1  0.5446720000000  0.4857800000000  0.4603650000000 1.0
C      1  0.5142200000000  0.4603650000000  0.4553280000000 1.0
C      1  0.4857800000000  0.4603650000000  0.5446720000000 1.0
C      1  0.5142200000000  0.5396350000000  0.5446720000000 1.0
C      1  0.4603650000000  0.4553280000000  0.5142200000000 1.0
C      1  0.5396350000000  0.4553280000000  0.4857800000000 1.0
C      1  0.4603650000000  0.5446720000000  0.4857800000000 1.0
C      1  0.4553280000000  0.5142200000000  0.4603650000000 1.0
C      1  0.5446720000000  0.5142200000000  0.5396350000000 1.0
C      1  0.4553280000000  0.4857800000000  0.5396350000000 1.0
C      1  0.5174840000000  0.5755640000000  0.5084980000000 1.0
C      1  0.5755640000000  0.5084980000000  0.5174840000000 1.0
C      1  0.5084980000000  0.5174840000000  0.5755640000000 1.0
C      1  0.4825160000000  0.4244360000000  0.5084980000000 1.0
C      1  0.5174840000000  0.4244360000000  0.4915020000000 1.0
C      1  0.4825160000000  0.5755640000000  0.4915020000000 1.0
C      1  0.4244360000000  0.4915020000000  0.5174840000000 1.0
C      1  0.5755640000000  0.4915020000000  0.4825160000000 1.0
C      1  0.4244360000000  0.5084980000000  0.4825160000000 1.0
C      1  0.4915020000000  0.4825160000000  0.5755640000000 1.0
C      1  0.5084980000000  0.4825160000000  0.4244360000000 1.0
C      1  0.4915020000000  0.5174840000000  0.4244360000000 1.0
C      1  0.5174840000000  0.5755640000000  0.4915020000000 1.0
C      1  0.5755640000000  0.5084980000000  0.4825160000000 1.0
C      1  0.5084980000000  0.5174840000000  0.4244360000000 1.0
C      1  0.4825160000000  0.4244360000000  0.4915020000000 1.0
C      1  0.5174840000000  0.4244360000000  0.5084980000000 1.0
C      1  0.4825160000000  0.5755640000000  0.5084980000000 1.0
C      1  0.4244360000000  0.4915020000000  0.4825160000000 1.0
C      1  0.5755640000000  0.4915020000000  0.5174840000000 1.0
C      1  0.4244360000000  0.5084980000000  0.5174840000000 1.0
C      1  0.4915020000000  0.4825160000000  0.4244360000000 1.0
C      1  0.5084980000000  0.4825160000000  0.5755640000000 1.0
C      1  0.4915020000000  0.5174840000000  0.5755640000000 1.0
C      1  0.4634220000000  0.5254110000000  0.5343450000000 1.0
C      1  0.5254110000000  0.5343450000000  0.4634220000000 1.0
C      1  0.5343450000000  0.4634220000000  0.5254110000000 1.0
C      1  0.5365780000000  0.4745890000000  0.5343450000000 1.0
C      1  0.4634220000000  0.4745890000000  0.4656550000000 1.0
C      1  0.5365780000000  0.5254110000000  0.4656550000000 1.0
C      1  0.4745890000000  0.4656550000000  0.4634220000000 1.0
C      1  0.5254110000000  0.4656550000000  0.5365780000000 1.0
C      1  0.4745890000000  0.5343450000000  0.5365780000000 1.0
C      1  0.4656550000000  0.5365780000000  0.5254110000000 1.0
C      1  0.5343450000000  0.5365780000000  0.4745890000000 1.0
C      1  0.4656550000000  0.4634220000000  0.4745890000000 1.0
C      1  0.4634220000000  0.5254110000000  0.4656550000000 1.0
C      1  0.5254110000000  0.5343450000000  0.5365780000000 1.0
C      1  0.5343450000000  0.4634220000000  0.4745890000000 1.0
C      1  0.5365780000000  0.4745890000000  0.4656550000000 1.0
C      1  0.4634220000000  0.4745890000000  0.5343450000000 1.0
C      1  0.5365780000000  0.5254110000000  0.5343450000000 1.0
C      1  0.4745890000000  0.4656550000000  0.5365780000000 1.0
C      1  0.5254110000000  0.4656550000000  0.4634220000000 1.0
C      1  0.4745890000000  0.5343450000000  0.4634220000000 1.0
C      1  0.4656550000000  0.5365780000000  0.4745890000000 1.0
C      1  0.5343450000000  0.5365780000000  0.5254110000000 1.0
C      1  0.4656550000000  0.4634220000000  0.5254110000000 1.0
C      1  0.5312840000000  0.5119520000000  0.5315560000000 1.0
C      1  0.5119520000000  0.5315560000000  0.5312840000000 1.0
C      1  0.5315560000000  0.5312840000000  0.5119520000000 1.0
C      1  0.4687160000000  0.4880480000000  0.5315560000000 1.0
C      1  0.5312840000000  0.4880480000000  0.4684440000000 1.0
C      1  0.4687160000000  0.5119520000000  0.4684440000000 1.0
C      1  0.4880480000000  0.4684440000000  0.5312840000000 1.0
C      1  0.5119520000000  0.4684440000000  0.4687160000000 1.0
C      1  0.4880480000000  0.5315560000000  0.4687160000000 1.0
C      1  0.4684440000000  0.4687160000000  0.5119520000000 1.0
C      1  0.5315560000000  0.4687160000000  0.4880480000000 1.0
C      1  0.4684440000000  0.5312840000000  0.4880480000000 1.0
C      1  0.5312840000000  0.5119520000000  0.4684440000000 1.0
C      1  0.5119520000000  0.5315560000000  0.4687160000000 1.0
C      1  0.5315560000000  0.5312840000000  0.4880480000000 1.0
C      1  0.4687160000000  0.4880480000000  0.4684440000000 1.0
C      1  0.5312840000000  0.4880480000000  0.5315560000000 1.0
C      1  0.4687160000000  0.5119520000000  0.5315560000000 1.0
C      1  0.4880480000000  0.4684440000000  0.4687160000000 1.0
C      1  0.5119520000000  0.4684440000000  0.5312840000000 1.0
C      1  0.4880480000000  0.5315560000000  0.5312840000000 1.0
C      1  0.4684440000000  0.4687160000000  0.4880480000000 1.0
C      1  0.5315560000000  0.4687160000000  0.5119520000000 1.0
C      1  0.4684440000000  0.5312840000000  0.5119520000000 1.0
C      1  0.5767360000000  0.4831910000000  0.4696130000000 1.0
C      1  0.4831910000000  0.4696130000000  0.5767360000000 1.0
C      1  0.4696130000000  0.5767360000000  0.4831910000000 1.0
C      1  0.4232640000000  0.5168090000000  0.4696130000000 1.0
C      1  0.5767360000000  0.5168090000000  0.5303870000000 1.0
C      1  0.4232640000000  0.4831910000000  0.5303870000000 1.0
C      1  0.5168090000000  0.5303870000000  0.5767360000000 1.0
C      1  0.4831910000000  0.5303870000000  0.4232640000000 1.0
C      1  0.5168090000000  0.4696130000000  0.4232640000000 1.0
C      1  0.5303870000000  0.4232640000000  0.4831910000000 1.0
C      1  0.4696130000000  0.4232640000000  0.5168090000000 1.0
C      1  0.5303870000000  0.5767360000000  0.5168090000000 1.0
C      1  0.5767360000000  0.4831910000000  0.5303870000000 1.0
C      1  0.4831910000000  0.4696130000000  0.4232640000000 1.0
C      1  0.4696130000000  0.5767360000000  0.5168090000000 1.0
C      1  0.4232640000000  0.5168090000000  0.5303870000000 1.0
C      1  0.5767360000000  0.5168090000000  0.4696130000000 1.0
C      1  0.4232640000000  0.4831910000000  0.4696130000000 1.0
C      1  0.5168090000000  0.5303870000000  0.4232640000000 1.0
C      1  0.4831910000000  0.5303870000000  0.5767360000000 1.0
C      1  0.5168090000000  0.4696130000000  0.5767360000000 1.0
C      1  0.5303870000000  0.4232640000000  0.5168090000000 1.0
C      1  0.4696130000000  0.4232640000000  0.4831910000000 1.0
C      1  0.5303870000000  0.5767360000000  0.4831910000000 1.0
C      1  0.5441030000000  0.5068660000000  0.5680150000000 1.0
C      1  0.5068660000000  0.5680150000000  0.5441030000000 1.0
C      1  0.5680150000000  0.5441030000000  0.5068660000000 1.0
C      1  0.4558970000000  0.4931340000000  0.5680150000000 1.0
C      1  0.5441030000000  0.4931340000000  0.4319850000000 1.0
C      1  0.4558970000000  0.5068660000000  0.4319850000000 1.0
C      1  0.4931340000000  0.4319850000000  0.5441030000000 1.0
C      1  0.5068660000000  0.4319850000000  0.4558970000000 1.0
C      1  0.4931340000000  0.5680150000000  0.4558970000000 1.0
C      1  0.4319850000000  0.4558970000000  0.5068660000000 1.0
C      1  0.5680150000000  0.4558970000000  0.4931340000000 1.0
C      1  0.4319850000000  0.5441030000000  0.4931340000000 1.0
C      1  0.5441030000000  0.5068660000000  0.4319850000000 1.0
C      1  0.5068660000000  0.5680150000000  0.4558970000000 1.0
C      1  0.5680150000000  0.5441030000000  0.4931340000000 1.0
C      1  0.4558970000000  0.4931340000000  0.4319850000000 1.0
C      1  0.5441030000000  0.4931340000000  0.5680150000000 1.0
C      1  0.4558970000000  0.5068660000000  0.5680150000000 1.0
C      1  0.4931340000000  0.4319850000000  0.4558970000000 1.0
C      1  0.5068660000000  0.4319850000000  0.5441030000000 1.0
C      1  0.4931340000000  0.5680150000000  0.5441030000000 1.0
C      1  0.4319850000000  0.4558970000000  0.4931340000000 1.0
C      1  0.5680150000000  0.4558970000000  0.5068660000000 1.0
C      1  0.4319850000000  0.5441030000000  0.5068660000000 1.0
C      1  0.4839110000000  0.4446850000000  0.5443030000000 1.0
C      1  0.4446850000000  0.5443030000000  0.4839110000000 1.0
C      1  0.5443030000000  0.4839110000000  0.4446850000000 1.0
C      1  0.5160890000000  0.5553150000000  0.5443030000000 1.0
C      1  0.4839110000000  0.5553150000000  0.4556970000000 1.0
C      1  0.5160890000000  0.4446850000000  0.4556970000000 1.0
C      1  0.5553150000000  0.4556970000000  0.4839110000000 1.0
C      1  0.4446850000000  0.4556970000000  0.5160890000000 1.0
C      1  0.5553150000000  0.5443030000000  0.5160890000000 1.0
C      1  0.4556970000000  0.5160890000000  0.4446850000000 1.0
C      1  0.5443030000000  0.5160890000000  0.5553150000000 1.0
C      1  0.4556970000000  0.4839110000000  0.5553150000000 1.0
C      1  0.4839110000000  0.4446850000000  0.4556970000000 1.0
C      1  0.4446850000000  0.5443030000000  0.5160890000000 1.0
C      1  0.5443030000000  0.4839110000000  0.5553150000000 1.0
C      1  0.5160890000000  0.5553150000000  0.4556970000000 1.0
C      1  0.4839110000000  0.5553150000000  0.5443030000000 1.0
C      1  0.5160890000000  0.4446850000000  0.5443030000000 1.0
C      1  0.5553150000000  0.4556970000000  0.5160890000000 1.0
C      1  0.4446850000000  0.4556970000000  0.4839110000000 1.0
C      1  0.5553150000000  0.5443030000000  0.4839110000000 1.0
C      1  0.4556970000000  0.5160890000000  0.5553150000000 1.0
C      1  0.5443030000000  0.5160890000000  0.4446850000000 1.0
C      1  0.4556970000000  0.4839110000000  0.4446850000000 1.0
C      1  0.5273930000000  0.5700570000000  0.4709440000000 1.0
C      1  0.5700570000000  0.4709440000000  0.5273930000000 1.0
C      1  0.4709440000000  0.5273930000000  0.5700570000000 1.0
C      1  0.4726070000000  0.4299430000000  0.4709440000000 1.0
C      1  0.5273930000000  0.4299430000000  0.5290560000000 1.0
C      1  0.4726070000000  0.5700570000000  0.5290560000000 1.0
C      1  0.4299430000000  0.5290560000000  0.5273930000000 1.0
C      1  0.5700570000000  0.5290560000000  0.4726070000000 1.0
C      1  0.4299430000000  0.4709440000000  0.4726070000000 1.0
C      1  0.5290560000000  0.4726070000000  0.5700570000000 1.0
C      1  0.4709440000000  0.4726070000000  0.4299430000000 1.0
C      1  0.5290560000000  0.5273930000000  0.4299430000000 1.0
C      1  0.5273930000000  0.5700570000000  0.5290560000000 1.0
C      1  0.5700570000000  0.4709440000000  0.4726070000000 1.0
C      1  0.4709440000000  0.5273930000000  0.4299430000000 1.0
C      1  0.4726070000000  0.4299430000000  0.5290560000000 1.0
C      1  0.5273930000000  0.4299430000000  0.4709440000000 1.0
C      1  0.4726070000000  0.5700570000000  0.4709440000000 1.0
C      1  0.4299430000000  0.5290560000000  0.4726070000000 1.0
C      1  0.5700570000000  0.5290560000000  0.5273930000000 1.0
C      1  0.4299430000000  0.4709440000000  0.5273930000000 1.0
C      1  0.5290560000000  0.4726070000000  0.4299430000000 1.0
C      1  0.4709440000000  0.4726070000000  0.5700570000000 1.0
C      1  0.5290560000000  0.5273930000000  0.5700570000000 1.0
C      1  0.4920620000000  0.5388230000000  0.4814310000000 1.0
C      1  0.5388230000000  0.4814310000000  0.4920620000000 1.0
C      1  0.4814310000000  0.4920620000000  0.5388230000000 1.0
C      1  0.5079380000000  0.4611770000000  0.4814310000000 1.0
C      1  0.4920620000000  0.4611770000000  0.5185690000000 1.0
C      1  0.5079380000000  0.5388230000000  0.5185690000000 1.0
C      1  0.4611770000000  0.5185690000000  0.4920620000000 1.0
C      1  0.5388230000000  0.5185690000000  0.5079380000000 1.0
C      1  0.4611770000000  0.4814310000000  0.5079380000000 1.0
C      1  0.5185690000000  0.5079380000000  0.5388230000000 1.0
C      1  0.4814310000000  0.5079380000000  0.4611770000000 1.0
C      1  0.5185690000000  0.4920620000000  0.4611770000000 1.0
C      1  0.4920620000000  0.5388230000000  0.5185690000000 1.0
C      1  0.5388230000000  0.4814310000000  0.5079380000000 1.0
C      1  0.4814310000000  0.4920620000000  0.4611770000000 1.0
C      1  0.5079380000000  0.4611770000000  0.5185690000000 1.0
C      1  0.4920620000000  0.4611770000000  0.4814310000000 1.0
C      1  0.5079380000000  0.5388230000000  0.4814310000000 1.0
C      1  0.4611770000000  0.5185690000000  0.5079380000000 1.0
C      1  0.5388230000000  0.5185690000000  0.4920620000000 1.0
C      1  0.4611770000000  0.4814310000000  0.4920620000000 1.0
C      1  0.5185690000000  0.5079380000000  0.4611770000000 1.0
C      1  0.4814310000000  0.5079380000000  0.5388230000000 1.0
C      1  0.5185690000000  0.4920620000000  0.5388230000000 1.0
C      1  0.5387190000000  0.4628560000000  0.4355930000000 1.0
C      1  0.4628560000000  0.4355930000000  0.5387190000000 1.0
C      1  0.4355930000000  0.5387190000000  0.4628560000000 1.0
C      1  0.4612810000000  0.5371440000000  0.4355930000000 1.0
C      1  0.5387190000000  0.5371440000000  0.5644070000000 1.0
C      1  0.4612810000000  0.4628560000000  0.5644070000000 1.0
C      1  0.5371440000000  0.5644070000000  0.5387190000000 1.0
C      1  0.4628560000000  0.5644070000000  0.4612810000000 1.0
C      1  0.5371440000000  0.4355930000000  0.4612810000000 1.0
C      1  0.5644070000000  0.4612810000000  0.4628560000000 1.0
C      1  0.4355930000000  0.4612810000000  0.5371440000000 1.0
C      1  0.5644070000000  0.5387190000000  0.5371440000000 1.0
C      1  0.5387190000000  0.4628560000000  0.5644070000000 1.0
C      1  0.4628560000000  0.4355930000000  0.4612810000000 1.0
C      1  0.4355930000000  0.5387190000000  0.5371440000000 1.0
C      1  0.4612810000000  0.5371440000000  0.5644070000000 1.0
C      1  0.5387190000000  0.5371440000000  0.4355930000000 1.0
C      1  0.4612810000000  0.4628560000000  0.4355930000000 1.0
C      1  0.5371440000000  0.5644070000000  0.4612810000000 1.0
C      1  0.4628560000000  0.5644070000000  0.5387190000000 1.0
C      1  0.5371440000000  0.4355930000000  0.5387190000000 1.0
C      1  0.5644070000000  0.4612810000000  0.5371440000000 1.0
C      1  0.4355930000000  0.4612810000000  0.4628560000000 1.0
C      1  0.5644070000000  0.5387190000000  0.4628560000000 1.0
C      1  0.5578900000000  0.5493430000000  0.5301530000000 1.0
C      1  0.5493430000000  0.5301530000000  0.5578900000000 1.0
C      1  0.5301530000000  0.5578900000000  0.5493430000000 1.0
C      1  0.4421100000000  0.4506570000000  0.5301530000000 1.0
C      1  0.5578900000000  0.4506570000000  0.4698470000000 1.0
C      1  0.4421100000000  0.5493430000000  0.4698470000000 1.0
C      1  0.4506570000000  0.4698470000000  0.5578900000000 1.0
C      1  0.5493430000000  0.4698470000000  0.4421100000000 1.0
C      1  0.4506570000000  0.5301530000000  0.4421100000000 1.0
C      1  0.4698470000000  0.4421100000000  0.5493430000000 1.0
C      1  0.5301530000000  0.4421100000000  0.4506570000000 1.0
C      1  0.4698470000000  0.5578900000000  0.4506570000000 1.0
C      1  0.5578900000000  0.5493430000000  0.4698470000000 1.0
C      1  0.5493430000000  0.5301530000000  0.4421100000000 1.0
C      1  0.5301530000000  0.5578900000000  0.4506570000000 1.0
C      1  0.4421100000000  0.4506570000000  0.4698470000000 1.0
C      1  0.5578900000000  0.4506570000000  0.5301530000000 1.0
C      1  0.4421100000000  0.5493430000000  0.5301530000000 1.0
C      1  0.4506570000000  0.4698470000000  0.4421100000000 1.0
C      1  0.5493430000000  0.4698470000000  0.5578900000000 1.0
C      1  0.4506570000000  0.5301530000000  0.5578900000000 1.0
C      1  0.4698470000000  0.4421100000000  0.4506570000000 1.0
C      1  0.5301530000000  0.4421100000000  0.5493430000000 1.0
C      1  0.4698470000000  0.5578900000000  0.5493430000000 1.0
C      1  0.5000000000000  0.5489140000000  0.4215960000000 1.0
C      1  0.5489140000000  0.4215960000000  0.5000000000000 1.0
C      1  0.4510860000000  0.5784040000000  0.5000000000000 1.0
C      1  0.5000000000000  0.4510860000000  0.5784040000000 1.0
C      1  0.4215960000000  0.5000000000000  0.5489140000000 1.0
C      1  0.5000000000000  0.4510860000000  0.4215960000000 1.0
C      1  0.5000000000000  0.5489140000000  0.5784040000000 1.0
C      1  0.5784040000000  0.5000000000000  0.5489140000000 1.0
C      1  0.4215960000000  0.5000000000000  0.4510860000000 1.0
C      1  0.5784040000000  0.5000000000000  0.4510860000000 1.0
C      1  0.5489140000000  0.5784040000000  0.5000000000000 1.0
C      1  0.4510860000000  0.4215960000000  0.5000000000000 1.0
END
