TITL C-1892073-1155-7 -6.21892129183856e-07 1000000 -3410.22996680798 0 0 480 (Th) n - 1
REM
REM in /nfs/bkarasulu/CARBON/AIRSS/Generating-Clusters/GAP-ML-2020/Higher-Symm/Selected-Sizes/TryA-Only_Ih-Symm/Larger-Clusters
REM
REM
REM
REM
REM
REM ./C.cell (2cf5181f0f1d4d5b12b972d32ad12063)
REM
REM compiler GCC version 9.2.1 20190827 (Red Hat 9.2.1-1)
REM options -cpp -mtune=generic -march=x86-64 -g -O0 -fpre-include=/usr/include/finclude/math-vector-fortran.h
REM seed 727063572 1218929116 -733904484 -584802307 -794095429 338318273 -787224354 -706041870 -1357903388 -1536684788 -1214478912 1068267614 1151622002 482251103 1075031993 -1049623171 36871930 1457055379 305910241 -1615726900 1675252285 -1340683845 1537005707 2076935198 930661263 2016494675 1360328620 -890948738 1225395072 726194526 1483378157 -300293224 1578384352
REM
CELL 1.54180  100.00000  100.00000  100.00000   90.00000   90.00000   90.00000
LATT -1
SFAC C  
C      1  0.5593450000000  0.4602000000000  0.4466590000000 1.0
C      1  0.4602000000000  0.4466590000000  0.5593450000000 1.0
C      1  0.4466590000000  0.5593450000000  0.4602000000000 1.0
C      1  0.4406550000000  0.5398000000000  0.4466590000000 1.0
C      1  0.5593450000000  0.5398000000000  0.5533410000000 1.0
C      1  0.4406550000000  0.4602000000000  0.5533410000000 1.0
C      1  0.5398000000000  0.5533410000000  0.5593450000000 1.0
C      1  0.4602000000000  0.5533410000000  0.4406550000000 1.0
C      1  0.5398000000000  0.4466590000000  0.4406550000000 1.0
C      1  0.5533410000000  0.4406550000000  0.4602000000000 1.0
C      1  0.4466590000000  0.4406550000000  0.5398000000000 1.0
C      1  0.5533410000000  0.5593450000000  0.5398000000000 1.0
C      1  0.5593450000000  0.4602000000000  0.5533410000000 1.0
C      1  0.4602000000000  0.4466590000000  0.4406550000000 1.0
C      1  0.4466590000000  0.5593450000000  0.5398000000000 1.0
C      1  0.4406550000000  0.5398000000000  0.5533410000000 1.0
C      1  0.5593450000000  0.5398000000000  0.4466590000000 1.0
C      1  0.4406550000000  0.4602000000000  0.4466590000000 1.0
C      1  0.5398000000000  0.5533410000000  0.4406550000000 1.0
C      1  0.4602000000000  0.5533410000000  0.5593450000000 1.0
C      1  0.5398000000000  0.4466590000000  0.5593450000000 1.0
C      1  0.5533410000000  0.4406550000000  0.5398000000000 1.0
C      1  0.4466590000000  0.4406550000000  0.4602000000000 1.0
C      1  0.5533410000000  0.5593450000000  0.4602000000000 1.0
C      1  0.4329580000000  0.5388310000000  0.4697080000000 1.0
C      1  0.5388310000000  0.4697080000000  0.4329580000000 1.0
C      1  0.4697080000000  0.4329580000000  0.5388310000000 1.0
C      1  0.5670420000000  0.4611690000000  0.4697080000000 1.0
C      1  0.4329580000000  0.4611690000000  0.5302920000000 1.0
C      1  0.5670420000000  0.5388310000000  0.5302920000000 1.0
C      1  0.4611690000000  0.5302920000000  0.4329580000000 1.0
C      1  0.5388310000000  0.5302920000000  0.5670420000000 1.0
C      1  0.4611690000000  0.4697080000000  0.5670420000000 1.0
C      1  0.5302920000000  0.5670420000000  0.5388310000000 1.0
C      1  0.4697080000000  0.5670420000000  0.4611690000000 1.0
C      1  0.5302920000000  0.4329580000000  0.4611690000000 1.0
C      1  0.4329580000000  0.5388310000000  0.5302920000000 1.0
C      1  0.5388310000000  0.4697080000000  0.5670420000000 1.0
C      1  0.4697080000000  0.4329580000000  0.4611690000000 1.0
C      1  0.5670420000000  0.4611690000000  0.5302920000000 1.0
C      1  0.4329580000000  0.4611690000000  0.4697080000000 1.0
C      1  0.5670420000000  0.5388310000000  0.4697080000000 1.0
C      1  0.4611690000000  0.5302920000000  0.5670420000000 1.0
C      1  0.5388310000000  0.5302920000000  0.4329580000000 1.0
C      1  0.4611690000000  0.4697080000000  0.4329580000000 1.0
C      1  0.5302920000000  0.5670420000000  0.4611690000000 1.0
C      1  0.4697080000000  0.5670420000000  0.5388310000000 1.0
C      1  0.5302920000000  0.4329580000000  0.5388310000000 1.0
C      1  0.5740650000000  0.5276430000000  0.4926510000000 1.0
C      1  0.5276430000000  0.4926510000000  0.5740650000000 1.0
C      1  0.4926510000000  0.5740650000000  0.5276430000000 1.0
C      1  0.4259350000000  0.4723570000000  0.4926510000000 1.0
C      1  0.5740650000000  0.4723570000000  0.5073490000000 1.0
C      1  0.4259350000000  0.5276430000000  0.5073490000000 1.0
C      1  0.4723570000000  0.5073490000000  0.5740650000000 1.0
C      1  0.5276430000000  0.5073490000000  0.4259350000000 1.0
C      1  0.4723570000000  0.4926510000000  0.4259350000000 1.0
C      1  0.5073490000000  0.4259350000000  0.5276430000000 1.0
C      1  0.4926510000000  0.4259350000000  0.4723570000000 1.0
C      1  0.5073490000000  0.5740650000000  0.4723570000000 1.0
C      1  0.5740650000000  0.5276430000000  0.5073490000000 1.0
C      1  0.5276430000000  0.4926510000000  0.4259350000000 1.0
C      1  0.4926510000000  0.5740650000000  0.4723570000000 1.0
C      1  0.4259350000000  0.4723570000000  0.5073490000000 1.0
C      1  0.5740650000000  0.4723570000000  0.4926510000000 1.0
C      1  0.4259350000000  0.5276430000000  0.4926510000000 1.0
C      1  0.4723570000000  0.5073490000000  0.4259350000000 1.0
C      1  0.5276430000000  0.5073490000000  0.5740650000000 1.0
C      1  0.4723570000000  0.4926510000000  0.5740650000000 1.0
C      1  0.5073490000000  0.4259350000000  0.4723570000000 1.0
C      1  0.4926510000000  0.4259350000000  0.5276430000000 1.0
C      1  0.5073490000000  0.5740650000000  0.5276430000000 1.0
C      1  0.5398380000000  0.5287370000000  0.4636340000000 1.0
C      1  0.5287370000000  0.4636340000000  0.5398380000000 1.0
C      1  0.4636340000000  0.5398380000000  0.5287370000000 1.0
C      1  0.4601620000000  0.4712630000000  0.4636340000000 1.0
C      1  0.5398380000000  0.4712630000000  0.5363660000000 1.0
C      1  0.4601620000000  0.5287370000000  0.5363660000000 1.0
C      1  0.4712630000000  0.5363660000000  0.5398380000000 1.0
C      1  0.5287370000000  0.5363660000000  0.4601620000000 1.0
C      1  0.4712630000000  0.4636340000000  0.4601620000000 1.0
C      1  0.5363660000000  0.4601620000000  0.5287370000000 1.0
C      1  0.4636340000000  0.4601620000000  0.4712630000000 1.0
C      1  0.5363660000000  0.5398380000000  0.4712630000000 1.0
C      1  0.5398380000000  0.5287370000000  0.5363660000000 1.0
C      1  0.5287370000000  0.4636340000000  0.4601620000000 1.0
C      1  0.4636340000000  0.5398380000000  0.4712630000000 1.0
C      1  0.4601620000000  0.4712630000000  0.5363660000000 1.0
C      1  0.5398380000000  0.4712630000000  0.4636340000000 1.0
C      1  0.4601620000000  0.5287370000000  0.4636340000000 1.0
C      1  0.4712630000000  0.5363660000000  0.4601620000000 1.0
C      1  0.5287370000000  0.5363660000000  0.5398380000000 1.0
C      1  0.4712630000000  0.4636340000000  0.5398380000000 1.0
C      1  0.5363660000000  0.4601620000000  0.4712630000000 1.0
C      1  0.4636340000000  0.4601620000000  0.5287370000000 1.0
C      1  0.5363660000000  0.5398380000000  0.5287370000000 1.0
C      1  0.5143930000000  0.5135250000000  0.5755870000000 1.0
C      1  0.5135250000000  0.5755870000000  0.5143930000000 1.0
C      1  0.5755870000000  0.5143930000000  0.5135250000000 1.0
C      1  0.4856070000000  0.4864750000000  0.5755870000000 1.0
C      1  0.5143930000000  0.4864750000000  0.4244130000000 1.0
C      1  0.4856070000000  0.5135250000000  0.4244130000000 1.0
C      1  0.4864750000000  0.4244130000000  0.5143930000000 1.0
C      1  0.5135250000000  0.4244130000000  0.4856070000000 1.0
C      1  0.4864750000000  0.5755870000000  0.4856070000000 1.0
C      1  0.4244130000000  0.4856070000000  0.5135250000000 1.0
C      1  0.5755870000000  0.4856070000000  0.4864750000000 1.0
C      1  0.4244130000000  0.5143930000000  0.4864750000000 1.0
C      1  0.5143930000000  0.5135250000000  0.4244130000000 1.0
C      1  0.5135250000000  0.5755870000000  0.4856070000000 1.0
C      1  0.5755870000000  0.5143930000000  0.4864750000000 1.0
C      1  0.4856070000000  0.4864750000000  0.4244130000000 1.0
C      1  0.5143930000000  0.4864750000000  0.5755870000000 1.0
C      1  0.4856070000000  0.5135250000000  0.5755870000000 1.0
C      1  0.4864750000000  0.4244130000000  0.4856070000000 1.0
C      1  0.5135250000000  0.4244130000000  0.5143930000000 1.0
C      1  0.4864750000000  0.5755870000000  0.5143930000000 1.0
C      1  0.4244130000000  0.4856070000000  0.4864750000000 1.0
C      1  0.5755870000000  0.4856070000000  0.5135250000000 1.0
C      1  0.4244130000000  0.5143930000000  0.5135250000000 1.0
C      1  0.4314540000000  0.5390520000000  0.4845510000000 1.0
C      1  0.5390520000000  0.4845510000000  0.4314540000000 1.0
C      1  0.4845510000000  0.4314540000000  0.5390520000000 1.0
C      1  0.5685460000000  0.4609480000000  0.4845510000000 1.0
C      1  0.4314540000000  0.4609480000000  0.5154490000000 1.0
C      1  0.5685460000000  0.5390520000000  0.5154490000000 1.0
C      1  0.4609480000000  0.5154490000000  0.4314540000000 1.0
C      1  0.5390520000000  0.5154490000000  0.5685460000000 1.0
C      1  0.4609480000000  0.4845510000000  0.5685460000000 1.0
C      1  0.5154490000000  0.5685460000000  0.5390520000000 1.0
C      1  0.4845510000000  0.5685460000000  0.4609480000000 1.0
C      1  0.5154490000000  0.4314540000000  0.4609480000000 1.0
C      1  0.4314540000000  0.5390520000000  0.5154490000000 1.0
C      1  0.5390520000000  0.4845510000000  0.5685460000000 1.0
C      1  0.4845510000000  0.4314540000000  0.4609480000000 1.0
C      1  0.5685460000000  0.4609480000000  0.5154490000000 1.0
C      1  0.4314540000000  0.4609480000000  0.4845510000000 1.0
C      1  0.5685460000000  0.5390520000000  0.4845510000000 1.0
C      1  0.4609480000000  0.5154490000000  0.5685460000000 1.0
C      1  0.5390520000000  0.5154490000000  0.4314540000000 1.0
C      1  0.4609480000000  0.4845510000000  0.4314540000000 1.0
C      1  0.5154490000000  0.5685460000000  0.4609480000000 1.0
C      1  0.4845510000000  0.5685460000000  0.5390520000000 1.0
C      1  0.5154490000000  0.4314540000000  0.5390520000000 1.0
C      1  0.5260060000000  0.5365140000000  0.5670460000000 1.0
C      1  0.5365140000000  0.5670460000000  0.5260060000000 1.0
C      1  0.5670460000000  0.5260060000000  0.5365140000000 1.0
C      1  0.4739940000000  0.4634860000000  0.5670460000000 1.0
C      1  0.5260060000000  0.4634860000000  0.4329540000000 1.0
C      1  0.4739940000000  0.5365140000000  0.4329540000000 1.0
C      1  0.4634860000000  0.4329540000000  0.5260060000000 1.0
C      1  0.5365140000000  0.4329540000000  0.4739940000000 1.0
C      1  0.4634860000000  0.5670460000000  0.4739940000000 1.0
C      1  0.4329540000000  0.4739940000000  0.5365140000000 1.0
C      1  0.5670460000000  0.4739940000000  0.4634860000000 1.0
C      1  0.4329540000000  0.5260060000000  0.4634860000000 1.0
C      1  0.5260060000000  0.5365140000000  0.4329540000000 1.0
C      1  0.5365140000000  0.5670460000000  0.4739940000000 1.0
C      1  0.5670460000000  0.5260060000000  0.4634860000000 1.0
C      1  0.4739940000000  0.4634860000000  0.4329540000000 1.0
C      1  0.5260060000000  0.4634860000000  0.5670460000000 1.0
C      1  0.4739940000000  0.5365140000000  0.5670460000000 1.0
C      1  0.4634860000000  0.4329540000000  0.4739940000000 1.0
C      1  0.5365140000000  0.4329540000000  0.5260060000000 1.0
C      1  0.4634860000000  0.5670460000000  0.5260060000000 1.0
C      1  0.4329540000000  0.4739940000000  0.4634860000000 1.0
C      1  0.5670460000000  0.4739940000000  0.5365140000000 1.0
C      1  0.4329540000000  0.5260060000000  0.5365140000000 1.0
C      1  0.4271590000000  0.4929140000000  0.4646330000000 1.0
C      1  0.4929140000000  0.4646330000000  0.4271590000000 1.0
C      1  0.4646330000000  0.4271590000000  0.4929140000000 1.0
C      1  0.5728410000000  0.5070860000000  0.4646330000000 1.0
C      1  0.4271590000000  0.5070860000000  0.5353670000000 1.0
C      1  0.5728410000000  0.4929140000000  0.5353670000000 1.0
C      1  0.5070860000000  0.5353670000000  0.4271590000000 1.0
C      1  0.4929140000000  0.5353670000000  0.5728410000000 1.0
C      1  0.5070860000000  0.4646330000000  0.5728410000000 1.0
C      1  0.5353670000000  0.5728410000000  0.4929140000000 1.0
C      1  0.4646330000000  0.5728410000000  0.5070860000000 1.0
C      1  0.5353670000000  0.4271590000000  0.5070860000000 1.0
C      1  0.4271590000000  0.4929140000000  0.5353670000000 1.0
C      1  0.4929140000000  0.4646330000000  0.5728410000000 1.0
C      1  0.4646330000000  0.4271590000000  0.5070860000000 1.0
C      1  0.5728410000000  0.5070860000000  0.5353670000000 1.0
C      1  0.4271590000000  0.5070860000000  0.4646330000000 1.0
C      1  0.5728410000000  0.4929140000000  0.4646330000000 1.0
C      1  0.5070860000000  0.5353670000000  0.5728410000000 1.0
C      1  0.4929140000000  0.5353670000000  0.4271590000000 1.0
C      1  0.5070860000000  0.4646330000000  0.4271590000000 1.0
C      1  0.5353670000000  0.5728410000000  0.5070860000000 1.0
C      1  0.4646330000000  0.5728410000000  0.4929140000000 1.0
C      1  0.5353670000000  0.4271590000000  0.4929140000000 1.0
C      1  0.4383570000000  0.4522560000000  0.4586700000000 1.0
C      1  0.4522560000000  0.4586700000000  0.4383570000000 1.0
C      1  0.4586700000000  0.4383570000000  0.4522560000000 1.0
C      1  0.5616430000000  0.5477440000000  0.4586700000000 1.0
C      1  0.4383570000000  0.5477440000000  0.5413300000000 1.0
C      1  0.5616430000000  0.4522560000000  0.5413300000000 1.0
C      1  0.5477440000000  0.5413300000000  0.4383570000000 1.0
C      1  0.4522560000000  0.5413300000000  0.5616430000000 1.0
C      1  0.5477440000000  0.4586700000000  0.5616430000000 1.0
C      1  0.5413300000000  0.5616430000000  0.4522560000000 1.0
C      1  0.4586700000000  0.5616430000000  0.5477440000000 1.0
C      1  0.5413300000000  0.4383570000000  0.5477440000000 1.0
C      1  0.4383570000000  0.4522560000000  0.5413300000000 1.0
C      1  0.4522560000000  0.4586700000000  0.5616430000000 1.0
C      1  0.4586700000000  0.4383570000000  0.5477440000000 1.0
C      1  0.5616430000000  0.5477440000000  0.5413300000000 1.0
C      1  0.4383570000000  0.5477440000000  0.4586700000000 1.0
C      1  0.5616430000000  0.4522560000000  0.4586700000000 1.0
C      1  0.5477440000000  0.5413300000000  0.5616430000000 1.0
C      1  0.4522560000000  0.5413300000000  0.4383570000000 1.0
C      1  0.5477440000000  0.4586700000000  0.4383570000000 1.0
C      1  0.5413300000000  0.5616430000000  0.5477440000000 1.0
C      1  0.4586700000000  0.5616430000000  0.4522560000000 1.0
C      1  0.5413300000000  0.4383570000000  0.4522560000000 1.0
C      1  0.5071280000000  0.5238950000000  0.5826350000000 1.0
C      1  0.5238950000000  0.5826350000000  0.5071280000000 1.0
C      1  0.5826350000000  0.5071280000000  0.5238950000000 1.0
C      1  0.4928720000000  0.4761050000000  0.5826350000000 1.0
C      1  0.5071280000000  0.4761050000000  0.4173650000000 1.0
C      1  0.4928720000000  0.5238950000000  0.4173650000000 1.0
C      1  0.4761050000000  0.4173650000000  0.5071280000000 1.0
C      1  0.5238950000000  0.4173650000000  0.4928720000000 1.0
C      1  0.4761050000000  0.5826350000000  0.4928720000000 1.0
C      1  0.4173650000000  0.4928720000000  0.5238950000000 1.0
C      1  0.5826350000000  0.4928720000000  0.4761050000000 1.0
C      1  0.4173650000000  0.5071280000000  0.4761050000000 1.0
C      1  0.5071280000000  0.5238950000000  0.4173650000000 1.0
C      1  0.5238950000000  0.5826350000000  0.4928720000000 1.0
C      1  0.5826350000000  0.5071280000000  0.4761050000000 1.0
C      1  0.4928720000000  0.4761050000000  0.4173650000000 1.0
C      1  0.5071280000000  0.4761050000000  0.5826350000000 1.0
C      1  0.4928720000000  0.5238950000000  0.5826350000000 1.0
C      1  0.4761050000000  0.4173650000000  0.4928720000000 1.0
C      1  0.5238950000000  0.4173650000000  0.5071280000000 1.0
C      1  0.4761050000000  0.5826350000000  0.5071280000000 1.0
C      1  0.4173650000000  0.4928720000000  0.4761050000000 1.0
C      1  0.5826350000000  0.4928720000000  0.5238950000000 1.0
C      1  0.4173650000000  0.5071280000000  0.5238950000000 1.0
C      1  0.4683900000000  0.4775380000000  0.5069520000000 1.0
C      1  0.4775380000000  0.5069520000000  0.4683900000000 1.0
C      1  0.5069520000000  0.4683900000000  0.4775380000000 1.0
C      1  0.5316100000000  0.5224620000000  0.5069520000000 1.0
C      1  0.4683900000000  0.5224620000000  0.4930480000000 1.0
C      1  0.5316100000000  0.4775380000000  0.4930480000000 1.0
C      1  0.5224620000000  0.4930480000000  0.4683900000000 1.0
C      1  0.4775380000000  0.4930480000000  0.5316100000000 1.0
C      1  0.5224620000000  0.5069520000000  0.5316100000000 1.0
C      1  0.4930480000000  0.5316100000000  0.4775380000000 1.0
C      1  0.5069520000000  0.5316100000000  0.5224620000000 1.0
C      1  0.4930480000000  0.4683900000000  0.5224620000000 1.0
C      1  0.4683900000000  0.4775380000000  0.4930480000000 1.0
C      1  0.4775380000000  0.5069520000000  0.5316100000000 1.0
C      1  0.5069520000000  0.4683900000000  0.5224620000000 1.0
C      1  0.5316100000000  0.5224620000000  0.4930480000000 1.0
C      1  0.4683900000000  0.5224620000000  0.5069520000000 1.0
C      1  0.5316100000000  0.4775380000000  0.5069520000000 1.0
C      1  0.5224620000000  0.4930480000000  0.5316100000000 1.0
C      1  0.4775380000000  0.4930480000000  0.4683900000000 1.0
C      1  0.5224620000000  0.5069520000000  0.4683900000000 1.0
C      1  0.4930480000000  0.5316100000000  0.5224620000000 1.0
C      1  0.5069520000000  0.5316100000000  0.4775380000000 1.0
C      1  0.4930480000000  0.4683900000000  0.4775380000000 1.0
C      1  0.4401320000000  0.4848790000000  0.4431790000000 1.0
C      1  0.4848790000000  0.4431790000000  0.4401320000000 1.0
C      1  0.4431790000000  0.4401320000000  0.4848790000000 1.0
C      1  0.5598680000000  0.5151210000000  0.4431790000000 1.0
C      1  0.4401320000000  0.5151210000000  0.5568210000000 1.0
C      1  0.5598680000000  0.4848790000000  0.5568210000000 1.0
C      1  0.5151210000000  0.5568210000000  0.4401320000000 1.0
C      1  0.4848790000000  0.5568210000000  0.5598680000000 1.0
C      1  0.5151210000000  0.4431790000000  0.5598680000000 1.0
C      1  0.5568210000000  0.5598680000000  0.4848790000000 1.0
C      1  0.4431790000000  0.5598680000000  0.5151210000000 1.0
C      1  0.5568210000000  0.4401320000000  0.5151210000000 1.0
C      1  0.4401320000000  0.4848790000000  0.5568210000000 1.0
C      1  0.4848790000000  0.4431790000000  0.5598680000000 1.0
C      1  0.4431790000000  0.4401320000000  0.5151210000000 1.0
C      1  0.5598680000000  0.5151210000000  0.5568210000000 1.0
C      1  0.4401320000000  0.5151210000000  0.4431790000000 1.0
C      1  0.5598680000000  0.4848790000000  0.4431790000000 1.0
C      1  0.5151210000000  0.5568210000000  0.5598680000000 1.0
C      1  0.4848790000000  0.5568210000000  0.4401320000000 1.0
C      1  0.5151210000000  0.4431790000000  0.4401320000000 1.0
C      1  0.5568210000000  0.5598680000000  0.5151210000000 1.0
C      1  0.4431790000000  0.5598680000000  0.4848790000000 1.0
C      1  0.5568210000000  0.4401320000000  0.4848790000000 1.0
C      1  0.4360100000000  0.4736140000000  0.4491820000000 1.0
C      1  0.4736140000000  0.4491820000000  0.4360100000000 1.0
C      1  0.4491820000000  0.4360100000000  0.4736140000000 1.0
C      1  0.5639900000000  0.5263860000000  0.4491820000000 1.0
C      1  0.4360100000000  0.5263860000000  0.5508180000000 1.0
C      1  0.5639900000000  0.4736140000000  0.5508180000000 1.0
C      1  0.5263860000000  0.5508180000000  0.4360100000000 1.0
C      1  0.4736140000000  0.5508180000000  0.5639900000000 1.0
C      1  0.5263860000000  0.4491820000000  0.5639900000000 1.0
C      1  0.5508180000000  0.5639900000000  0.4736140000000 1.0
C      1  0.4491820000000  0.5639900000000  0.5263860000000 1.0
C      1  0.5508180000000  0.4360100000000  0.5263860000000 1.0
C      1  0.4360100000000  0.4736140000000  0.5508180000000 1.0
C      1  0.4736140000000  0.4491820000000  0.5639900000000 1.0
C      1  0.4491820000000  0.4360100000000  0.5263860000000 1.0
C      1  0.5639900000000  0.5263860000000  0.5508180000000 1.0
C      1  0.4360100000000  0.5263860000000  0.4491820000000 1.0
C      1  0.5639900000000  0.4736140000000  0.4491820000000 1.0
C      1  0.5263860000000  0.5508180000000  0.5639900000000 1.0
C      1  0.4736140000000  0.5508180000000  0.4360100000000 1.0
C      1  0.5263860000000  0.4491820000000  0.4360100000000 1.0
C      1  0.5508180000000  0.5639900000000  0.5263860000000 1.0
C      1  0.4491820000000  0.5639900000000  0.4736140000000 1.0
C      1  0.5508180000000  0.4360100000000  0.4736140000000 1.0
C      1  0.5164010000000  0.5622930000000  0.5079700000000 1.0
C      1  0.5622930000000  0.5079700000000  0.5164010000000 1.0
C      1  0.5079700000000  0.5164010000000  0.5622930000000 1.0
C      1  0.4835990000000  0.4377070000000  0.5079700000000 1.0
C      1  0.5164010000000  0.4377070000000  0.4920300000000 1.0
C      1  0.4835990000000  0.5622930000000  0.4920300000000 1.0
C      1  0.4377070000000  0.4920300000000  0.5164010000000 1.0
C      1  0.5622930000000  0.4920300000000  0.4835990000000 1.0
C      1  0.4377070000000  0.5079700000000  0.4835990000000 1.0
C      1  0.4920300000000  0.4835990000000  0.5622930000000 1.0
C      1  0.5079700000000  0.4835990000000  0.4377070000000 1.0
C      1  0.4920300000000  0.5164010000000  0.4377070000000 1.0
C      1  0.5164010000000  0.5622930000000  0.4920300000000 1.0
C      1  0.5622930000000  0.5079700000000  0.4835990000000 1.0
C      1  0.5079700000000  0.5164010000000  0.4377070000000 1.0
C      1  0.4835990000000  0.4377070000000  0.4920300000000 1.0
C      1  0.5164010000000  0.4377070000000  0.5079700000000 1.0
C      1  0.4835990000000  0.5622930000000  0.5079700000000 1.0
C      1  0.4377070000000  0.4920300000000  0.4835990000000 1.0
C      1  0.5622930000000  0.4920300000000  0.5164010000000 1.0
C      1  0.4377070000000  0.5079700000000  0.5164010000000 1.0
C      1  0.4920300000000  0.4835990000000  0.4377070000000 1.0
C      1  0.5079700000000  0.4835990000000  0.5622930000000 1.0
C      1  0.4920300000000  0.5164010000000  0.5622930000000 1.0
C      1  0.5081410000000  0.5267980000000  0.5364700000000 1.0
C      1  0.5267980000000  0.5364700000000  0.5081410000000 1.0
C      1  0.5364700000000  0.5081410000000  0.5267980000000 1.0
C      1  0.4918590000000  0.4732020000000  0.5364700000000 1.0
C      1  0.5081410000000  0.4732020000000  0.4635300000000 1.0
C      1  0.4918590000000  0.5267980000000  0.4635300000000 1.0
C      1  0.4732020000000  0.4635300000000  0.5081410000000 1.0
C      1  0.5267980000000  0.4635300000000  0.4918590000000 1.0
C      1  0.4732020000000  0.5364700000000  0.4918590000000 1.0
C      1  0.4635300000000  0.4918590000000  0.5267980000000 1.0
C      1  0.5364700000000  0.4918590000000  0.4732020000000 1.0
C      1  0.4635300000000  0.5081410000000  0.4732020000000 1.0
C      1  0.5081410000000  0.5267980000000  0.4635300000000 1.0
C      1  0.5267980000000  0.5364700000000  0.4918590000000 1.0
C      1  0.5364700000000  0.5081410000000  0.4732020000000 1.0
C      1  0.4918590000000  0.4732020000000  0.4635300000000 1.0
C      1  0.5081410000000  0.4732020000000  0.5364700000000 1.0
C      1  0.4918590000000  0.5267980000000  0.5364700000000 1.0
C      1  0.4732020000000  0.4635300000000  0.4918590000000 1.0
C      1  0.5267980000000  0.4635300000000  0.5081410000000 1.0
C      1  0.4732020000000  0.5364700000000  0.5081410000000 1.0
C      1  0.4635300000000  0.4918590000000  0.4732020000000 1.0
C      1  0.5364700000000  0.4918590000000  0.5267980000000 1.0
C      1  0.4635300000000  0.5081410000000  0.5267980000000 1.0
C      1  0.5502800000000  0.5081420000000  0.4926250000000 1.0
C      1  0.5081420000000  0.4926250000000  0.5502800000000 1.0
C      1  0.4926250000000  0.5502800000000  0.5081420000000 1.0
C      1  0.4497200000000  0.4918580000000  0.4926250000000 1.0
C      1  0.5502800000000  0.4918580000000  0.5073750000000 1.0
C      1  0.4497200000000  0.5081420000000  0.5073750000000 1.0
C      1  0.4918580000000  0.5073750000000  0.5502800000000 1.0
C      1  0.5081420000000  0.5073750000000  0.4497200000000 1.0
C      1  0.4918580000000  0.4926250000000  0.4497200000000 1.0
C      1  0.5073750000000  0.4497200000000  0.5081420000000 1.0
C      1  0.4926250000000  0.4497200000000  0.4918580000000 1.0
C      1  0.5073750000000  0.5502800000000  0.4918580000000 1.0
C      1  0.5502800000000  0.5081420000000  0.5073750000000 1.0
C      1  0.5081420000000  0.4926250000000  0.4497200000000 1.0
C      1  0.4926250000000  0.5502800000000  0.4918580000000 1.0
C      1  0.4497200000000  0.4918580000000  0.5073750000000 1.0
C      1  0.5502800000000  0.4918580000000  0.4926250000000 1.0
C      1  0.4497200000000  0.5081420000000  0.4926250000000 1.0
C      1  0.4918580000000  0.5073750000000  0.4497200000000 1.0
C      1  0.5081420000000  0.5073750000000  0.5502800000000 1.0
C      1  0.4918580000000  0.4926250000000  0.5502800000000 1.0
C      1  0.5073750000000  0.4497200000000  0.4918580000000 1.0
C      1  0.4926250000000  0.4497200000000  0.5081420000000 1.0
C      1  0.5073750000000  0.5502800000000  0.5081420000000 1.0
C      1  0.5134270000000  0.4616950000000  0.4871490000000 1.0
C      1  0.4616950000000  0.4871490000000  0.5134270000000 1.0
C      1  0.4871490000000  0.5134270000000  0.4616950000000 1.0
C      1  0.4865730000000  0.5383050000000  0.4871490000000 1.0
C      1  0.5134270000000  0.5383050000000  0.5128510000000 1.0
C      1  0.4865730000000  0.4616950000000  0.5128510000000 1.0
C      1  0.5383050000000  0.5128510000000  0.5134270000000 1.0
C      1  0.4616950000000  0.5128510000000  0.4865730000000 1.0
C      1  0.5383050000000  0.4871490000000  0.4865730000000 1.0
C      1  0.5128510000000  0.4865730000000  0.4616950000000 1.0
C      1  0.4871490000000  0.4865730000000  0.5383050000000 1.0
C      1  0.5128510000000  0.5134270000000  0.5383050000000 1.0
C      1  0.5134270000000  0.4616950000000  0.5128510000000 1.0
C      1  0.4616950000000  0.4871490000000  0.4865730000000 1.0
C      1  0.4871490000000  0.5134270000000  0.5383050000000 1.0
C      1  0.4865730000000  0.5383050000000  0.5128510000000 1.0
C      1  0.5134270000000  0.5383050000000  0.4871490000000 1.0
C      1  0.4865730000000  0.4616950000000  0.4871490000000 1.0
C      1  0.5383050000000  0.5128510000000  0.4865730000000 1.0
C      1  0.4616950000000  0.5128510000000  0.5134270000000 1.0
C      1  0.5383050000000  0.4871490000000  0.5134270000000 1.0
C      1  0.5128510000000  0.4865730000000  0.5383050000000 1.0
C      1  0.4871490000000  0.4865730000000  0.4616950000000 1.0
C      1  0.5128510000000  0.5134270000000  0.4616950000000 1.0
C      1  0.4839890000000  0.5344800000000  0.5456640000000 1.0
C      1  0.5344800000000  0.5456640000000  0.4839890000000 1.0
C      1  0.5456640000000  0.4839890000000  0.5344800000000 1.0
C      1  0.5160110000000  0.4655200000000  0.5456640000000 1.0
C      1  0.4839890000000  0.4655200000000  0.4543360000000 1.0
C      1  0.5160110000000  0.5344800000000  0.4543360000000 1.0
C      1  0.4655200000000  0.4543360000000  0.4839890000000 1.0
C      1  0.5344800000000  0.4543360000000  0.5160110000000 1.0
C      1  0.4655200000000  0.5456640000000  0.5160110000000 1.0
C      1  0.4543360000000  0.5160110000000  0.5344800000000 1.0
C      1  0.5456640000000  0.5160110000000  0.4655200000000 1.0
C      1  0.4543360000000  0.4839890000000  0.4655200000000 1.0
C      1  0.4839890000000  0.5344800000000  0.4543360000000 1.0
C      1  0.5344800000000  0.5456640000000  0.5160110000000 1.0
C      1  0.5456640000000  0.4839890000000  0.4655200000000 1.0
C      1  0.5160110000000  0.4655200000000  0.4543360000000 1.0
C      1  0.4839890000000  0.4655200000000  0.5456640000000 1.0
C      1  0.5160110000000  0.5344800000000  0.5456640000000 1.0
C      1  0.4655200000000  0.4543360000000  0.5160110000000 1.0
C      1  0.5344800000000  0.4543360000000  0.4839890000000 1.0
C      1  0.4655200000000  0.5456640000000  0.4839890000000 1.0
C      1  0.4543360000000  0.5160110000000  0.4655200000000 1.0
C      1  0.5456640000000  0.5160110000000  0.5344800000000 1.0
C      1  0.4543360000000  0.4839890000000  0.5344800000000 1.0
C      1  0.4497550000000  0.4924060000000  0.5629100000000 1.0
C      1  0.4924060000000  0.5629100000000  0.4497550000000 1.0
C      1  0.5629100000000  0.4497550000000  0.4924060000000 1.0
C      1  0.5502450000000  0.5075940000000  0.5629100000000 1.0
C      1  0.4497550000000  0.5075940000000  0.4370900000000 1.0
C      1  0.5502450000000  0.4924060000000  0.4370900000000 1.0
C      1  0.5075940000000  0.4370900000000  0.4497550000000 1.0
C      1  0.4924060000000  0.4370900000000  0.5502450000000 1.0
C      1  0.5075940000000  0.5629100000000  0.5502450000000 1.0
C      1  0.4370900000000  0.5502450000000  0.4924060000000 1.0
C      1  0.5629100000000  0.5502450000000  0.5075940000000 1.0
C      1  0.4370900000000  0.4497550000000  0.5075940000000 1.0
C      1  0.4497550000000  0.4924060000000  0.4370900000000 1.0
C      1  0.4924060000000  0.5629100000000  0.5502450000000 1.0
C      1  0.5629100000000  0.4497550000000  0.5075940000000 1.0
C      1  0.5502450000000  0.5075940000000  0.4370900000000 1.0
C      1  0.4497550000000  0.5075940000000  0.5629100000000 1.0
C      1  0.5502450000000  0.4924060000000  0.5629100000000 1.0
C      1  0.5075940000000  0.4370900000000  0.5502450000000 1.0
C      1  0.4924060000000  0.4370900000000  0.4497550000000 1.0
C      1  0.5075940000000  0.5629100000000  0.4497550000000 1.0
C      1  0.4370900000000  0.5502450000000  0.5075940000000 1.0
C      1  0.5629100000000  0.5502450000000  0.4924060000000 1.0
C      1  0.4370900000000  0.4497550000000  0.4924060000000 1.0
C      1  0.4694890000000  0.4397650000000  0.5141630000000 1.0
C      1  0.4397650000000  0.5141630000000  0.4694890000000 1.0
C      1  0.5141630000000  0.4694890000000  0.4397650000000 1.0
C      1  0.5305110000000  0.5602350000000  0.5141630000000 1.0
C      1  0.4694890000000  0.5602350000000  0.4858370000000 1.0
C      1  0.5305110000000  0.4397650000000  0.4858370000000 1.0
C      1  0.5602350000000  0.4858370000000  0.4694890000000 1.0
C      1  0.4397650000000  0.4858370000000  0.5305110000000 1.0
C      1  0.5602350000000  0.5141630000000  0.5305110000000 1.0
C      1  0.4858370000000  0.5305110000000  0.4397650000000 1.0
C      1  0.5141630000000  0.5305110000000  0.5602350000000 1.0
C      1  0.4858370000000  0.4694890000000  0.5602350000000 1.0
C      1  0.4694890000000  0.4397650000000  0.4858370000000 1.0
C      1  0.4397650000000  0.5141630000000  0.5305110000000 1.0
C      1  0.5141630000000  0.4694890000000  0.5602350000000 1.0
C      1  0.5305110000000  0.5602350000000  0.4858370000000 1.0
C      1  0.4694890000000  0.5602350000000  0.5141630000000 1.0
C      1  0.5305110000000  0.4397650000000  0.5141630000000 1.0
C      1  0.5602350000000  0.4858370000000  0.5305110000000 1.0
C      1  0.4397650000000  0.4858370000000  0.4694890000000 1.0
C      1  0.5602350000000  0.5141630000000  0.4694890000000 1.0
C      1  0.4858370000000  0.5305110000000  0.5602350000000 1.0
C      1  0.5141630000000  0.5305110000000  0.4397650000000 1.0
C      1  0.4858370000000  0.4694890000000  0.4397650000000 1.0
END
