TITL C-1892079-7001-26 1.90501273444641e-06 1000000 -3053.5929106144 0 0 420 (Th) n - 1
REM
REM in /nfs/bkarasulu/CARBON/AIRSS/Generating-Clusters/GAP-ML-2020/Higher-Symm/Selected-Sizes/TryA-Only_Ih-Symm/Larger-Clusters
REM
REM
REM
REM
REM
REM ./C.cell (2cf5181f0f1d4d5b12b972d32ad12063)
REM
REM compiler GCC version 9.2.1 20190827 (Red Hat 9.2.1-1)
REM options -cpp -mtune=generic -march=x86-64 -g -O0 -fpre-include=/usr/include/finclude/math-vector-fortran.h
REM seed -207840452 965432977 -825998466 -513669909 1948706424 -964998661 -114567663 1392872075 -1523268277 -201724998 1186944870 -1725420491 1193216280 -1889328800 -1403010953 1226673155 -375200459 -1285394091 -1541203155 2063376591 -1996002730 26495919 58970359 -1639980070 1323100007 1744684793 -1636647133 -1233735547 74992465 -70299194 51474255 506203141 -1761824323
REM
CELL 1.54180  100.00000  100.00000  100.00000   90.00000   90.00000   90.00000
LATT -1
SFAC C  
C      1  0.4457610000000  0.4466320000000  0.4927730000000 1.0
C      1  0.4466320000000  0.4927730000000  0.4457610000000 1.0
C      1  0.4927730000000  0.4457610000000  0.4466320000000 1.0
C      1  0.5542390000000  0.5533680000000  0.4927730000000 1.0
C      1  0.4457610000000  0.5533680000000  0.5072270000000 1.0
C      1  0.5542390000000  0.4466320000000  0.5072270000000 1.0
C      1  0.5533680000000  0.5072270000000  0.4457610000000 1.0
C      1  0.4466320000000  0.5072270000000  0.5542390000000 1.0
C      1  0.5533680000000  0.4927730000000  0.5542390000000 1.0
C      1  0.5072270000000  0.5542390000000  0.4466320000000 1.0
C      1  0.4927730000000  0.5542390000000  0.5533680000000 1.0
C      1  0.5072270000000  0.4457610000000  0.5533680000000 1.0
C      1  0.4457610000000  0.4466320000000  0.5072270000000 1.0
C      1  0.4466320000000  0.4927730000000  0.5542390000000 1.0
C      1  0.4927730000000  0.4457610000000  0.5533680000000 1.0
C      1  0.5542390000000  0.5533680000000  0.5072270000000 1.0
C      1  0.4457610000000  0.5533680000000  0.4927730000000 1.0
C      1  0.5542390000000  0.4466320000000  0.4927730000000 1.0
C      1  0.5533680000000  0.5072270000000  0.5542390000000 1.0
C      1  0.4466320000000  0.5072270000000  0.4457610000000 1.0
C      1  0.5533680000000  0.4927730000000  0.4457610000000 1.0
C      1  0.5072270000000  0.5542390000000  0.5533680000000 1.0
C      1  0.4927730000000  0.5542390000000  0.4466320000000 1.0
C      1  0.5072270000000  0.4457610000000  0.4466320000000 1.0
C      1  0.5467980000000  0.4359210000000  0.5130190000000 1.0
C      1  0.4359210000000  0.5130190000000  0.5467980000000 1.0
C      1  0.5130190000000  0.5467980000000  0.4359210000000 1.0
C      1  0.4532020000000  0.5640790000000  0.5130190000000 1.0
C      1  0.5467980000000  0.5640790000000  0.4869810000000 1.0
C      1  0.4532020000000  0.4359210000000  0.4869810000000 1.0
C      1  0.5640790000000  0.4869810000000  0.5467980000000 1.0
C      1  0.4359210000000  0.4869810000000  0.4532020000000 1.0
C      1  0.5640790000000  0.5130190000000  0.4532020000000 1.0
C      1  0.4869810000000  0.4532020000000  0.4359210000000 1.0
C      1  0.5130190000000  0.4532020000000  0.5640790000000 1.0
C      1  0.4869810000000  0.5467980000000  0.5640790000000 1.0
C      1  0.5467980000000  0.4359210000000  0.4869810000000 1.0
C      1  0.4359210000000  0.5130190000000  0.4532020000000 1.0
C      1  0.5130190000000  0.5467980000000  0.5640790000000 1.0
C      1  0.4532020000000  0.5640790000000  0.4869810000000 1.0
C      1  0.5467980000000  0.5640790000000  0.5130190000000 1.0
C      1  0.4532020000000  0.4359210000000  0.5130190000000 1.0
C      1  0.5640790000000  0.4869810000000  0.4532020000000 1.0
C      1  0.4359210000000  0.4869810000000  0.5467980000000 1.0
C      1  0.5640790000000  0.5130190000000  0.5467980000000 1.0
C      1  0.4869810000000  0.4532020000000  0.5640790000000 1.0
C      1  0.5130190000000  0.4532020000000  0.4359210000000 1.0
C      1  0.4869810000000  0.5467980000000  0.4359210000000 1.0
C      1  0.4703290000000  0.4197870000000  0.5161960000000 1.0
C      1  0.4197870000000  0.5161960000000  0.4703290000000 1.0
C      1  0.5161960000000  0.4703290000000  0.4197870000000 1.0
C      1  0.5296710000000  0.5802130000000  0.5161960000000 1.0
C      1  0.4703290000000  0.5802130000000  0.4838040000000 1.0
C      1  0.5296710000000  0.4197870000000  0.4838040000000 1.0
C      1  0.5802130000000  0.4838040000000  0.4703290000000 1.0
C      1  0.4197870000000  0.4838040000000  0.5296710000000 1.0
C      1  0.5802130000000  0.5161960000000  0.5296710000000 1.0
C      1  0.4838040000000  0.5296710000000  0.4197870000000 1.0
C      1  0.5161960000000  0.5296710000000  0.5802130000000 1.0
C      1  0.4838040000000  0.4703290000000  0.5802130000000 1.0
C      1  0.4703290000000  0.4197870000000  0.4838040000000 1.0
C      1  0.4197870000000  0.5161960000000  0.5296710000000 1.0
C      1  0.5161960000000  0.4703290000000  0.5802130000000 1.0
C      1  0.5296710000000  0.5802130000000  0.4838040000000 1.0
C      1  0.4703290000000  0.5802130000000  0.5161960000000 1.0
C      1  0.5296710000000  0.4197870000000  0.5161960000000 1.0
C      1  0.5802130000000  0.4838040000000  0.5296710000000 1.0
C      1  0.4197870000000  0.4838040000000  0.4703290000000 1.0
C      1  0.5802130000000  0.5161960000000  0.4703290000000 1.0
C      1  0.4838040000000  0.5296710000000  0.5802130000000 1.0
C      1  0.5161960000000  0.5296710000000  0.4197870000000 1.0
C      1  0.4838040000000  0.4703290000000  0.4197870000000 1.0
C      1  0.4143850000000  0.5170750000000  0.4834670000000 1.0
C      1  0.5170750000000  0.4834670000000  0.4143850000000 1.0
C      1  0.4834670000000  0.4143850000000  0.5170750000000 1.0
C      1  0.5856150000000  0.4829250000000  0.4834670000000 1.0
C      1  0.4143850000000  0.4829250000000  0.5165330000000 1.0
C      1  0.5856150000000  0.5170750000000  0.5165330000000 1.0
C      1  0.4829250000000  0.5165330000000  0.4143850000000 1.0
C      1  0.5170750000000  0.5165330000000  0.5856150000000 1.0
C      1  0.4829250000000  0.4834670000000  0.5856150000000 1.0
C      1  0.5165330000000  0.5856150000000  0.5170750000000 1.0
C      1  0.4834670000000  0.5856150000000  0.4829250000000 1.0
C      1  0.5165330000000  0.4143850000000  0.4829250000000 1.0
C      1  0.4143850000000  0.5170750000000  0.5165330000000 1.0
C      1  0.5170750000000  0.4834670000000  0.5856150000000 1.0
C      1  0.4834670000000  0.4143850000000  0.4829250000000 1.0
C      1  0.5856150000000  0.4829250000000  0.5165330000000 1.0
C      1  0.4143850000000  0.4829250000000  0.4834670000000 1.0
C      1  0.5856150000000  0.5170750000000  0.4834670000000 1.0
C      1  0.4829250000000  0.5165330000000  0.5856150000000 1.0
C      1  0.5170750000000  0.5165330000000  0.4143850000000 1.0
C      1  0.4829250000000  0.4834670000000  0.4143850000000 1.0
C      1  0.5165330000000  0.5856150000000  0.4829250000000 1.0
C      1  0.4834670000000  0.5856150000000  0.5170750000000 1.0
C      1  0.5165330000000  0.4143850000000  0.5170750000000 1.0
C      1  0.4252500000000  0.5068410000000  0.5391050000000 1.0
C      1  0.5068410000000  0.5391050000000  0.4252500000000 1.0
C      1  0.5391050000000  0.4252500000000  0.5068410000000 1.0
C      1  0.5747500000000  0.4931590000000  0.5391050000000 1.0
C      1  0.4252500000000  0.4931590000000  0.4608950000000 1.0
C      1  0.5747500000000  0.5068410000000  0.4608950000000 1.0
C      1  0.4931590000000  0.4608950000000  0.4252500000000 1.0
C      1  0.5068410000000  0.4608950000000  0.5747500000000 1.0
C      1  0.4931590000000  0.5391050000000  0.5747500000000 1.0
C      1  0.4608950000000  0.5747500000000  0.5068410000000 1.0
C      1  0.5391050000000  0.5747500000000  0.4931590000000 1.0
C      1  0.4608950000000  0.4252500000000  0.4931590000000 1.0
C      1  0.4252500000000  0.5068410000000  0.4608950000000 1.0
C      1  0.5068410000000  0.5391050000000  0.5747500000000 1.0
C      1  0.5391050000000  0.4252500000000  0.4931590000000 1.0
C      1  0.5747500000000  0.4931590000000  0.4608950000000 1.0
C      1  0.4252500000000  0.4931590000000  0.5391050000000 1.0
C      1  0.5747500000000  0.5068410000000  0.5391050000000 1.0
C      1  0.4931590000000  0.4608950000000  0.5747500000000 1.0
C      1  0.5068410000000  0.4608950000000  0.4252500000000 1.0
C      1  0.4931590000000  0.5391050000000  0.4252500000000 1.0
C      1  0.4608950000000  0.5747500000000  0.4931590000000 1.0
C      1  0.5391050000000  0.5747500000000  0.5068410000000 1.0
C      1  0.4608950000000  0.4252500000000  0.5068410000000 1.0
C      1  0.4706350000000  0.5146440000000  0.5494280000000 1.0
C      1  0.5146440000000  0.5494280000000  0.4706350000000 1.0
C      1  0.5494280000000  0.4706350000000  0.5146440000000 1.0
C      1  0.5293650000000  0.4853560000000  0.5494280000000 1.0
C      1  0.4706350000000  0.4853560000000  0.4505720000000 1.0
C      1  0.5293650000000  0.5146440000000  0.4505720000000 1.0
C      1  0.4853560000000  0.4505720000000  0.4706350000000 1.0
C      1  0.5146440000000  0.4505720000000  0.5293650000000 1.0
C      1  0.4853560000000  0.5494280000000  0.5293650000000 1.0
C      1  0.4505720000000  0.5293650000000  0.5146440000000 1.0
C      1  0.5494280000000  0.5293650000000  0.4853560000000 1.0
C      1  0.4505720000000  0.4706350000000  0.4853560000000 1.0
C      1  0.4706350000000  0.5146440000000  0.4505720000000 1.0
C      1  0.5146440000000  0.5494280000000  0.5293650000000 1.0
C      1  0.5494280000000  0.4706350000000  0.4853560000000 1.0
C      1  0.5293650000000  0.4853560000000  0.4505720000000 1.0
C      1  0.4706350000000  0.4853560000000  0.5494280000000 1.0
C      1  0.5293650000000  0.5146440000000  0.5494280000000 1.0
C      1  0.4853560000000  0.4505720000000  0.5293650000000 1.0
C      1  0.5146440000000  0.4505720000000  0.4706350000000 1.0
C      1  0.4853560000000  0.5494280000000  0.4706350000000 1.0
C      1  0.4505720000000  0.5293650000000  0.4853560000000 1.0
C      1  0.5494280000000  0.5293650000000  0.5146440000000 1.0
C      1  0.4505720000000  0.4706350000000  0.5146440000000 1.0
C      1  0.4713450000000  0.4924570000000  0.4630500000000 1.0
C      1  0.4924570000000  0.4630500000000  0.4713450000000 1.0
C      1  0.4630500000000  0.4713450000000  0.4924570000000 1.0
C      1  0.5286550000000  0.5075430000000  0.4630500000000 1.0
C      1  0.4713450000000  0.5075430000000  0.5369500000000 1.0
C      1  0.5286550000000  0.4924570000000  0.5369500000000 1.0
C      1  0.5075430000000  0.5369500000000  0.4713450000000 1.0
C      1  0.4924570000000  0.5369500000000  0.5286550000000 1.0
C      1  0.5075430000000  0.4630500000000  0.5286550000000 1.0
C      1  0.5369500000000  0.5286550000000  0.4924570000000 1.0
C      1  0.4630500000000  0.5286550000000  0.5075430000000 1.0
C      1  0.5369500000000  0.4713450000000  0.5075430000000 1.0
C      1  0.4713450000000  0.4924570000000  0.5369500000000 1.0
C      1  0.4924570000000  0.4630500000000  0.5286550000000 1.0
C      1  0.4630500000000  0.4713450000000  0.5075430000000 1.0
C      1  0.5286550000000  0.5075430000000  0.5369500000000 1.0
C      1  0.4713450000000  0.5075430000000  0.4630500000000 1.0
C      1  0.5286550000000  0.4924570000000  0.4630500000000 1.0
C      1  0.5075430000000  0.5369500000000  0.5286550000000 1.0
C      1  0.4924570000000  0.5369500000000  0.4713450000000 1.0
C      1  0.5075430000000  0.4630500000000  0.4713450000000 1.0
C      1  0.5369500000000  0.5286550000000  0.5075430000000 1.0
C      1  0.4630500000000  0.5286550000000  0.4924570000000 1.0
C      1  0.5369500000000  0.4713450000000  0.4924570000000 1.0
C      1  0.5178540000000  0.5424220000000  0.4815890000000 1.0
C      1  0.5424220000000  0.4815890000000  0.5178540000000 1.0
C      1  0.4815890000000  0.5178540000000  0.5424220000000 1.0
C      1  0.4821460000000  0.4575780000000  0.4815890000000 1.0
C      1  0.5178540000000  0.4575780000000  0.5184110000000 1.0
C      1  0.4821460000000  0.5424220000000  0.5184110000000 1.0
C      1  0.4575780000000  0.5184110000000  0.5178540000000 1.0
C      1  0.5424220000000  0.5184110000000  0.4821460000000 1.0
C      1  0.4575780000000  0.4815890000000  0.4821460000000 1.0
C      1  0.5184110000000  0.4821460000000  0.5424220000000 1.0
C      1  0.4815890000000  0.4821460000000  0.4575780000000 1.0
C      1  0.5184110000000  0.5178540000000  0.4575780000000 1.0
C      1  0.5178540000000  0.5424220000000  0.5184110000000 1.0
C      1  0.5424220000000  0.4815890000000  0.4821460000000 1.0
C      1  0.4815890000000  0.5178540000000  0.4575780000000 1.0
C      1  0.4821460000000  0.4575780000000  0.5184110000000 1.0
C      1  0.5178540000000  0.4575780000000  0.4815890000000 1.0
C      1  0.4821460000000  0.5424220000000  0.4815890000000 1.0
C      1  0.4575780000000  0.5184110000000  0.4821460000000 1.0
C      1  0.5424220000000  0.5184110000000  0.5178540000000 1.0
C      1  0.4575780000000  0.4815890000000  0.5178540000000 1.0
C      1  0.5184110000000  0.4821460000000  0.4575780000000 1.0
C      1  0.4815890000000  0.4821460000000  0.5424220000000 1.0
C      1  0.5184110000000  0.5178540000000  0.5424220000000 1.0
C      1  0.5072930000000  0.4751750000000  0.4622680000000 1.0
C      1  0.4751750000000  0.4622680000000  0.5072930000000 1.0
C      1  0.4622680000000  0.5072930000000  0.4751750000000 1.0
C      1  0.4927070000000  0.5248250000000  0.4622680000000 1.0
C      1  0.5072930000000  0.5248250000000  0.5377320000000 1.0
C      1  0.4927070000000  0.4751750000000  0.5377320000000 1.0
C      1  0.5248250000000  0.5377320000000  0.5072930000000 1.0
C      1  0.4751750000000  0.5377320000000  0.4927070000000 1.0
C      1  0.5248250000000  0.4622680000000  0.4927070000000 1.0
C      1  0.5377320000000  0.4927070000000  0.4751750000000 1.0
C      1  0.4622680000000  0.4927070000000  0.5248250000000 1.0
C      1  0.5377320000000  0.5072930000000  0.5248250000000 1.0
C      1  0.5072930000000  0.4751750000000  0.5377320000000 1.0
C      1  0.4751750000000  0.4622680000000  0.4927070000000 1.0
C      1  0.4622680000000  0.5072930000000  0.5248250000000 1.0
C      1  0.4927070000000  0.5248250000000  0.5377320000000 1.0
C      1  0.5072930000000  0.5248250000000  0.4622680000000 1.0
C      1  0.4927070000000  0.4751750000000  0.4622680000000 1.0
C      1  0.5248250000000  0.5377320000000  0.4927070000000 1.0
C      1  0.4751750000000  0.5377320000000  0.5072930000000 1.0
C      1  0.5248250000000  0.4622680000000  0.5072930000000 1.0
C      1  0.5377320000000  0.4927070000000  0.5248250000000 1.0
C      1  0.4622680000000  0.4927070000000  0.4751750000000 1.0
C      1  0.5377320000000  0.5072930000000  0.4751750000000 1.0
C      1  0.5363280000000  0.4794240000000  0.5719190000000 1.0
C      1  0.4794240000000  0.5719190000000  0.5363280000000 1.0
C      1  0.5719190000000  0.5363280000000  0.4794240000000 1.0
C      1  0.4636720000000  0.5205760000000  0.5719190000000 1.0
C      1  0.5363280000000  0.5205760000000  0.4280810000000 1.0
C      1  0.4636720000000  0.4794240000000  0.4280810000000 1.0
C      1  0.5205760000000  0.4280810000000  0.5363280000000 1.0
C      1  0.4794240000000  0.4280810000000  0.4636720000000 1.0
C      1  0.5205760000000  0.5719190000000  0.4636720000000 1.0
C      1  0.4280810000000  0.4636720000000  0.4794240000000 1.0
C      1  0.5719190000000  0.4636720000000  0.5205760000000 1.0
C      1  0.4280810000000  0.5363280000000  0.5205760000000 1.0
C      1  0.5363280000000  0.4794240000000  0.4280810000000 1.0
C      1  0.4794240000000  0.5719190000000  0.4636720000000 1.0
C      1  0.5719190000000  0.5363280000000  0.5205760000000 1.0
C      1  0.4636720000000  0.5205760000000  0.4280810000000 1.0
C      1  0.5363280000000  0.5205760000000  0.5719190000000 1.0
C      1  0.4636720000000  0.4794240000000  0.5719190000000 1.0
C      1  0.5205760000000  0.4280810000000  0.4636720000000 1.0
C      1  0.4794240000000  0.4280810000000  0.5363280000000 1.0
C      1  0.5205760000000  0.5719190000000  0.5363280000000 1.0
C      1  0.4280810000000  0.4636720000000  0.5205760000000 1.0
C      1  0.5719190000000  0.4636720000000  0.4794240000000 1.0
C      1  0.4280810000000  0.5363280000000  0.4794240000000 1.0
C      1  0.4479820000000  0.4558570000000  0.4678200000000 1.0
C      1  0.4558570000000  0.4678200000000  0.4479820000000 1.0
C      1  0.4678200000000  0.4479820000000  0.4558570000000 1.0
C      1  0.5520180000000  0.5441430000000  0.4678200000000 1.0
C      1  0.4479820000000  0.5441430000000  0.5321800000000 1.0
C      1  0.5520180000000  0.4558570000000  0.5321800000000 1.0
C      1  0.5441430000000  0.5321800000000  0.4479820000000 1.0
C      1  0.4558570000000  0.5321800000000  0.5520180000000 1.0
C      1  0.5441430000000  0.4678200000000  0.5520180000000 1.0
C      1  0.5321800000000  0.5520180000000  0.4558570000000 1.0
C      1  0.4678200000000  0.5520180000000  0.5441430000000 1.0
C      1  0.5321800000000  0.4479820000000  0.5441430000000 1.0
C      1  0.4479820000000  0.4558570000000  0.5321800000000 1.0
C      1  0.4558570000000  0.4678200000000  0.5520180000000 1.0
C      1  0.4678200000000  0.4479820000000  0.5441430000000 1.0
C      1  0.5520180000000  0.5441430000000  0.5321800000000 1.0
C      1  0.4479820000000  0.5441430000000  0.4678200000000 1.0
C      1  0.5520180000000  0.4558570000000  0.4678200000000 1.0
C      1  0.5441430000000  0.5321800000000  0.5520180000000 1.0
C      1  0.4558570000000  0.5321800000000  0.4479820000000 1.0
C      1  0.5441430000000  0.4678200000000  0.4479820000000 1.0
C      1  0.5321800000000  0.5520180000000  0.5441430000000 1.0
C      1  0.4678200000000  0.5520180000000  0.4558570000000 1.0
C      1  0.5321800000000  0.4479820000000  0.4558570000000 1.0
C      1  0.4655350000000  0.5420900000000  0.5532420000000 1.0
C      1  0.5420900000000  0.5532420000000  0.4655350000000 1.0
C      1  0.5532420000000  0.4655350000000  0.5420900000000 1.0
C      1  0.5344650000000  0.4579100000000  0.5532420000000 1.0
C      1  0.4655350000000  0.4579100000000  0.4467580000000 1.0
C      1  0.5344650000000  0.5420900000000  0.4467580000000 1.0
C      1  0.4579100000000  0.4467580000000  0.4655350000000 1.0
C      1  0.5420900000000  0.4467580000000  0.5344650000000 1.0
C      1  0.4579100000000  0.5532420000000  0.5344650000000 1.0
C      1  0.4467580000000  0.5344650000000  0.5420900000000 1.0
C      1  0.5532420000000  0.5344650000000  0.4579100000000 1.0
C      1  0.4467580000000  0.4655350000000  0.4579100000000 1.0
C      1  0.4655350000000  0.5420900000000  0.4467580000000 1.0
C      1  0.5420900000000  0.5532420000000  0.5344650000000 1.0
C      1  0.5532420000000  0.4655350000000  0.4579100000000 1.0
C      1  0.5344650000000  0.4579100000000  0.4467580000000 1.0
C      1  0.4655350000000  0.4579100000000  0.5532420000000 1.0
C      1  0.5344650000000  0.5420900000000  0.5532420000000 1.0
C      1  0.4579100000000  0.4467580000000  0.5344650000000 1.0
C      1  0.5420900000000  0.4467580000000  0.4655350000000 1.0
C      1  0.4579100000000  0.5532420000000  0.4655350000000 1.0
C      1  0.4467580000000  0.5344650000000  0.4579100000000 1.0
C      1  0.5532420000000  0.5344650000000  0.5420900000000 1.0
C      1  0.4467580000000  0.4655350000000  0.5420900000000 1.0
C      1  0.4738240000000  0.4580370000000  0.4360510000000 1.0
C      1  0.4580370000000  0.4360510000000  0.4738240000000 1.0
C      1  0.4360510000000  0.4738240000000  0.4580370000000 1.0
C      1  0.5261760000000  0.5419630000000  0.4360510000000 1.0
C      1  0.4738240000000  0.5419630000000  0.5639490000000 1.0
C      1  0.5261760000000  0.4580370000000  0.5639490000000 1.0
C      1  0.5419630000000  0.5639490000000  0.4738240000000 1.0
C      1  0.4580370000000  0.5639490000000  0.5261760000000 1.0
C      1  0.5419630000000  0.4360510000000  0.5261760000000 1.0
C      1  0.5639490000000  0.5261760000000  0.4580370000000 1.0
C      1  0.4360510000000  0.5261760000000  0.5419630000000 1.0
C      1  0.5639490000000  0.4738240000000  0.5419630000000 1.0
C      1  0.4738240000000  0.4580370000000  0.5639490000000 1.0
C      1  0.4580370000000  0.4360510000000  0.5261760000000 1.0
C      1  0.4360510000000  0.4738240000000  0.5419630000000 1.0
C      1  0.5261760000000  0.5419630000000  0.5639490000000 1.0
C      1  0.4738240000000  0.5419630000000  0.4360510000000 1.0
C      1  0.5261760000000  0.4580370000000  0.4360510000000 1.0
C      1  0.5419630000000  0.5639490000000  0.5261760000000 1.0
C      1  0.4580370000000  0.5639490000000  0.4738240000000 1.0
C      1  0.5419630000000  0.4360510000000  0.4738240000000 1.0
C      1  0.5639490000000  0.5261760000000  0.5419630000000 1.0
C      1  0.4360510000000  0.5261760000000  0.4580370000000 1.0
C      1  0.5639490000000  0.4738240000000  0.4580370000000 1.0
C      1  0.5895040000000  0.5073990000000  0.5073510000000 1.0
C      1  0.5073990000000  0.5073510000000  0.5895040000000 1.0
C      1  0.5073510000000  0.5895040000000  0.5073990000000 1.0
C      1  0.4104960000000  0.4926010000000  0.5073510000000 1.0
C      1  0.5895040000000  0.4926010000000  0.4926490000000 1.0
C      1  0.4104960000000  0.5073990000000  0.4926490000000 1.0
C      1  0.4926010000000  0.4926490000000  0.5895040000000 1.0
C      1  0.5073990000000  0.4926490000000  0.4104960000000 1.0
C      1  0.4926010000000  0.5073510000000  0.4104960000000 1.0
C      1  0.4926490000000  0.4104960000000  0.5073990000000 1.0
C      1  0.5073510000000  0.4104960000000  0.4926010000000 1.0
C      1  0.4926490000000  0.5895040000000  0.4926010000000 1.0
C      1  0.5895040000000  0.5073990000000  0.4926490000000 1.0
C      1  0.5073990000000  0.5073510000000  0.4104960000000 1.0
C      1  0.5073510000000  0.5895040000000  0.4926010000000 1.0
C      1  0.4104960000000  0.4926010000000  0.4926490000000 1.0
C      1  0.5895040000000  0.4926010000000  0.5073510000000 1.0
C      1  0.4104960000000  0.5073990000000  0.5073510000000 1.0
C      1  0.4926010000000  0.4926490000000  0.4104960000000 1.0
C      1  0.5073990000000  0.4926490000000  0.5895040000000 1.0
C      1  0.4926010000000  0.5073510000000  0.5895040000000 1.0
C      1  0.4926490000000  0.4104960000000  0.4926010000000 1.0
C      1  0.5073510000000  0.4104960000000  0.5073990000000 1.0
C      1  0.4926490000000  0.5895040000000  0.5073990000000 1.0
C      1  0.4818930000000  0.4422970000000  0.5418610000000 1.0
C      1  0.4422970000000  0.5418610000000  0.4818930000000 1.0
C      1  0.5418610000000  0.4818930000000  0.4422970000000 1.0
C      1  0.5181070000000  0.5577030000000  0.5418610000000 1.0
C      1  0.4818930000000  0.5577030000000  0.4581390000000 1.0
C      1  0.5181070000000  0.4422970000000  0.4581390000000 1.0
C      1  0.5577030000000  0.4581390000000  0.4818930000000 1.0
C      1  0.4422970000000  0.4581390000000  0.5181070000000 1.0
C      1  0.5577030000000  0.5418610000000  0.5181070000000 1.0
C      1  0.4581390000000  0.5181070000000  0.4422970000000 1.0
C      1  0.5418610000000  0.5181070000000  0.5577030000000 1.0
C      1  0.4581390000000  0.4818930000000  0.5577030000000 1.0
C      1  0.4818930000000  0.4422970000000  0.4581390000000 1.0
C      1  0.4422970000000  0.5418610000000  0.5181070000000 1.0
C      1  0.5418610000000  0.4818930000000  0.5577030000000 1.0
C      1  0.5181070000000  0.5577030000000  0.4581390000000 1.0
C      1  0.4818930000000  0.5577030000000  0.5418610000000 1.0
C      1  0.5181070000000  0.4422970000000  0.5418610000000 1.0
C      1  0.5577030000000  0.4581390000000  0.5181070000000 1.0
C      1  0.4422970000000  0.4581390000000  0.4818930000000 1.0
C      1  0.5577030000000  0.5418610000000  0.4818930000000 1.0
C      1  0.4581390000000  0.5181070000000  0.5577030000000 1.0
C      1  0.5418610000000  0.5181070000000  0.4422970000000 1.0
C      1  0.4581390000000  0.4818930000000  0.4422970000000 1.0
C      1  0.5318730000000  0.4268260000000  0.5281970000000 1.0
C      1  0.4268260000000  0.5281970000000  0.5318730000000 1.0
C      1  0.5281970000000  0.5318730000000  0.4268260000000 1.0
C      1  0.4681270000000  0.5731740000000  0.5281970000000 1.0
C      1  0.5318730000000  0.5731740000000  0.4718030000000 1.0
C      1  0.4681270000000  0.4268260000000  0.4718030000000 1.0
C      1  0.5731740000000  0.4718030000000  0.5318730000000 1.0
C      1  0.4268260000000  0.4718030000000  0.4681270000000 1.0
C      1  0.5731740000000  0.5281970000000  0.4681270000000 1.0
C      1  0.4718030000000  0.4681270000000  0.4268260000000 1.0
C      1  0.5281970000000  0.4681270000000  0.5731740000000 1.0
C      1  0.4718030000000  0.5318730000000  0.5731740000000 1.0
C      1  0.5318730000000  0.4268260000000  0.4718030000000 1.0
C      1  0.4268260000000  0.5281970000000  0.4681270000000 1.0
C      1  0.5281970000000  0.5318730000000  0.5731740000000 1.0
C      1  0.4681270000000  0.5731740000000  0.4718030000000 1.0
C      1  0.5318730000000  0.5731740000000  0.5281970000000 1.0
C      1  0.4681270000000  0.4268260000000  0.5281970000000 1.0
C      1  0.5731740000000  0.4718030000000  0.4681270000000 1.0
C      1  0.4268260000000  0.4718030000000  0.5318730000000 1.0
C      1  0.5731740000000  0.5281970000000  0.5318730000000 1.0
C      1  0.4718030000000  0.4681270000000  0.5731740000000 1.0
C      1  0.5281970000000  0.4681270000000  0.4268260000000 1.0
C      1  0.4718030000000  0.5318730000000  0.4268260000000 1.0
C      1  0.4180340000000  0.5308910000000  0.5119490000000 1.0
C      1  0.5308910000000  0.5119490000000  0.4180340000000 1.0
C      1  0.5119490000000  0.4180340000000  0.5308910000000 1.0
C      1  0.5819660000000  0.4691090000000  0.5119490000000 1.0
C      1  0.4180340000000  0.4691090000000  0.4880510000000 1.0
C      1  0.5819660000000  0.5308910000000  0.4880510000000 1.0
C      1  0.4691090000000  0.4880510000000  0.4180340000000 1.0
C      1  0.5308910000000  0.4880510000000  0.5819660000000 1.0
C      1  0.4691090000000  0.5119490000000  0.5819660000000 1.0
C      1  0.4880510000000  0.5819660000000  0.5308910000000 1.0
C      1  0.5119490000000  0.5819660000000  0.4691090000000 1.0
C      1  0.4880510000000  0.4180340000000  0.4691090000000 1.0
C      1  0.4180340000000  0.5308910000000  0.4880510000000 1.0
C      1  0.5308910000000  0.5119490000000  0.5819660000000 1.0
C      1  0.5119490000000  0.4180340000000  0.4691090000000 1.0
C      1  0.5819660000000  0.4691090000000  0.4880510000000 1.0
C      1  0.4180340000000  0.4691090000000  0.5119490000000 1.0
C      1  0.5819660000000  0.5308910000000  0.5119490000000 1.0
C      1  0.4691090000000  0.4880510000000  0.5819660000000 1.0
C      1  0.5308910000000  0.4880510000000  0.4180340000000 1.0
C      1  0.4691090000000  0.5119490000000  0.4180340000000 1.0
C      1  0.4880510000000  0.5819660000000  0.4691090000000 1.0
C      1  0.5119490000000  0.5819660000000  0.5308910000000 1.0
C      1  0.4880510000000  0.4180340000000  0.5308910000000 1.0
C      1  0.5354180000000  0.5000000000000  0.4143390000000 1.0
C      1  0.5000000000000  0.4143390000000  0.5354180000000 1.0
C      1  0.4143390000000  0.5354180000000  0.5000000000000 1.0
C      1  0.4645820000000  0.5000000000000  0.5856610000000 1.0
C      1  0.5000000000000  0.5856610000000  0.5354180000000 1.0
C      1  0.5000000000000  0.5856610000000  0.4645820000000 1.0
C      1  0.5000000000000  0.4143390000000  0.4645820000000 1.0
C      1  0.5856610000000  0.4645820000000  0.5000000000000 1.0
C      1  0.4143390000000  0.4645820000000  0.5000000000000 1.0
C      1  0.5856610000000  0.5354180000000  0.5000000000000 1.0
C      1  0.4645820000000  0.5000000000000  0.4143390000000 1.0
C      1  0.5354180000000  0.5000000000000  0.5856610000000 1.0
END
