TITL C-1887018-2751-64 -6.66147132675797e-06 1000000 -4599.23076828463 0 0 660 (Th) n - 1
REM
REM in /nfs/bkarasulu/CARBON/AIRSS/Generating-Clusters/GAP-ML-2020/Higher-Symm/Selected-Sizes/TryA-Only_Ih-Symm/Larger-Clusters
REM
REM
REM
REM
REM
REM ./C.cell (2cf5181f0f1d4d5b12b972d32ad12063)
REM
REM compiler GCC version 9.2.1 20190827 (Red Hat 9.2.1-1)
REM options -cpp -mtune=generic -march=x86-64 -g -O0 -fpre-include=/usr/include/finclude/math-vector-fortran.h
REM seed -55574361 1547416940 1010674160 1243382610 -1093653413 1657047760 -1909226523 -691272337 1763741300 -28427499 -1205561447 1317741717 -307159351 1469979930 -1315967719 1695304043 -1758494470 -489015185 -514333649 413878305 1407808356 1070660782 -308737445 -754481190 236540880 1280303333 -519300189 -952946849 1449982061 1819804090 -1995515832 -769472807 1312228063
REM
CELL 1.54180  100.00000  100.00000  100.00000   90.00000   90.00000   90.00000
LATT -1
SFAC C  
C      1  0.5452510000000  0.4504020000000  0.5576040000000 1.0
C      1  0.4504020000000  0.5576040000000  0.5452510000000 1.0
C      1  0.5576040000000  0.5452510000000  0.4504020000000 1.0
C      1  0.4547490000000  0.5495980000000  0.5576040000000 1.0
C      1  0.5452510000000  0.5495980000000  0.4423960000000 1.0
C      1  0.4547490000000  0.4504020000000  0.4423960000000 1.0
C      1  0.5495980000000  0.4423960000000  0.5452510000000 1.0
C      1  0.4504020000000  0.4423960000000  0.4547490000000 1.0
C      1  0.5495980000000  0.5576040000000  0.4547490000000 1.0
C      1  0.4423960000000  0.4547490000000  0.4504020000000 1.0
C      1  0.5576040000000  0.4547490000000  0.5495980000000 1.0
C      1  0.4423960000000  0.5452510000000  0.5495980000000 1.0
C      1  0.5452510000000  0.4504020000000  0.4423960000000 1.0
C      1  0.4504020000000  0.5576040000000  0.4547490000000 1.0
C      1  0.5576040000000  0.5452510000000  0.5495980000000 1.0
C      1  0.4547490000000  0.5495980000000  0.4423960000000 1.0
C      1  0.5452510000000  0.5495980000000  0.5576040000000 1.0
C      1  0.4547490000000  0.4504020000000  0.5576040000000 1.0
C      1  0.5495980000000  0.4423960000000  0.4547490000000 1.0
C      1  0.4504020000000  0.4423960000000  0.5452510000000 1.0
C      1  0.5495980000000  0.5576040000000  0.5452510000000 1.0
C      1  0.4423960000000  0.4547490000000  0.5495980000000 1.0
C      1  0.5576040000000  0.4547490000000  0.4504020000000 1.0
C      1  0.4423960000000  0.5452510000000  0.4504020000000 1.0
C      1  0.4868980000000  0.4919170000000  0.5715110000000 1.0
C      1  0.4919170000000  0.5715110000000  0.4868980000000 1.0
C      1  0.5715110000000  0.4868980000000  0.4919170000000 1.0
C      1  0.5131020000000  0.5080830000000  0.5715110000000 1.0
C      1  0.4868980000000  0.5080830000000  0.4284890000000 1.0
C      1  0.5131020000000  0.4919170000000  0.4284890000000 1.0
C      1  0.5080830000000  0.4284890000000  0.4868980000000 1.0
C      1  0.4919170000000  0.4284890000000  0.5131020000000 1.0
C      1  0.5080830000000  0.5715110000000  0.5131020000000 1.0
C      1  0.4284890000000  0.5131020000000  0.4919170000000 1.0
C      1  0.5715110000000  0.5131020000000  0.5080830000000 1.0
C      1  0.4284890000000  0.4868980000000  0.5080830000000 1.0
C      1  0.4868980000000  0.4919170000000  0.4284890000000 1.0
C      1  0.4919170000000  0.5715110000000  0.5131020000000 1.0
C      1  0.5715110000000  0.4868980000000  0.5080830000000 1.0
C      1  0.5131020000000  0.5080830000000  0.4284890000000 1.0
C      1  0.4868980000000  0.5080830000000  0.5715110000000 1.0
C      1  0.5131020000000  0.4919170000000  0.5715110000000 1.0
C      1  0.5080830000000  0.4284890000000  0.5131020000000 1.0
C      1  0.4919170000000  0.4284890000000  0.4868980000000 1.0
C      1  0.5080830000000  0.5715110000000  0.4868980000000 1.0
C      1  0.4284890000000  0.5131020000000  0.5080830000000 1.0
C      1  0.5715110000000  0.5131020000000  0.4919170000000 1.0
C      1  0.4284890000000  0.4868980000000  0.4919170000000 1.0
C      1  0.4859380000000  0.4482210000000  0.5729400000000 1.0
C      1  0.4482210000000  0.5729400000000  0.4859380000000 1.0
C      1  0.5729400000000  0.4859380000000  0.4482210000000 1.0
C      1  0.5140620000000  0.5517790000000  0.5729400000000 1.0
C      1  0.4859380000000  0.5517790000000  0.4270600000000 1.0
C      1  0.5140620000000  0.4482210000000  0.4270600000000 1.0
C      1  0.5517790000000  0.4270600000000  0.4859380000000 1.0
C      1  0.4482210000000  0.4270600000000  0.5140620000000 1.0
C      1  0.5517790000000  0.5729400000000  0.5140620000000 1.0
C      1  0.4270600000000  0.5140620000000  0.4482210000000 1.0
C      1  0.5729400000000  0.5140620000000  0.5517790000000 1.0
C      1  0.4270600000000  0.4859380000000  0.5517790000000 1.0
C      1  0.4859380000000  0.4482210000000  0.4270600000000 1.0
C      1  0.4482210000000  0.5729400000000  0.5140620000000 1.0
C      1  0.5729400000000  0.4859380000000  0.5517790000000 1.0
C      1  0.5140620000000  0.5517790000000  0.4270600000000 1.0
C      1  0.4859380000000  0.5517790000000  0.5729400000000 1.0
C      1  0.5140620000000  0.4482210000000  0.5729400000000 1.0
C      1  0.5517790000000  0.4270600000000  0.5140620000000 1.0
C      1  0.4482210000000  0.4270600000000  0.4859380000000 1.0
C      1  0.5517790000000  0.5729400000000  0.4859380000000 1.0
C      1  0.4270600000000  0.5140620000000  0.5517790000000 1.0
C      1  0.5729400000000  0.5140620000000  0.4482210000000 1.0
C      1  0.4270600000000  0.4859380000000  0.4482210000000 1.0
C      1  0.5073750000000  0.5576390000000  0.5615460000000 1.0
C      1  0.5576390000000  0.5615460000000  0.5073750000000 1.0
C      1  0.5615460000000  0.5073750000000  0.5576390000000 1.0
C      1  0.4926250000000  0.4423610000000  0.5615460000000 1.0
C      1  0.5073750000000  0.4423610000000  0.4384540000000 1.0
C      1  0.4926250000000  0.5576390000000  0.4384540000000 1.0
C      1  0.4423610000000  0.4384540000000  0.5073750000000 1.0
C      1  0.5576390000000  0.4384540000000  0.4926250000000 1.0
C      1  0.4423610000000  0.5615460000000  0.4926250000000 1.0
C      1  0.4384540000000  0.4926250000000  0.5576390000000 1.0
C      1  0.5615460000000  0.4926250000000  0.4423610000000 1.0
C      1  0.4384540000000  0.5073750000000  0.4423610000000 1.0
C      1  0.5073750000000  0.5576390000000  0.4384540000000 1.0
C      1  0.5576390000000  0.5615460000000  0.4926250000000 1.0
C      1  0.5615460000000  0.5073750000000  0.4423610000000 1.0
C      1  0.4926250000000  0.4423610000000  0.4384540000000 1.0
C      1  0.5073750000000  0.4423610000000  0.5615460000000 1.0
C      1  0.4926250000000  0.5576390000000  0.5615460000000 1.0
C      1  0.4423610000000  0.4384540000000  0.4926250000000 1.0
C      1  0.5576390000000  0.4384540000000  0.5073750000000 1.0
C      1  0.4423610000000  0.5615460000000  0.5073750000000 1.0
C      1  0.4384540000000  0.4926250000000  0.4423610000000 1.0
C      1  0.5615460000000  0.4926250000000  0.5576390000000 1.0
C      1  0.4384540000000  0.5073750000000  0.5576390000000 1.0
C      1  0.5762100000000  0.5280170000000  0.5513550000000 1.0
C      1  0.5280170000000  0.5513550000000  0.5762100000000 1.0
C      1  0.5513550000000  0.5762100000000  0.5280170000000 1.0
C      1  0.4237900000000  0.4719830000000  0.5513550000000 1.0
C      1  0.5762100000000  0.4719830000000  0.4486450000000 1.0
C      1  0.4237900000000  0.5280170000000  0.4486450000000 1.0
C      1  0.4719830000000  0.4486450000000  0.5762100000000 1.0
C      1  0.5280170000000  0.4486450000000  0.4237900000000 1.0
C      1  0.4719830000000  0.5513550000000  0.4237900000000 1.0
C      1  0.4486450000000  0.4237900000000  0.5280170000000 1.0
C      1  0.5513550000000  0.4237900000000  0.4719830000000 1.0
C      1  0.4486450000000  0.5762100000000  0.4719830000000 1.0
C      1  0.5762100000000  0.5280170000000  0.4486450000000 1.0
C      1  0.5280170000000  0.5513550000000  0.4237900000000 1.0
C      1  0.5513550000000  0.5762100000000  0.4719830000000 1.0
C      1  0.4237900000000  0.4719830000000  0.4486450000000 1.0
C      1  0.5762100000000  0.4719830000000  0.5513550000000 1.0
C      1  0.4237900000000  0.5280170000000  0.5513550000000 1.0
C      1  0.4719830000000  0.4486450000000  0.4237900000000 1.0
C      1  0.5280170000000  0.4486450000000  0.5762100000000 1.0
C      1  0.4719830000000  0.5513550000000  0.5762100000000 1.0
C      1  0.4486450000000  0.4237900000000  0.4719830000000 1.0
C      1  0.5513550000000  0.4237900000000  0.5280170000000 1.0
C      1  0.4486450000000  0.5762100000000  0.5280170000000 1.0
C      1  0.4746230000000  0.5075300000000  0.4757870000000 1.0
C      1  0.5075300000000  0.4757870000000  0.4746230000000 1.0
C      1  0.4757870000000  0.4746230000000  0.5075300000000 1.0
C      1  0.5253770000000  0.4924700000000  0.4757870000000 1.0
C      1  0.4746230000000  0.4924700000000  0.5242130000000 1.0
C      1  0.5253770000000  0.5075300000000  0.5242130000000 1.0
C      1  0.4924700000000  0.5242130000000  0.4746230000000 1.0
C      1  0.5075300000000  0.5242130000000  0.5253770000000 1.0
C      1  0.4924700000000  0.4757870000000  0.5253770000000 1.0
C      1  0.5242130000000  0.5253770000000  0.5075300000000 1.0
C      1  0.4757870000000  0.5253770000000  0.4924700000000 1.0
C      1  0.5242130000000  0.4746230000000  0.4924700000000 1.0
C      1  0.4746230000000  0.5075300000000  0.5242130000000 1.0
C      1  0.5075300000000  0.4757870000000  0.5253770000000 1.0
C      1  0.4757870000000  0.4746230000000  0.4924700000000 1.0
C      1  0.5253770000000  0.4924700000000  0.5242130000000 1.0
C      1  0.4746230000000  0.4924700000000  0.4757870000000 1.0
C      1  0.5253770000000  0.5075300000000  0.4757870000000 1.0
C      1  0.4924700000000  0.5242130000000  0.5253770000000 1.0
C      1  0.5075300000000  0.5242130000000  0.4746230000000 1.0
C      1  0.4924700000000  0.4757870000000  0.4746230000000 1.0
C      1  0.5242130000000  0.5253770000000  0.4924700000000 1.0
C      1  0.4757870000000  0.5253770000000  0.5075300000000 1.0
C      1  0.5242130000000  0.4746230000000  0.5075300000000 1.0
C      1  0.5274660000000  0.4741400000000  0.4187390000000 1.0
C      1  0.4741400000000  0.4187390000000  0.5274660000000 1.0
C      1  0.4187390000000  0.5274660000000  0.4741400000000 1.0
C      1  0.4725340000000  0.5258600000000  0.4187390000000 1.0
C      1  0.5274660000000  0.5258600000000  0.5812610000000 1.0
C      1  0.4725340000000  0.4741400000000  0.5812610000000 1.0
C      1  0.5258600000000  0.5812610000000  0.5274660000000 1.0
C      1  0.4741400000000  0.5812610000000  0.4725340000000 1.0
C      1  0.5258600000000  0.4187390000000  0.4725340000000 1.0
C      1  0.5812610000000  0.4725340000000  0.4741400000000 1.0
C      1  0.4187390000000  0.4725340000000  0.5258600000000 1.0
C      1  0.5812610000000  0.5274660000000  0.5258600000000 1.0
C      1  0.5274660000000  0.4741400000000  0.5812610000000 1.0
C      1  0.4741400000000  0.4187390000000  0.4725340000000 1.0
C      1  0.4187390000000  0.5274660000000  0.5258600000000 1.0
C      1  0.4725340000000  0.5258600000000  0.5812610000000 1.0
C      1  0.5274660000000  0.5258600000000  0.4187390000000 1.0
C      1  0.4725340000000  0.4741400000000  0.4187390000000 1.0
C      1  0.5258600000000  0.5812610000000  0.4725340000000 1.0
C      1  0.4741400000000  0.5812610000000  0.5274660000000 1.0
C      1  0.5258600000000  0.4187390000000  0.5274660000000 1.0
C      1  0.5812610000000  0.4725340000000  0.5258600000000 1.0
C      1  0.4187390000000  0.4725340000000  0.4741400000000 1.0
C      1  0.5812610000000  0.5274660000000  0.4741400000000 1.0
C      1  0.5133690000000  0.5550650000000  0.5470180000000 1.0
C      1  0.5550650000000  0.5470180000000  0.5133690000000 1.0
C      1  0.5470180000000  0.5133690000000  0.5550650000000 1.0
C      1  0.4866310000000  0.4449350000000  0.5470180000000 1.0
C      1  0.5133690000000  0.4449350000000  0.4529820000000 1.0
C      1  0.4866310000000  0.5550650000000  0.4529820000000 1.0
C      1  0.4449350000000  0.4529820000000  0.5133690000000 1.0
C      1  0.5550650000000  0.4529820000000  0.4866310000000 1.0
C      1  0.4449350000000  0.5470180000000  0.4866310000000 1.0
C      1  0.4529820000000  0.4866310000000  0.5550650000000 1.0
C      1  0.5470180000000  0.4866310000000  0.4449350000000 1.0
C      1  0.4529820000000  0.5133690000000  0.4449350000000 1.0
C      1  0.5133690000000  0.5550650000000  0.4529820000000 1.0
C      1  0.5550650000000  0.5470180000000  0.4866310000000 1.0
C      1  0.5470180000000  0.5133690000000  0.4449350000000 1.0
C      1  0.4866310000000  0.4449350000000  0.4529820000000 1.0
C      1  0.5133690000000  0.4449350000000  0.5470180000000 1.0
C      1  0.4866310000000  0.5550650000000  0.5470180000000 1.0
C      1  0.4449350000000  0.4529820000000  0.4866310000000 1.0
C      1  0.5550650000000  0.4529820000000  0.5133690000000 1.0
C      1  0.4449350000000  0.5470180000000  0.5133690000000 1.0
C      1  0.4529820000000  0.4866310000000  0.4449350000000 1.0
C      1  0.5470180000000  0.4866310000000  0.5550650000000 1.0
C      1  0.4529820000000  0.5133690000000  0.5550650000000 1.0
C      1  0.4830420000000  0.5133680000000  0.4505440000000 1.0
C      1  0.5133680000000  0.4505440000000  0.4830420000000 1.0
C      1  0.4505440000000  0.4830420000000  0.5133680000000 1.0
C      1  0.5169580000000  0.4866320000000  0.4505440000000 1.0
C      1  0.4830420000000  0.4866320000000  0.5494560000000 1.0
C      1  0.5169580000000  0.5133680000000  0.5494560000000 1.0
C      1  0.4866320000000  0.5494560000000  0.4830420000000 1.0
C      1  0.5133680000000  0.5494560000000  0.5169580000000 1.0
C      1  0.4866320000000  0.4505440000000  0.5169580000000 1.0
C      1  0.5494560000000  0.5169580000000  0.5133680000000 1.0
C      1  0.4505440000000  0.5169580000000  0.4866320000000 1.0
C      1  0.5494560000000  0.4830420000000  0.4866320000000 1.0
C      1  0.4830420000000  0.5133680000000  0.5494560000000 1.0
C      1  0.5133680000000  0.4505440000000  0.5169580000000 1.0
C      1  0.4505440000000  0.4830420000000  0.4866320000000 1.0
C      1  0.5169580000000  0.4866320000000  0.5494560000000 1.0
C      1  0.4830420000000  0.4866320000000  0.4505440000000 1.0
C      1  0.5169580000000  0.5133680000000  0.4505440000000 1.0
C      1  0.4866320000000  0.5494560000000  0.5169580000000 1.0
C      1  0.5133680000000  0.5494560000000  0.4830420000000 1.0
C      1  0.4866320000000  0.4505440000000  0.4830420000000 1.0
C      1  0.5494560000000  0.5169580000000  0.4866320000000 1.0
C      1  0.4505440000000  0.5169580000000  0.5133680000000 1.0
C      1  0.5494560000000  0.4830420000000  0.5133680000000 1.0
C      1  0.5489360000000  0.5396730000000  0.4724160000000 1.0
C      1  0.5396730000000  0.4724160000000  0.5489360000000 1.0
C      1  0.4724160000000  0.5489360000000  0.5396730000000 1.0
C      1  0.4510640000000  0.4603270000000  0.4724160000000 1.0
C      1  0.5489360000000  0.4603270000000  0.5275840000000 1.0
C      1  0.4510640000000  0.5396730000000  0.5275840000000 1.0
C      1  0.4603270000000  0.5275840000000  0.5489360000000 1.0
C      1  0.5396730000000  0.5275840000000  0.4510640000000 1.0
C      1  0.4603270000000  0.4724160000000  0.4510640000000 1.0
C      1  0.5275840000000  0.4510640000000  0.5396730000000 1.0
C      1  0.4724160000000  0.4510640000000  0.4603270000000 1.0
C      1  0.5275840000000  0.5489360000000  0.4603270000000 1.0
C      1  0.5489360000000  0.5396730000000  0.5275840000000 1.0
C      1  0.5396730000000  0.4724160000000  0.4510640000000 1.0
C      1  0.4724160000000  0.5489360000000  0.4603270000000 1.0
C      1  0.4510640000000  0.4603270000000  0.5275840000000 1.0
C      1  0.5489360000000  0.4603270000000  0.4724160000000 1.0
C      1  0.4510640000000  0.5396730000000  0.4724160000000 1.0
C      1  0.4603270000000  0.5275840000000  0.4510640000000 1.0
C      1  0.5396730000000  0.5275840000000  0.5489360000000 1.0
C      1  0.4603270000000  0.4724160000000  0.5489360000000 1.0
C      1  0.5275840000000  0.4510640000000  0.4603270000000 1.0
C      1  0.4724160000000  0.4510640000000  0.5396730000000 1.0
C      1  0.5275840000000  0.5489360000000  0.5396730000000 1.0
C      1  0.4679000000000  0.5607690000000  0.4877000000000 1.0
C      1  0.5607690000000  0.4877000000000  0.4679000000000 1.0
C      1  0.4877000000000  0.4679000000000  0.5607690000000 1.0
C      1  0.5321000000000  0.4392310000000  0.4877000000000 1.0
C      1  0.4679000000000  0.4392310000000  0.5123000000000 1.0
C      1  0.5321000000000  0.5607690000000  0.5123000000000 1.0
C      1  0.4392310000000  0.5123000000000  0.4679000000000 1.0
C      1  0.5607690000000  0.5123000000000  0.5321000000000 1.0
C      1  0.4392310000000  0.4877000000000  0.5321000000000 1.0
C      1  0.5123000000000  0.5321000000000  0.5607690000000 1.0
C      1  0.4877000000000  0.5321000000000  0.4392310000000 1.0
C      1  0.5123000000000  0.4679000000000  0.4392310000000 1.0
C      1  0.4679000000000  0.5607690000000  0.5123000000000 1.0
C      1  0.5607690000000  0.4877000000000  0.5321000000000 1.0
C      1  0.4877000000000  0.4679000000000  0.4392310000000 1.0
C      1  0.5321000000000  0.4392310000000  0.5123000000000 1.0
C      1  0.4679000000000  0.4392310000000  0.4877000000000 1.0
C      1  0.5321000000000  0.5607690000000  0.4877000000000 1.0
C      1  0.4392310000000  0.5123000000000  0.5321000000000 1.0
C      1  0.5607690000000  0.5123000000000  0.4679000000000 1.0
C      1  0.4392310000000  0.4877000000000  0.4679000000000 1.0
C      1  0.5123000000000  0.5321000000000  0.4392310000000 1.0
C      1  0.4877000000000  0.5321000000000  0.5607690000000 1.0
C      1  0.5123000000000  0.4679000000000  0.5607690000000 1.0
C      1  0.5319880000000  0.4643450000000  0.5158090000000 1.0
C      1  0.4643450000000  0.5158090000000  0.5319880000000 1.0
C      1  0.5158090000000  0.5319880000000  0.4643450000000 1.0
C      1  0.4680120000000  0.5356550000000  0.5158090000000 1.0
C      1  0.5319880000000  0.5356550000000  0.4841910000000 1.0
C      1  0.4680120000000  0.4643450000000  0.4841910000000 1.0
C      1  0.5356550000000  0.4841910000000  0.5319880000000 1.0
C      1  0.4643450000000  0.4841910000000  0.4680120000000 1.0
C      1  0.5356550000000  0.5158090000000  0.4680120000000 1.0
C      1  0.4841910000000  0.4680120000000  0.4643450000000 1.0
C      1  0.5158090000000  0.4680120000000  0.5356550000000 1.0
C      1  0.4841910000000  0.5319880000000  0.5356550000000 1.0
C      1  0.5319880000000  0.4643450000000  0.4841910000000 1.0
C      1  0.4643450000000  0.5158090000000  0.4680120000000 1.0
C      1  0.5158090000000  0.5319880000000  0.5356550000000 1.0
C      1  0.4680120000000  0.5356550000000  0.4841910000000 1.0
C      1  0.5319880000000  0.5356550000000  0.5158090000000 1.0
C      1  0.4680120000000  0.4643450000000  0.5158090000000 1.0
C      1  0.5356550000000  0.4841910000000  0.4680120000000 1.0
C      1  0.4643450000000  0.4841910000000  0.5319880000000 1.0
C      1  0.5356550000000  0.5158090000000  0.5319880000000 1.0
C      1  0.4841910000000  0.4680120000000  0.5356550000000 1.0
C      1  0.5158090000000  0.4680120000000  0.4643450000000 1.0
C      1  0.4841910000000  0.5319880000000  0.4643450000000 1.0
C      1  0.4828260000000  0.4395030000000  0.5083530000000 1.0
C      1  0.4395030000000  0.5083530000000  0.4828260000000 1.0
C      1  0.5083530000000  0.4828260000000  0.4395030000000 1.0
C      1  0.5171740000000  0.5604970000000  0.5083530000000 1.0
C      1  0.4828260000000  0.5604970000000  0.4916470000000 1.0
C      1  0.5171740000000  0.4395030000000  0.4916470000000 1.0
C      1  0.5604970000000  0.4916470000000  0.4828260000000 1.0
C      1  0.4395030000000  0.4916470000000  0.5171740000000 1.0
C      1  0.5604970000000  0.5083530000000  0.5171740000000 1.0
C      1  0.4916470000000  0.5171740000000  0.4395030000000 1.0
C      1  0.5083530000000  0.5171740000000  0.5604970000000 1.0
C      1  0.4916470000000  0.4828260000000  0.5604970000000 1.0
C      1  0.4828260000000  0.4395030000000  0.4916470000000 1.0
C      1  0.4395030000000  0.5083530000000  0.5171740000000 1.0
C      1  0.5083530000000  0.4828260000000  0.5604970000000 1.0
C      1  0.5171740000000  0.5604970000000  0.4916470000000 1.0
C      1  0.4828260000000  0.5604970000000  0.5083530000000 1.0
C      1  0.5171740000000  0.4395030000000  0.5083530000000 1.0
C      1  0.5604970000000  0.4916470000000  0.5171740000000 1.0
C      1  0.4395030000000  0.4916470000000  0.4828260000000 1.0
C      1  0.5604970000000  0.5083530000000  0.4828260000000 1.0
C      1  0.4916470000000  0.5171740000000  0.5604970000000 1.0
C      1  0.5083530000000  0.5171740000000  0.4395030000000 1.0
C      1  0.4916470000000  0.4828260000000  0.4395030000000 1.0
C      1  0.4926490000000  0.4618700000000  0.5750580000000 1.0
C      1  0.4618700000000  0.5750580000000  0.4926490000000 1.0
C      1  0.5750580000000  0.4926490000000  0.4618700000000 1.0
C      1  0.5073510000000  0.5381300000000  0.5750580000000 1.0
C      1  0.4926490000000  0.5381300000000  0.4249420000000 1.0
C      1  0.5073510000000  0.4618700000000  0.4249420000000 1.0
C      1  0.5381300000000  0.4249420000000  0.4926490000000 1.0
C      1  0.4618700000000  0.4249420000000  0.5073510000000 1.0
C      1  0.5381300000000  0.5750580000000  0.5073510000000 1.0
C      1  0.4249420000000  0.5073510000000  0.4618700000000 1.0
C      1  0.5750580000000  0.5073510000000  0.5381300000000 1.0
C      1  0.4249420000000  0.4926490000000  0.5381300000000 1.0
C      1  0.4926490000000  0.4618700000000  0.4249420000000 1.0
C      1  0.4618700000000  0.5750580000000  0.5073510000000 1.0
C      1  0.5750580000000  0.4926490000000  0.5381300000000 1.0
C      1  0.5073510000000  0.5381300000000  0.4249420000000 1.0
C      1  0.4926490000000  0.5381300000000  0.5750580000000 1.0
C      1  0.5073510000000  0.4618700000000  0.5750580000000 1.0
C      1  0.5381300000000  0.4249420000000  0.5073510000000 1.0
C      1  0.4618700000000  0.4249420000000  0.4926490000000 1.0
C      1  0.5381300000000  0.5750580000000  0.4926490000000 1.0
C      1  0.4249420000000  0.5073510000000  0.5381300000000 1.0
C      1  0.5750580000000  0.5073510000000  0.4618700000000 1.0
C      1  0.4249420000000  0.4926490000000  0.4618700000000 1.0
C      1  0.5078090000000  0.4926850000000  0.5403650000000 1.0
C      1  0.4926850000000  0.5403650000000  0.5078090000000 1.0
C      1  0.5403650000000  0.5078090000000  0.4926850000000 1.0
C      1  0.4921910000000  0.5073150000000  0.5403650000000 1.0
C      1  0.5078090000000  0.5073150000000  0.4596350000000 1.0
C      1  0.4921910000000  0.4926850000000  0.4596350000000 1.0
C      1  0.5073150000000  0.4596350000000  0.5078090000000 1.0
C      1  0.4926850000000  0.4596350000000  0.4921910000000 1.0
C      1  0.5073150000000  0.5403650000000  0.4921910000000 1.0
C      1  0.4596350000000  0.4921910000000  0.4926850000000 1.0
C      1  0.5403650000000  0.4921910000000  0.5073150000000 1.0
C      1  0.4596350000000  0.5078090000000  0.5073150000000 1.0
C      1  0.5078090000000  0.4926850000000  0.4596350000000 1.0
C      1  0.4926850000000  0.5403650000000  0.4921910000000 1.0
C      1  0.5403650000000  0.5078090000000  0.5073150000000 1.0
C      1  0.4921910000000  0.5073150000000  0.4596350000000 1.0
C      1  0.5078090000000  0.5073150000000  0.5403650000000 1.0
C      1  0.4921910000000  0.4926850000000  0.5403650000000 1.0
C      1  0.5073150000000  0.4596350000000  0.4921910000000 1.0
C      1  0.4926850000000  0.4596350000000  0.5078090000000 1.0
C      1  0.5073150000000  0.5403650000000  0.5078090000000 1.0
C      1  0.4596350000000  0.4921910000000  0.5073150000000 1.0
C      1  0.5403650000000  0.4921910000000  0.4926850000000 1.0
C      1  0.4596350000000  0.5078090000000  0.4926850000000 1.0
C      1  0.5502310000000  0.4287460000000  0.4588980000000 1.0
C      1  0.4287460000000  0.4588980000000  0.5502310000000 1.0
C      1  0.4588980000000  0.5502310000000  0.4287460000000 1.0
C      1  0.4497690000000  0.5712540000000  0.4588980000000 1.0
C      1  0.5502310000000  0.5712540000000  0.5411020000000 1.0
C      1  0.4497690000000  0.4287460000000  0.5411020000000 1.0
C      1  0.5712540000000  0.5411020000000  0.5502310000000 1.0
C      1  0.4287460000000  0.5411020000000  0.4497690000000 1.0
C      1  0.5712540000000  0.4588980000000  0.4497690000000 1.0
C      1  0.5411020000000  0.4497690000000  0.4287460000000 1.0
C      1  0.4588980000000  0.4497690000000  0.5712540000000 1.0
C      1  0.5411020000000  0.5502310000000  0.5712540000000 1.0
C      1  0.5502310000000  0.4287460000000  0.5411020000000 1.0
C      1  0.4287460000000  0.4588980000000  0.4497690000000 1.0
C      1  0.4588980000000  0.5502310000000  0.5712540000000 1.0
C      1  0.4497690000000  0.5712540000000  0.5411020000000 1.0
C      1  0.5502310000000  0.5712540000000  0.4588980000000 1.0
C      1  0.4497690000000  0.4287460000000  0.4588980000000 1.0
C      1  0.5712540000000  0.5411020000000  0.4497690000000 1.0
C      1  0.4287460000000  0.5411020000000  0.5502310000000 1.0
C      1  0.5712540000000  0.4588980000000  0.5502310000000 1.0
C      1  0.5411020000000  0.4497690000000  0.5712540000000 1.0
C      1  0.4588980000000  0.4497690000000  0.4287460000000 1.0
C      1  0.5411020000000  0.5502310000000  0.4287460000000 1.0
C      1  0.4925030000000  0.4850420000000  0.5856680000000 1.0
C      1  0.4850420000000  0.5856680000000  0.4925030000000 1.0
C      1  0.5856680000000  0.4925030000000  0.4850420000000 1.0
C      1  0.5074970000000  0.5149580000000  0.5856680000000 1.0
C      1  0.4925030000000  0.5149580000000  0.4143320000000 1.0
C      1  0.5074970000000  0.4850420000000  0.4143320000000 1.0
C      1  0.5149580000000  0.4143320000000  0.4925030000000 1.0
C      1  0.4850420000000  0.4143320000000  0.5074970000000 1.0
C      1  0.5149580000000  0.5856680000000  0.5074970000000 1.0
C      1  0.4143320000000  0.5074970000000  0.4850420000000 1.0
C      1  0.5856680000000  0.5074970000000  0.5149580000000 1.0
C      1  0.4143320000000  0.4925030000000  0.5149580000000 1.0
C      1  0.4925030000000  0.4850420000000  0.4143320000000 1.0
C      1  0.4850420000000  0.5856680000000  0.5074970000000 1.0
C      1  0.5856680000000  0.4925030000000  0.5149580000000 1.0
C      1  0.5074970000000  0.5149580000000  0.4143320000000 1.0
C      1  0.4925030000000  0.5149580000000  0.5856680000000 1.0
C      1  0.5074970000000  0.4850420000000  0.5856680000000 1.0
C      1  0.5149580000000  0.4143320000000  0.5074970000000 1.0
C      1  0.4850420000000  0.4143320000000  0.4925030000000 1.0
C      1  0.5149580000000  0.5856680000000  0.4925030000000 1.0
C      1  0.4143320000000  0.5074970000000  0.5149580000000 1.0
C      1  0.5856680000000  0.5074970000000  0.4850420000000 1.0
C      1  0.4143320000000  0.4925030000000  0.4850420000000 1.0
C      1  0.4890500000000  0.4727240000000  0.5117460000000 1.0
C      1  0.4727240000000  0.5117460000000  0.4890500000000 1.0
C      1  0.5117460000000  0.4890500000000  0.4727240000000 1.0
C      1  0.5109500000000  0.5272760000000  0.5117460000000 1.0
C      1  0.4890500000000  0.5272760000000  0.4882540000000 1.0
C      1  0.5109500000000  0.4727240000000  0.4882540000000 1.0
C      1  0.5272760000000  0.4882540000000  0.4890500000000 1.0
C      1  0.4727240000000  0.4882540000000  0.5109500000000 1.0
C      1  0.5272760000000  0.5117460000000  0.5109500000000 1.0
C      1  0.4882540000000  0.5109500000000  0.4727240000000 1.0
C      1  0.5117460000000  0.5109500000000  0.5272760000000 1.0
C      1  0.4882540000000  0.4890500000000  0.5272760000000 1.0
C      1  0.4890500000000  0.4727240000000  0.4882540000000 1.0
C      1  0.4727240000000  0.5117460000000  0.5109500000000 1.0
C      1  0.5117460000000  0.4890500000000  0.5272760000000 1.0
C      1  0.5109500000000  0.5272760000000  0.4882540000000 1.0
C      1  0.4890500000000  0.5272760000000  0.5117460000000 1.0
C      1  0.5109500000000  0.4727240000000  0.5117460000000 1.0
C      1  0.5272760000000  0.4882540000000  0.5109500000000 1.0
C      1  0.4727240000000  0.4882540000000  0.4890500000000 1.0
C      1  0.5272760000000  0.5117460000000  0.4890500000000 1.0
C      1  0.4882540000000  0.5109500000000  0.5272760000000 1.0
C      1  0.5117460000000  0.5109500000000  0.4727240000000 1.0
C      1  0.4882540000000  0.4890500000000  0.4727240000000 1.0
C      1  0.4674060000000  0.5374490000000  0.5747880000000 1.0
C      1  0.5374490000000  0.5747880000000  0.4674060000000 1.0
C      1  0.5747880000000  0.4674060000000  0.5374490000000 1.0
C      1  0.5325940000000  0.4625510000000  0.5747880000000 1.0
C      1  0.4674060000000  0.4625510000000  0.4252120000000 1.0
C      1  0.5325940000000  0.5374490000000  0.4252120000000 1.0
C      1  0.4625510000000  0.4252120000000  0.4674060000000 1.0
C      1  0.5374490000000  0.4252120000000  0.5325940000000 1.0
C      1  0.4625510000000  0.5747880000000  0.5325940000000 1.0
C      1  0.4252120000000  0.5325940000000  0.5374490000000 1.0
C      1  0.5747880000000  0.5325940000000  0.4625510000000 1.0
C      1  0.4252120000000  0.4674060000000  0.4625510000000 1.0
C      1  0.4674060000000  0.5374490000000  0.4252120000000 1.0
C      1  0.5374490000000  0.5747880000000  0.5325940000000 1.0
C      1  0.5747880000000  0.4674060000000  0.4625510000000 1.0
C      1  0.5325940000000  0.4625510000000  0.4252120000000 1.0
C      1  0.4674060000000  0.4625510000000  0.5747880000000 1.0
C      1  0.5325940000000  0.5374490000000  0.5747880000000 1.0
C      1  0.4625510000000  0.4252120000000  0.5325940000000 1.0
C      1  0.5374490000000  0.4252120000000  0.4674060000000 1.0
C      1  0.4625510000000  0.5747880000000  0.4674060000000 1.0
C      1  0.4252120000000  0.5325940000000  0.4625510000000 1.0
C      1  0.5747880000000  0.5325940000000  0.5374490000000 1.0
C      1  0.4252120000000  0.4674060000000  0.5374490000000 1.0
C      1  0.5269940000000  0.5221960000000  0.5421100000000 1.0
C      1  0.5221960000000  0.5421100000000  0.5269940000000 1.0
C      1  0.5421100000000  0.5269940000000  0.5221960000000 1.0
C      1  0.4730060000000  0.4778040000000  0.5421100000000 1.0
C      1  0.5269940000000  0.4778040000000  0.4578900000000 1.0
C      1  0.4730060000000  0.5221960000000  0.4578900000000 1.0
C      1  0.4778040000000  0.4578900000000  0.5269940000000 1.0
C      1  0.5221960000000  0.4578900000000  0.4730060000000 1.0
C      1  0.4778040000000  0.5421100000000  0.4730060000000 1.0
C      1  0.4578900000000  0.4730060000000  0.5221960000000 1.0
C      1  0.5421100000000  0.4730060000000  0.4778040000000 1.0
C      1  0.4578900000000  0.5269940000000  0.4778040000000 1.0
C      1  0.5269940000000  0.5221960000000  0.4578900000000 1.0
C      1  0.5221960000000  0.5421100000000  0.4730060000000 1.0
C      1  0.5421100000000  0.5269940000000  0.4778040000000 1.0
C      1  0.4730060000000  0.4778040000000  0.4578900000000 1.0
C      1  0.5269940000000  0.4778040000000  0.5421100000000 1.0
C      1  0.4730060000000  0.5221960000000  0.5421100000000 1.0
C      1  0.4778040000000  0.4578900000000  0.4730060000000 1.0
C      1  0.5221960000000  0.4578900000000  0.5269940000000 1.0
C      1  0.4778040000000  0.5421100000000  0.5269940000000 1.0
C      1  0.4578900000000  0.4730060000000  0.4778040000000 1.0
C      1  0.5421100000000  0.4730060000000  0.5221960000000 1.0
C      1  0.4578900000000  0.5269940000000  0.5221960000000 1.0
C      1  0.5339980000000  0.5411290000000  0.4478650000000 1.0
C      1  0.5411290000000  0.4478650000000  0.5339980000000 1.0
C      1  0.4478650000000  0.5339980000000  0.5411290000000 1.0
C      1  0.4660020000000  0.4588710000000  0.4478650000000 1.0
C      1  0.5339980000000  0.4588710000000  0.5521350000000 1.0
C      1  0.4660020000000  0.5411290000000  0.5521350000000 1.0
C      1  0.4588710000000  0.5521350000000  0.5339980000000 1.0
C      1  0.5411290000000  0.5521350000000  0.4660020000000 1.0
C      1  0.4588710000000  0.4478650000000  0.4660020000000 1.0
C      1  0.5521350000000  0.4660020000000  0.5411290000000 1.0
C      1  0.4478650000000  0.4660020000000  0.4588710000000 1.0
C      1  0.5521350000000  0.5339980000000  0.4588710000000 1.0
C      1  0.5339980000000  0.5411290000000  0.5521350000000 1.0
C      1  0.5411290000000  0.4478650000000  0.4660020000000 1.0
C      1  0.4478650000000  0.5339980000000  0.4588710000000 1.0
C      1  0.4660020000000  0.4588710000000  0.5521350000000 1.0
C      1  0.5339980000000  0.4588710000000  0.4478650000000 1.0
C      1  0.4660020000000  0.5411290000000  0.4478650000000 1.0
C      1  0.4588710000000  0.5521350000000  0.4660020000000 1.0
C      1  0.5411290000000  0.5521350000000  0.5339980000000 1.0
C      1  0.4588710000000  0.4478650000000  0.5339980000000 1.0
C      1  0.5521350000000  0.4660020000000  0.4588710000000 1.0
C      1  0.4478650000000  0.4660020000000  0.5411290000000 1.0
C      1  0.5521350000000  0.5339980000000  0.5411290000000 1.0
C      1  0.5841510000000  0.5137210000000  0.4719680000000 1.0
C      1  0.5137210000000  0.4719680000000  0.5841510000000 1.0
C      1  0.4719680000000  0.5841510000000  0.5137210000000 1.0
C      1  0.4158490000000  0.4862790000000  0.4719680000000 1.0
C      1  0.5841510000000  0.4862790000000  0.5280320000000 1.0
C      1  0.4158490000000  0.5137210000000  0.5280320000000 1.0
C      1  0.4862790000000  0.5280320000000  0.5841510000000 1.0
C      1  0.5137210000000  0.5280320000000  0.4158490000000 1.0
C      1  0.4862790000000  0.4719680000000  0.4158490000000 1.0
C      1  0.5280320000000  0.4158490000000  0.5137210000000 1.0
C      1  0.4719680000000  0.4158490000000  0.4862790000000 1.0
C      1  0.5280320000000  0.5841510000000  0.4862790000000 1.0
C      1  0.5841510000000  0.5137210000000  0.5280320000000 1.0
C      1  0.5137210000000  0.4719680000000  0.4158490000000 1.0
C      1  0.4719680000000  0.5841510000000  0.4862790000000 1.0
C      1  0.4158490000000  0.4862790000000  0.5280320000000 1.0
C      1  0.5841510000000  0.4862790000000  0.4719680000000 1.0
C      1  0.4158490000000  0.5137210000000  0.4719680000000 1.0
C      1  0.4862790000000  0.5280320000000  0.4158490000000 1.0
C      1  0.5137210000000  0.5280320000000  0.5841510000000 1.0
C      1  0.4862790000000  0.4719680000000  0.5841510000000 1.0
C      1  0.5280320000000  0.4158490000000  0.4862790000000 1.0
C      1  0.4719680000000  0.4158490000000  0.5137210000000 1.0
C      1  0.5280320000000  0.5841510000000  0.5137210000000 1.0
C      1  0.4242940000000  0.4711060000000  0.5116430000000 1.0
C      1  0.4711060000000  0.5116430000000  0.4242940000000 1.0
C      1  0.5116430000000  0.4242940000000  0.4711060000000 1.0
C      1  0.5757060000000  0.5288940000000  0.5116430000000 1.0
C      1  0.4242940000000  0.5288940000000  0.4883570000000 1.0
C      1  0.5757060000000  0.4711060000000  0.4883570000000 1.0
C      1  0.5288940000000  0.4883570000000  0.4242940000000 1.0
C      1  0.4711060000000  0.4883570000000  0.5757060000000 1.0
C      1  0.5288940000000  0.5116430000000  0.5757060000000 1.0
C      1  0.4883570000000  0.5757060000000  0.4711060000000 1.0
C      1  0.5116430000000  0.5757060000000  0.5288940000000 1.0
C      1  0.4883570000000  0.4242940000000  0.5288940000000 1.0
C      1  0.4242940000000  0.4711060000000  0.4883570000000 1.0
C      1  0.4711060000000  0.5116430000000  0.5757060000000 1.0
C      1  0.5116430000000  0.4242940000000  0.5288940000000 1.0
C      1  0.5757060000000  0.5288940000000  0.4883570000000 1.0
C      1  0.4242940000000  0.5288940000000  0.5116430000000 1.0
C      1  0.5757060000000  0.4711060000000  0.5116430000000 1.0
C      1  0.5288940000000  0.4883570000000  0.5757060000000 1.0
C      1  0.4711060000000  0.4883570000000  0.4242940000000 1.0
C      1  0.5288940000000  0.5116430000000  0.4242940000000 1.0
C      1  0.4883570000000  0.5757060000000  0.5288940000000 1.0
C      1  0.5116430000000  0.5757060000000  0.4711060000000 1.0
C      1  0.4883570000000  0.4242940000000  0.4711060000000 1.0
C      1  0.4836080000000  0.4934620000000  0.4059620000000 1.0
C      1  0.4934620000000  0.4059620000000  0.4836080000000 1.0
C      1  0.4059620000000  0.4836080000000  0.4934620000000 1.0
C      1  0.5163920000000  0.5065380000000  0.4059620000000 1.0
C      1  0.4836080000000  0.5065380000000  0.5940380000000 1.0
C      1  0.5163920000000  0.4934620000000  0.5940380000000 1.0
C      1  0.5065380000000  0.5940380000000  0.4836080000000 1.0
C      1  0.4934620000000  0.5940380000000  0.5163920000000 1.0
C      1  0.5065380000000  0.4059620000000  0.5163920000000 1.0
C      1  0.5940380000000  0.5163920000000  0.4934620000000 1.0
C      1  0.4059620000000  0.5163920000000  0.5065380000000 1.0
C      1  0.5940380000000  0.4836080000000  0.5065380000000 1.0
C      1  0.4836080000000  0.4934620000000  0.5940380000000 1.0
C      1  0.4934620000000  0.4059620000000  0.5163920000000 1.0
C      1  0.4059620000000  0.4836080000000  0.5065380000000 1.0
C      1  0.5163920000000  0.5065380000000  0.5940380000000 1.0
C      1  0.4836080000000  0.5065380000000  0.4059620000000 1.0
C      1  0.5163920000000  0.4934620000000  0.4059620000000 1.0
C      1  0.5065380000000  0.5940380000000  0.5163920000000 1.0
C      1  0.4934620000000  0.5940380000000  0.4836080000000 1.0
C      1  0.5065380000000  0.4059620000000  0.4836080000000 1.0
C      1  0.5940380000000  0.5163920000000  0.5065380000000 1.0
C      1  0.4059620000000  0.5163920000000  0.4934620000000 1.0
C      1  0.5940380000000  0.4836080000000  0.4934620000000 1.0
C      1  0.5391150000000  0.5472120000000  0.5077160000000 1.0
C      1  0.5472120000000  0.5077160000000  0.5391150000000 1.0
C      1  0.5077160000000  0.5391150000000  0.5472120000000 1.0
C      1  0.4608850000000  0.4527880000000  0.5077160000000 1.0
C      1  0.5391150000000  0.4527880000000  0.4922840000000 1.0
C      1  0.4608850000000  0.5472120000000  0.4922840000000 1.0
C      1  0.4527880000000  0.4922840000000  0.5391150000000 1.0
C      1  0.5472120000000  0.4922840000000  0.4608850000000 1.0
C      1  0.4527880000000  0.5077160000000  0.4608850000000 1.0
C      1  0.4922840000000  0.4608850000000  0.5472120000000 1.0
C      1  0.5077160000000  0.4608850000000  0.4527880000000 1.0
C      1  0.4922840000000  0.5391150000000  0.4527880000000 1.0
C      1  0.5391150000000  0.5472120000000  0.4922840000000 1.0
C      1  0.5472120000000  0.5077160000000  0.4608850000000 1.0
C      1  0.5077160000000  0.5391150000000  0.4527880000000 1.0
C      1  0.4608850000000  0.4527880000000  0.4922840000000 1.0
C      1  0.5391150000000  0.4527880000000  0.5077160000000 1.0
C      1  0.4608850000000  0.5472120000000  0.5077160000000 1.0
C      1  0.4527880000000  0.4922840000000  0.4608850000000 1.0
C      1  0.5472120000000  0.4922840000000  0.5391150000000 1.0
C      1  0.4527880000000  0.5077160000000  0.5391150000000 1.0
C      1  0.4922840000000  0.4608850000000  0.4527880000000 1.0
C      1  0.5077160000000  0.4608850000000  0.5472120000000 1.0
C      1  0.4922840000000  0.5391150000000  0.5472120000000 1.0
C      1  0.5344310000000  0.4378910000000  0.4734870000000 1.0
C      1  0.4378910000000  0.4734870000000  0.5344310000000 1.0
C      1  0.4734870000000  0.5344310000000  0.4378910000000 1.0
C      1  0.4655690000000  0.5621090000000  0.4734870000000 1.0
C      1  0.5344310000000  0.5621090000000  0.5265130000000 1.0
C      1  0.4655690000000  0.4378910000000  0.5265130000000 1.0
C      1  0.5621090000000  0.5265130000000  0.5344310000000 1.0
C      1  0.4378910000000  0.5265130000000  0.4655690000000 1.0
C      1  0.5621090000000  0.4734870000000  0.4655690000000 1.0
C      1  0.5265130000000  0.4655690000000  0.4378910000000 1.0
