TITL C-1887014-576-44 1.76825329584058e-06 1000000 -2851.29691396692 0 0 420 (Th) n - 1
REM
REM in /nfs/bkarasulu/CARBON/AIRSS/Generating-Clusters/GAP-ML-2020/Higher-Symm/Selected-Sizes/TryA-Only_Ih-Symm/Larger-Clusters
REM
REM
REM
REM
REM
REM ./C.cell (2cf5181f0f1d4d5b12b972d32ad12063)
REM
REM compiler GCC version 9.2.1 20190827 (Red Hat 9.2.1-1)
REM options -cpp -mtune=generic -march=x86-64 -g -O0 -fpre-include=/usr/include/finclude/math-vector-fortran.h
REM seed 1341952808 1447939669 -2144813901 -1680191777 978202412 124787732 1525554677 912726645 1960244272 -1173827488 664123129 630915900 -1317595785 1506278229 251501599 -1910127275 140138222 601061920 -1434561845 -506053536 -892235921 -1788420382 -652636354 -1621417982 -217122014 -371064313 1001972627 614859991 -2022406099 -159770841 -2143515611 -1185656658 783631315
REM
CELL 1.54180  100.00000  100.00000  100.00000   90.00000   90.00000   90.00000
LATT -1
SFAC C  
C      1  0.4789600000000  0.5484850000000  0.4375230000000 1.0
C      1  0.5484850000000  0.4375230000000  0.4789600000000 1.0
C      1  0.4375230000000  0.4789600000000  0.5484850000000 1.0
C      1  0.5210400000000  0.4515150000000  0.4375230000000 1.0
C      1  0.4789600000000  0.4515150000000  0.5624770000000 1.0
C      1  0.5210400000000  0.5484850000000  0.5624770000000 1.0
C      1  0.4515150000000  0.5624770000000  0.4789600000000 1.0
C      1  0.5484850000000  0.5624770000000  0.5210400000000 1.0
C      1  0.4515150000000  0.4375230000000  0.5210400000000 1.0
C      1  0.5624770000000  0.5210400000000  0.5484850000000 1.0
C      1  0.4375230000000  0.5210400000000  0.4515150000000 1.0
C      1  0.5624770000000  0.4789600000000  0.4515150000000 1.0
C      1  0.4789600000000  0.5484850000000  0.5624770000000 1.0
C      1  0.5484850000000  0.4375230000000  0.5210400000000 1.0
C      1  0.4375230000000  0.4789600000000  0.4515150000000 1.0
C      1  0.5210400000000  0.4515150000000  0.5624770000000 1.0
C      1  0.4789600000000  0.4515150000000  0.4375230000000 1.0
C      1  0.5210400000000  0.5484850000000  0.4375230000000 1.0
C      1  0.4515150000000  0.5624770000000  0.5210400000000 1.0
C      1  0.5484850000000  0.5624770000000  0.4789600000000 1.0
C      1  0.4515150000000  0.4375230000000  0.4789600000000 1.0
C      1  0.5624770000000  0.5210400000000  0.4515150000000 1.0
C      1  0.4375230000000  0.5210400000000  0.5484850000000 1.0
C      1  0.5624770000000  0.4789600000000  0.5484850000000 1.0
C      1  0.5309820000000  0.4582460000000  0.4705030000000 1.0
C      1  0.4582460000000  0.4705030000000  0.5309820000000 1.0
C      1  0.4705030000000  0.5309820000000  0.4582460000000 1.0
C      1  0.4690180000000  0.5417540000000  0.4705030000000 1.0
C      1  0.5309820000000  0.5417540000000  0.5294970000000 1.0
C      1  0.4690180000000  0.4582460000000  0.5294970000000 1.0
C      1  0.5417540000000  0.5294970000000  0.5309820000000 1.0
C      1  0.4582460000000  0.5294970000000  0.4690180000000 1.0
C      1  0.5417540000000  0.4705030000000  0.4690180000000 1.0
C      1  0.5294970000000  0.4690180000000  0.4582460000000 1.0
C      1  0.4705030000000  0.4690180000000  0.5417540000000 1.0
C      1  0.5294970000000  0.5309820000000  0.5417540000000 1.0
C      1  0.5309820000000  0.4582460000000  0.5294970000000 1.0
C      1  0.4582460000000  0.4705030000000  0.4690180000000 1.0
C      1  0.4705030000000  0.5309820000000  0.5417540000000 1.0
C      1  0.4690180000000  0.5417540000000  0.5294970000000 1.0
C      1  0.5309820000000  0.5417540000000  0.4705030000000 1.0
C      1  0.4690180000000  0.4582460000000  0.4705030000000 1.0
C      1  0.5417540000000  0.5294970000000  0.4690180000000 1.0
C      1  0.4582460000000  0.5294970000000  0.5309820000000 1.0
C      1  0.5417540000000  0.4705030000000  0.5309820000000 1.0
C      1  0.5294970000000  0.4690180000000  0.5417540000000 1.0
C      1  0.4705030000000  0.4690180000000  0.4582460000000 1.0
C      1  0.5294970000000  0.5309820000000  0.4582460000000 1.0
C      1  0.5430160000000  0.5491070000000  0.4449770000000 1.0
C      1  0.5491070000000  0.4449770000000  0.5430160000000 1.0
C      1  0.4449770000000  0.5430160000000  0.5491070000000 1.0
C      1  0.4569840000000  0.4508930000000  0.4449770000000 1.0
C      1  0.5430160000000  0.4508930000000  0.5550230000000 1.0
C      1  0.4569840000000  0.5491070000000  0.5550230000000 1.0
C      1  0.4508930000000  0.5550230000000  0.5430160000000 1.0
C      1  0.5491070000000  0.5550230000000  0.4569840000000 1.0
C      1  0.4508930000000  0.4449770000000  0.4569840000000 1.0
C      1  0.5550230000000  0.4569840000000  0.5491070000000 1.0
C      1  0.4449770000000  0.4569840000000  0.4508930000000 1.0
C      1  0.5550230000000  0.5430160000000  0.4508930000000 1.0
C      1  0.5430160000000  0.5491070000000  0.5550230000000 1.0
C      1  0.5491070000000  0.4449770000000  0.4569840000000 1.0
C      1  0.4449770000000  0.5430160000000  0.4508930000000 1.0
C      1  0.4569840000000  0.4508930000000  0.5550230000000 1.0
C      1  0.5430160000000  0.4508930000000  0.4449770000000 1.0
C      1  0.4569840000000  0.5491070000000  0.4449770000000 1.0
C      1  0.4508930000000  0.5550230000000  0.4569840000000 1.0
C      1  0.5491070000000  0.5550230000000  0.5430160000000 1.0
C      1  0.4508930000000  0.4449770000000  0.5430160000000 1.0
C      1  0.5550230000000  0.4569840000000  0.4508930000000 1.0
C      1  0.4449770000000  0.4569840000000  0.5491070000000 1.0
C      1  0.5550230000000  0.5430160000000  0.5491070000000 1.0
C      1  0.4712610000000  0.5141500000000  0.5759410000000 1.0
C      1  0.5141500000000  0.5759410000000  0.4712610000000 1.0
C      1  0.5759410000000  0.4712610000000  0.5141500000000 1.0
C      1  0.5287390000000  0.4858500000000  0.5759410000000 1.0
C      1  0.4712610000000  0.4858500000000  0.4240590000000 1.0
C      1  0.5287390000000  0.5141500000000  0.4240590000000 1.0
C      1  0.4858500000000  0.4240590000000  0.4712610000000 1.0
C      1  0.5141500000000  0.4240590000000  0.5287390000000 1.0
C      1  0.4858500000000  0.5759410000000  0.5287390000000 1.0
C      1  0.4240590000000  0.5287390000000  0.5141500000000 1.0
C      1  0.5759410000000  0.5287390000000  0.4858500000000 1.0
C      1  0.4240590000000  0.4712610000000  0.4858500000000 1.0
C      1  0.4712610000000  0.5141500000000  0.4240590000000 1.0
C      1  0.5141500000000  0.5759410000000  0.5287390000000 1.0
C      1  0.5759410000000  0.4712610000000  0.4858500000000 1.0
C      1  0.5287390000000  0.4858500000000  0.4240590000000 1.0
C      1  0.4712610000000  0.4858500000000  0.5759410000000 1.0
C      1  0.5287390000000  0.5141500000000  0.5759410000000 1.0
C      1  0.4858500000000  0.4240590000000  0.5287390000000 1.0
C      1  0.5141500000000  0.4240590000000  0.4712610000000 1.0
C      1  0.4858500000000  0.5759410000000  0.4712610000000 1.0
C      1  0.4240590000000  0.5287390000000  0.4858500000000 1.0
C      1  0.5759410000000  0.5287390000000  0.5141500000000 1.0
C      1  0.4240590000000  0.4712610000000  0.5141500000000 1.0
C      1  0.4500910000000  0.5071870000000  0.5175840000000 1.0
C      1  0.5071870000000  0.5175840000000  0.4500910000000 1.0
C      1  0.5175840000000  0.4500910000000  0.5071870000000 1.0
C      1  0.5499090000000  0.4928130000000  0.5175840000000 1.0
C      1  0.4500910000000  0.4928130000000  0.4824160000000 1.0
C      1  0.5499090000000  0.5071870000000  0.4824160000000 1.0
C      1  0.4928130000000  0.4824160000000  0.4500910000000 1.0
C      1  0.5071870000000  0.4824160000000  0.5499090000000 1.0
C      1  0.4928130000000  0.5175840000000  0.5499090000000 1.0
C      1  0.4824160000000  0.5499090000000  0.5071870000000 1.0
C      1  0.5175840000000  0.5499090000000  0.4928130000000 1.0
C      1  0.4824160000000  0.4500910000000  0.4928130000000 1.0
C      1  0.4500910000000  0.5071870000000  0.4824160000000 1.0
C      1  0.5071870000000  0.5175840000000  0.5499090000000 1.0
C      1  0.5175840000000  0.4500910000000  0.4928130000000 1.0
C      1  0.5499090000000  0.4928130000000  0.4824160000000 1.0
C      1  0.4500910000000  0.4928130000000  0.5175840000000 1.0
C      1  0.5499090000000  0.5071870000000  0.5175840000000 1.0
C      1  0.4928130000000  0.4824160000000  0.5499090000000 1.0
C      1  0.5071870000000  0.4824160000000  0.4500910000000 1.0
C      1  0.4928130000000  0.5175840000000  0.4500910000000 1.0
C      1  0.4824160000000  0.5499090000000  0.4928130000000 1.0
C      1  0.5175840000000  0.5499090000000  0.5071870000000 1.0
C      1  0.4824160000000  0.4500910000000  0.5071870000000 1.0
C      1  0.4704790000000  0.4452660000000  0.4472490000000 1.0
C      1  0.4452660000000  0.4472490000000  0.4704790000000 1.0
C      1  0.4472490000000  0.4704790000000  0.4452660000000 1.0
C      1  0.5295210000000  0.5547340000000  0.4472490000000 1.0
C      1  0.4704790000000  0.5547340000000  0.5527510000000 1.0
C      1  0.5295210000000  0.4452660000000  0.5527510000000 1.0
C      1  0.5547340000000  0.5527510000000  0.4704790000000 1.0
C      1  0.4452660000000  0.5527510000000  0.5295210000000 1.0
C      1  0.5547340000000  0.4472490000000  0.5295210000000 1.0
C      1  0.5527510000000  0.5295210000000  0.4452660000000 1.0
C      1  0.4472490000000  0.5295210000000  0.5547340000000 1.0
C      1  0.5527510000000  0.4704790000000  0.5547340000000 1.0
C      1  0.4704790000000  0.4452660000000  0.5527510000000 1.0
C      1  0.4452660000000  0.4472490000000  0.5295210000000 1.0
C      1  0.4472490000000  0.4704790000000  0.5547340000000 1.0
C      1  0.5295210000000  0.5547340000000  0.5527510000000 1.0
C      1  0.4704790000000  0.5547340000000  0.4472490000000 1.0
C      1  0.5295210000000  0.4452660000000  0.4472490000000 1.0
C      1  0.5547340000000  0.5527510000000  0.5295210000000 1.0
C      1  0.4452660000000  0.5527510000000  0.4704790000000 1.0
C      1  0.5547340000000  0.4472490000000  0.4704790000000 1.0
C      1  0.5527510000000  0.5295210000000  0.5547340000000 1.0
C      1  0.4472490000000  0.5295210000000  0.4452660000000 1.0
C      1  0.5527510000000  0.4704790000000  0.4452660000000 1.0
C      1  0.4328230000000  0.5287200000000  0.5370640000000 1.0
C      1  0.5287200000000  0.5370640000000  0.4328230000000 1.0
C      1  0.5370640000000  0.4328230000000  0.5287200000000 1.0
C      1  0.5671770000000  0.4712800000000  0.5370640000000 1.0
C      1  0.4328230000000  0.4712800000000  0.4629360000000 1.0
C      1  0.5671770000000  0.5287200000000  0.4629360000000 1.0
C      1  0.4712800000000  0.4629360000000  0.4328230000000 1.0
C      1  0.5287200000000  0.4629360000000  0.5671770000000 1.0
C      1  0.4712800000000  0.5370640000000  0.5671770000000 1.0
C      1  0.4629360000000  0.5671770000000  0.5287200000000 1.0
C      1  0.5370640000000  0.5671770000000  0.4712800000000 1.0
C      1  0.4629360000000  0.4328230000000  0.4712800000000 1.0
C      1  0.4328230000000  0.5287200000000  0.4629360000000 1.0
C      1  0.5287200000000  0.5370640000000  0.5671770000000 1.0
C      1  0.5370640000000  0.4328230000000  0.4712800000000 1.0
C      1  0.5671770000000  0.4712800000000  0.4629360000000 1.0
C      1  0.4328230000000  0.4712800000000  0.5370640000000 1.0
C      1  0.5671770000000  0.5287200000000  0.5370640000000 1.0
C      1  0.4712800000000  0.4629360000000  0.5671770000000 1.0
C      1  0.5287200000000  0.4629360000000  0.4328230000000 1.0
C      1  0.4712800000000  0.5370640000000  0.4328230000000 1.0
C      1  0.4629360000000  0.5671770000000  0.4712800000000 1.0
C      1  0.5370640000000  0.5671770000000  0.5287200000000 1.0
C      1  0.4629360000000  0.4328230000000  0.5287200000000 1.0
C      1  0.4930110000000  0.4833580000000  0.5828890000000 1.0
C      1  0.4833580000000  0.5828890000000  0.4930110000000 1.0
C      1  0.5828890000000  0.4930110000000  0.4833580000000 1.0
C      1  0.5069890000000  0.5166420000000  0.5828890000000 1.0
C      1  0.4930110000000  0.5166420000000  0.4171110000000 1.0
C      1  0.5069890000000  0.4833580000000  0.4171110000000 1.0
C      1  0.5166420000000  0.4171110000000  0.4930110000000 1.0
C      1  0.4833580000000  0.4171110000000  0.5069890000000 1.0
C      1  0.5166420000000  0.5828890000000  0.5069890000000 1.0
C      1  0.4171110000000  0.5069890000000  0.4833580000000 1.0
C      1  0.5828890000000  0.5069890000000  0.5166420000000 1.0
C      1  0.4171110000000  0.4930110000000  0.5166420000000 1.0
C      1  0.4930110000000  0.4833580000000  0.4171110000000 1.0
C      1  0.4833580000000  0.5828890000000  0.5069890000000 1.0
C      1  0.5828890000000  0.4930110000000  0.5166420000000 1.0
C      1  0.5069890000000  0.5166420000000  0.4171110000000 1.0
C      1  0.4930110000000  0.5166420000000  0.5828890000000 1.0
C      1  0.5069890000000  0.4833580000000  0.5828890000000 1.0
C      1  0.5166420000000  0.4171110000000  0.5069890000000 1.0
C      1  0.4833580000000  0.4171110000000  0.4930110000000 1.0
C      1  0.5166420000000  0.5828890000000  0.4930110000000 1.0
C      1  0.4171110000000  0.5069890000000  0.5166420000000 1.0
C      1  0.5828890000000  0.5069890000000  0.4833580000000 1.0
C      1  0.4171110000000  0.4930110000000  0.4833580000000 1.0
C      1  0.5425130000000  0.5153300000000  0.5275920000000 1.0
C      1  0.5153300000000  0.5275920000000  0.5425130000000 1.0
C      1  0.5275920000000  0.5425130000000  0.5153300000000 1.0
C      1  0.4574870000000  0.4846700000000  0.5275920000000 1.0
C      1  0.5425130000000  0.4846700000000  0.4724080000000 1.0
C      1  0.4574870000000  0.5153300000000  0.4724080000000 1.0
C      1  0.4846700000000  0.4724080000000  0.5425130000000 1.0
C      1  0.5153300000000  0.4724080000000  0.4574870000000 1.0
C      1  0.4846700000000  0.5275920000000  0.4574870000000 1.0
C      1  0.4724080000000  0.4574870000000  0.5153300000000 1.0
C      1  0.5275920000000  0.4574870000000  0.4846700000000 1.0
C      1  0.4724080000000  0.5425130000000  0.4846700000000 1.0
C      1  0.5425130000000  0.5153300000000  0.4724080000000 1.0
C      1  0.5153300000000  0.5275920000000  0.4574870000000 1.0
C      1  0.5275920000000  0.5425130000000  0.4846700000000 1.0
C      1  0.4574870000000  0.4846700000000  0.4724080000000 1.0
C      1  0.5425130000000  0.4846700000000  0.5275920000000 1.0
C      1  0.4574870000000  0.5153300000000  0.5275920000000 1.0
C      1  0.4846700000000  0.4724080000000  0.4574870000000 1.0
C      1  0.5153300000000  0.4724080000000  0.5425130000000 1.0
C      1  0.4846700000000  0.5275920000000  0.5425130000000 1.0
C      1  0.4724080000000  0.4574870000000  0.4846700000000 1.0
C      1  0.5275920000000  0.4574870000000  0.5153300000000 1.0
C      1  0.4724080000000  0.5425130000000  0.5153300000000 1.0
C      1  0.4866690000000  0.4712180000000  0.5842900000000 1.0
C      1  0.4712180000000  0.5842900000000  0.4866690000000 1.0
C      1  0.5842900000000  0.4866690000000  0.4712180000000 1.0
C      1  0.5133310000000  0.5287820000000  0.5842900000000 1.0
C      1  0.4866690000000  0.5287820000000  0.4157100000000 1.0
C      1  0.5133310000000  0.4712180000000  0.4157100000000 1.0
C      1  0.5287820000000  0.4157100000000  0.4866690000000 1.0
C      1  0.4712180000000  0.4157100000000  0.5133310000000 1.0
C      1  0.5287820000000  0.5842900000000  0.5133310000000 1.0
C      1  0.4157100000000  0.5133310000000  0.4712180000000 1.0
C      1  0.5842900000000  0.5133310000000  0.5287820000000 1.0
C      1  0.4157100000000  0.4866690000000  0.5287820000000 1.0
C      1  0.4866690000000  0.4712180000000  0.4157100000000 1.0
C      1  0.4712180000000  0.5842900000000  0.5133310000000 1.0
C      1  0.5842900000000  0.4866690000000  0.5287820000000 1.0
C      1  0.5133310000000  0.5287820000000  0.4157100000000 1.0
C      1  0.4866690000000  0.5287820000000  0.5842900000000 1.0
C      1  0.5133310000000  0.4712180000000  0.5842900000000 1.0
C      1  0.5287820000000  0.4157100000000  0.5133310000000 1.0
C      1  0.4712180000000  0.4157100000000  0.4866690000000 1.0
C      1  0.5287820000000  0.5842900000000  0.4866690000000 1.0
C      1  0.4157100000000  0.5133310000000  0.5287820000000 1.0
C      1  0.5842900000000  0.5133310000000  0.4712180000000 1.0
C      1  0.4157100000000  0.4866690000000  0.4712180000000 1.0
C      1  0.5629350000000  0.5068410000000  0.4509400000000 1.0
C      1  0.5068410000000  0.4509400000000  0.5629350000000 1.0
C      1  0.4509400000000  0.5629350000000  0.5068410000000 1.0
C      1  0.4370650000000  0.4931590000000  0.4509400000000 1.0
C      1  0.5629350000000  0.4931590000000  0.5490600000000 1.0
C      1  0.4370650000000  0.5068410000000  0.5490600000000 1.0
C      1  0.4931590000000  0.5490600000000  0.5629350000000 1.0
C      1  0.5068410000000  0.5490600000000  0.4370650000000 1.0
C      1  0.4931590000000  0.4509400000000  0.4370650000000 1.0
C      1  0.5490600000000  0.4370650000000  0.5068410000000 1.0
C      1  0.4509400000000  0.4370650000000  0.4931590000000 1.0
C      1  0.5490600000000  0.5629350000000  0.4931590000000 1.0
C      1  0.5629350000000  0.5068410000000  0.5490600000000 1.0
C      1  0.5068410000000  0.4509400000000  0.4370650000000 1.0
C      1  0.4509400000000  0.5629350000000  0.4931590000000 1.0
C      1  0.4370650000000  0.4931590000000  0.5490600000000 1.0
C      1  0.5629350000000  0.4931590000000  0.4509400000000 1.0
C      1  0.4370650000000  0.5068410000000  0.4509400000000 1.0
C      1  0.4931590000000  0.5490600000000  0.4370650000000 1.0
C      1  0.5068410000000  0.5490600000000  0.5629350000000 1.0
C      1  0.4931590000000  0.4509400000000  0.5629350000000 1.0
C      1  0.5490600000000  0.4370650000000  0.4931590000000 1.0
C      1  0.4509400000000  0.4370650000000  0.5068410000000 1.0
C      1  0.5490600000000  0.5629350000000  0.5068410000000 1.0
C      1  0.5773220000000  0.5253340000000  0.4716540000000 1.0
C      1  0.5253340000000  0.4716540000000  0.5773220000000 1.0
C      1  0.4716540000000  0.5773220000000  0.5253340000000 1.0
C      1  0.4226780000000  0.4746660000000  0.4716540000000 1.0
C      1  0.5773220000000  0.4746660000000  0.5283460000000 1.0
C      1  0.4226780000000  0.5253340000000  0.5283460000000 1.0
C      1  0.4746660000000  0.5283460000000  0.5773220000000 1.0
C      1  0.5253340000000  0.5283460000000  0.4226780000000 1.0
C      1  0.4746660000000  0.4716540000000  0.4226780000000 1.0
C      1  0.5283460000000  0.4226780000000  0.5253340000000 1.0
C      1  0.4716540000000  0.4226780000000  0.4746660000000 1.0
C      1  0.5283460000000  0.5773220000000  0.4746660000000 1.0
C      1  0.5773220000000  0.5253340000000  0.5283460000000 1.0
C      1  0.5253340000000  0.4716540000000  0.4226780000000 1.0
C      1  0.4716540000000  0.5773220000000  0.4746660000000 1.0
C      1  0.4226780000000  0.4746660000000  0.5283460000000 1.0
C      1  0.5773220000000  0.4746660000000  0.4716540000000 1.0
C      1  0.4226780000000  0.5253340000000  0.4716540000000 1.0
C      1  0.4746660000000  0.5283460000000  0.4226780000000 1.0
C      1  0.5253340000000  0.5283460000000  0.5773220000000 1.0
C      1  0.4746660000000  0.4716540000000  0.5773220000000 1.0
C      1  0.5283460000000  0.4226780000000  0.4746660000000 1.0
C      1  0.4716540000000  0.4226780000000  0.5253340000000 1.0
C      1  0.5283460000000  0.5773220000000  0.5253340000000 1.0
C      1  0.4602610000000  0.4934970000000  0.4258390000000 1.0
C      1  0.4934970000000  0.4258390000000  0.4602610000000 1.0
C      1  0.4258390000000  0.4602610000000  0.4934970000000 1.0
C      1  0.5397390000000  0.5065030000000  0.4258390000000 1.0
C      1  0.4602610000000  0.5065030000000  0.5741610000000 1.0
C      1  0.5397390000000  0.4934970000000  0.5741610000000 1.0
C      1  0.5065030000000  0.5741610000000  0.4602610000000 1.0
C      1  0.4934970000000  0.5741610000000  0.5397390000000 1.0
C      1  0.5065030000000  0.4258390000000  0.5397390000000 1.0
C      1  0.5741610000000  0.5397390000000  0.4934970000000 1.0
C      1  0.4258390000000  0.5397390000000  0.5065030000000 1.0
C      1  0.5741610000000  0.4602610000000  0.5065030000000 1.0
C      1  0.4602610000000  0.4934970000000  0.5741610000000 1.0
C      1  0.4934970000000  0.4258390000000  0.5397390000000 1.0
C      1  0.4258390000000  0.4602610000000  0.5065030000000 1.0
C      1  0.5397390000000  0.5065030000000  0.5741610000000 1.0
C      1  0.4602610000000  0.5065030000000  0.4258390000000 1.0
C      1  0.5397390000000  0.4934970000000  0.4258390000000 1.0
C      1  0.5065030000000  0.5741610000000  0.5397390000000 1.0
C      1  0.4934970000000  0.5741610000000  0.4602610000000 1.0
C      1  0.5065030000000  0.4258390000000  0.4602610000000 1.0
C      1  0.5741610000000  0.5397390000000  0.5065030000000 1.0
C      1  0.4258390000000  0.5397390000000  0.4934970000000 1.0
C      1  0.5741610000000  0.4602610000000  0.4934970000000 1.0
C      1  0.5076310000000  0.4260730000000  0.5155810000000 1.0
C      1  0.4260730000000  0.5155810000000  0.5076310000000 1.0
C      1  0.5155810000000  0.5076310000000  0.4260730000000 1.0
C      1  0.4923690000000  0.5739270000000  0.5155810000000 1.0
C      1  0.5076310000000  0.5739270000000  0.4844190000000 1.0
C      1  0.4923690000000  0.4260730000000  0.4844190000000 1.0
C      1  0.5739270000000  0.4844190000000  0.5076310000000 1.0
C      1  0.4260730000000  0.4844190000000  0.4923690000000 1.0
C      1  0.5739270000000  0.5155810000000  0.4923690000000 1.0
C      1  0.4844190000000  0.4923690000000  0.4260730000000 1.0
C      1  0.5155810000000  0.4923690000000  0.5739270000000 1.0
C      1  0.4844190000000  0.5076310000000  0.5739270000000 1.0
C      1  0.5076310000000  0.4260730000000  0.4844190000000 1.0
C      1  0.4260730000000  0.5155810000000  0.4923690000000 1.0
C      1  0.5155810000000  0.5076310000000  0.5739270000000 1.0
C      1  0.4923690000000  0.5739270000000  0.4844190000000 1.0
C      1  0.5076310000000  0.5739270000000  0.5155810000000 1.0
C      1  0.4923690000000  0.4260730000000  0.5155810000000 1.0
C      1  0.5739270000000  0.4844190000000  0.4923690000000 1.0
C      1  0.4260730000000  0.4844190000000  0.5076310000000 1.0
C      1  0.5739270000000  0.5155810000000  0.5076310000000 1.0
C      1  0.4844190000000  0.4923690000000  0.5739270000000 1.0
C      1  0.5155810000000  0.4923690000000  0.4260730000000 1.0
C      1  0.4844190000000  0.5076310000000  0.4260730000000 1.0
C      1  0.4929530000000  0.5582570000000  0.5127060000000 1.0
C      1  0.5582570000000  0.5127060000000  0.4929530000000 1.0
C      1  0.5127060000000  0.4929530000000  0.5582570000000 1.0
C      1  0.5070470000000  0.4417430000000  0.5127060000000 1.0
C      1  0.4929530000000  0.4417430000000  0.4872940000000 1.0
C      1  0.5070470000000  0.5582570000000  0.4872940000000 1.0
C      1  0.4417430000000  0.4872940000000  0.4929530000000 1.0
C      1  0.5582570000000  0.4872940000000  0.5070470000000 1.0
C      1  0.4417430000000  0.5127060000000  0.5070470000000 1.0
C      1  0.4872940000000  0.5070470000000  0.5582570000000 1.0
C      1  0.5127060000000  0.5070470000000  0.4417430000000 1.0
C      1  0.4872940000000  0.4929530000000  0.4417430000000 1.0
C      1  0.4929530000000  0.5582570000000  0.4872940000000 1.0
C      1  0.5582570000000  0.5127060000000  0.5070470000000 1.0
C      1  0.5127060000000  0.4929530000000  0.4417430000000 1.0
C      1  0.5070470000000  0.4417430000000  0.4872940000000 1.0
C      1  0.4929530000000  0.4417430000000  0.5127060000000 1.0
C      1  0.5070470000000  0.5582570000000  0.5127060000000 1.0
C      1  0.4417430000000  0.4872940000000  0.5070470000000 1.0
C      1  0.5582570000000  0.4872940000000  0.4929530000000 1.0
C      1  0.4417430000000  0.5127060000000  0.4929530000000 1.0
C      1  0.4872940000000  0.5070470000000  0.4417430000000 1.0
C      1  0.5127060000000  0.5070470000000  0.5582570000000 1.0
C      1  0.4872940000000  0.4929530000000  0.5582570000000 1.0
C      1  0.5394830000000  0.4929100000000  0.4613470000000 1.0
C      1  0.4929100000000  0.4613470000000  0.5394830000000 1.0
C      1  0.4613470000000  0.5394830000000  0.4929100000000 1.0
C      1  0.4605170000000  0.5070900000000  0.4613470000000 1.0
C      1  0.5394830000000  0.5070900000000  0.5386530000000 1.0
C      1  0.4605170000000  0.4929100000000  0.5386530000000 1.0
C      1  0.5070900000000  0.5386530000000  0.5394830000000 1.0
C      1  0.4929100000000  0.5386530000000  0.4605170000000 1.0
C      1  0.5070900000000  0.4613470000000  0.4605170000000 1.0
C      1  0.5386530000000  0.4605170000000  0.4929100000000 1.0
C      1  0.4613470000000  0.4605170000000  0.5070900000000 1.0
C      1  0.5386530000000  0.5394830000000  0.5070900000000 1.0
C      1  0.5394830000000  0.4929100000000  0.5386530000000 1.0
C      1  0.4929100000000  0.4613470000000  0.4605170000000 1.0
C      1  0.4613470000000  0.5394830000000  0.5070900000000 1.0
C      1  0.4605170000000  0.5070900000000  0.5386530000000 1.0
C      1  0.5394830000000  0.5070900000000  0.4613470000000 1.0
C      1  0.4605170000000  0.4929100000000  0.4613470000000 1.0
C      1  0.5070900000000  0.5386530000000  0.4605170000000 1.0
C      1  0.4929100000000  0.5386530000000  0.5394830000000 1.0
C      1  0.5070900000000  0.4613470000000  0.5394830000000 1.0
C      1  0.5386530000000  0.4605170000000  0.5070900000000 1.0
C      1  0.4613470000000  0.4605170000000  0.4929100000000 1.0
C      1  0.5386530000000  0.5394830000000  0.4929100000000 1.0
C      1  0.5330940000000  0.4442120000000  0.4621800000000 1.0
C      1  0.4442120000000  0.4621800000000  0.5330940000000 1.0
C      1  0.4621800000000  0.5330940000000  0.4442120000000 1.0
C      1  0.4669060000000  0.5557880000000  0.4621800000000 1.0
C      1  0.5330940000000  0.5557880000000  0.5378200000000 1.0
C      1  0.4669060000000  0.4442120000000  0.5378200000000 1.0
C      1  0.5557880000000  0.5378200000000  0.5330940000000 1.0
C      1  0.4442120000000  0.5378200000000  0.4669060000000 1.0
C      1  0.5557880000000  0.4621800000000  0.4669060000000 1.0
C      1  0.5378200000000  0.4669060000000  0.4442120000000 1.0
C      1  0.4621800000000  0.4669060000000  0.5557880000000 1.0
C      1  0.5378200000000  0.5330940000000  0.5557880000000 1.0
C      1  0.5330940000000  0.4442120000000  0.5378200000000 1.0
C      1  0.4442120000000  0.4621800000000  0.4669060000000 1.0
C      1  0.4621800000000  0.5330940000000  0.5557880000000 1.0
C      1  0.4669060000000  0.5557880000000  0.5378200000000 1.0
C      1  0.5330940000000  0.5557880000000  0.4621800000000 1.0
C      1  0.4669060000000  0.4442120000000  0.4621800000000 1.0
C      1  0.5557880000000  0.5378200000000  0.4669060000000 1.0
C      1  0.4442120000000  0.5378200000000  0.5330940000000 1.0
C      1  0.5557880000000  0.4621800000000  0.5330940000000 1.0
C      1  0.5378200000000  0.4669060000000  0.5557880000000 1.0
C      1  0.4621800000000  0.4669060000000  0.4442120000000 1.0
C      1  0.5378200000000  0.5330940000000  0.4442120000000 1.0
C      1  0.4533510000000  0.5495480000000  0.5000000000000 1.0
C      1  0.5466490000000  0.4504520000000  0.5000000000000 1.0
C      1  0.4533510000000  0.4504520000000  0.5000000000000 1.0
C      1  0.5466490000000  0.5495480000000  0.5000000000000 1.0
C      1  0.5495480000000  0.5000000000000  0.4533510000000 1.0
C      1  0.5000000000000  0.4533510000000  0.5495480000000 1.0
C      1  0.4504520000000  0.5000000000000  0.5466490000000 1.0
C      1  0.5000000000000  0.5466490000000  0.5495480000000 1.0
C      1  0.5000000000000  0.5466490000000  0.4504520000000 1.0
C      1  0.5000000000000  0.4533510000000  0.4504520000000 1.0
C      1  0.4504520000000  0.5000000000000  0.4533510000000 1.0
C      1  0.5495480000000  0.5000000000000  0.5466490000000 1.0
END
