TITL C-1887020-2221-69 -1.2103102854322e-06 1000000 -4271.60079133778 0 0 600 (Th) n - 1
REM
REM in /nfs/bkarasulu/CARBON/AIRSS/Generating-Clusters/GAP-ML-2020/Higher-Symm/Selected-Sizes/TryA-Only_Ih-Symm/Larger-Clusters
REM
REM
REM
REM
REM
REM ./C.cell (2cf5181f0f1d4d5b12b972d32ad12063)
REM
REM compiler GCC version 9.2.1 20190827 (Red Hat 9.2.1-1)
REM options -cpp -mtune=generic -march=x86-64 -g -O0 -fpre-include=/usr/include/finclude/math-vector-fortran.h
REM seed 1331300081 -2103398945 -459276336 1816627163 1384342692 1638464639 -1368276468 480412904 -218268891 -1984669119 2084371879 84316985 -866844532 -1439434388 -683099969 -1265838404 -2064262174 -964816288 1520266345 642354432 2075522336 127910935 -1292401034 1240650956 -1084095365 -1052171424 -1622783774 19405909 38499518 -499911377 1817502441 404955658 982609534
REM
CELL 1.54180  100.00000  100.00000  100.00000   90.00000   90.00000   90.00000
LATT -1
SFAC C  
C      1  0.4853490000000  0.4686020000000  0.5283540000000 1.0
C      1  0.4686020000000  0.5283540000000  0.4853490000000 1.0
C      1  0.5283540000000  0.4853490000000  0.4686020000000 1.0
C      1  0.5146510000000  0.5313980000000  0.5283540000000 1.0
C      1  0.4853490000000  0.5313980000000  0.4716460000000 1.0
C      1  0.5146510000000  0.4686020000000  0.4716460000000 1.0
C      1  0.5313980000000  0.4716460000000  0.4853490000000 1.0
C      1  0.4686020000000  0.4716460000000  0.5146510000000 1.0
C      1  0.5313980000000  0.5283540000000  0.5146510000000 1.0
C      1  0.4716460000000  0.5146510000000  0.4686020000000 1.0
C      1  0.5283540000000  0.5146510000000  0.5313980000000 1.0
C      1  0.4716460000000  0.4853490000000  0.5313980000000 1.0
C      1  0.4853490000000  0.4686020000000  0.4716460000000 1.0
C      1  0.4686020000000  0.5283540000000  0.5146510000000 1.0
C      1  0.5283540000000  0.4853490000000  0.5313980000000 1.0
C      1  0.5146510000000  0.5313980000000  0.4716460000000 1.0
C      1  0.4853490000000  0.5313980000000  0.5283540000000 1.0
C      1  0.5146510000000  0.4686020000000  0.5283540000000 1.0
C      1  0.5313980000000  0.4716460000000  0.5146510000000 1.0
C      1  0.4686020000000  0.4716460000000  0.4853490000000 1.0
C      1  0.5313980000000  0.5283540000000  0.4853490000000 1.0
C      1  0.4716460000000  0.5146510000000  0.5313980000000 1.0
C      1  0.5283540000000  0.5146510000000  0.4686020000000 1.0
C      1  0.4716460000000  0.4853490000000  0.4686020000000 1.0
C      1  0.4711310000000  0.5069280000000  0.4435960000000 1.0
C      1  0.5069280000000  0.4435960000000  0.4711310000000 1.0
C      1  0.4435960000000  0.4711310000000  0.5069280000000 1.0
C      1  0.5288690000000  0.4930720000000  0.4435960000000 1.0
C      1  0.4711310000000  0.4930720000000  0.5564040000000 1.0
C      1  0.5288690000000  0.5069280000000  0.5564040000000 1.0
C      1  0.4930720000000  0.5564040000000  0.4711310000000 1.0
C      1  0.5069280000000  0.5564040000000  0.5288690000000 1.0
C      1  0.4930720000000  0.4435960000000  0.5288690000000 1.0
C      1  0.5564040000000  0.5288690000000  0.5069280000000 1.0
C      1  0.4435960000000  0.5288690000000  0.4930720000000 1.0
C      1  0.5564040000000  0.4711310000000  0.4930720000000 1.0
C      1  0.4711310000000  0.5069280000000  0.5564040000000 1.0
C      1  0.5069280000000  0.4435960000000  0.5288690000000 1.0
C      1  0.4435960000000  0.4711310000000  0.4930720000000 1.0
C      1  0.5288690000000  0.4930720000000  0.5564040000000 1.0
C      1  0.4711310000000  0.4930720000000  0.4435960000000 1.0
C      1  0.5288690000000  0.5069280000000  0.4435960000000 1.0
C      1  0.4930720000000  0.5564040000000  0.5288690000000 1.0
C      1  0.5069280000000  0.5564040000000  0.4711310000000 1.0
C      1  0.4930720000000  0.4435960000000  0.4711310000000 1.0
C      1  0.5564040000000  0.5288690000000  0.4930720000000 1.0
C      1  0.4435960000000  0.5288690000000  0.5069280000000 1.0
C      1  0.5564040000000  0.4711310000000  0.5069280000000 1.0
C      1  0.4564770000000  0.4922060000000  0.4915040000000 1.0
C      1  0.4922060000000  0.4915040000000  0.4564770000000 1.0
C      1  0.4915040000000  0.4564770000000  0.4922060000000 1.0
C      1  0.5435230000000  0.5077940000000  0.4915040000000 1.0
C      1  0.4564770000000  0.5077940000000  0.5084960000000 1.0
C      1  0.5435230000000  0.4922060000000  0.5084960000000 1.0
C      1  0.5077940000000  0.5084960000000  0.4564770000000 1.0
C      1  0.4922060000000  0.5084960000000  0.5435230000000 1.0
C      1  0.5077940000000  0.4915040000000  0.5435230000000 1.0
C      1  0.5084960000000  0.5435230000000  0.4922060000000 1.0
C      1  0.4915040000000  0.5435230000000  0.5077940000000 1.0
C      1  0.5084960000000  0.4564770000000  0.5077940000000 1.0
C      1  0.4564770000000  0.4922060000000  0.5084960000000 1.0
C      1  0.4922060000000  0.4915040000000  0.5435230000000 1.0
C      1  0.4915040000000  0.4564770000000  0.5077940000000 1.0
C      1  0.5435230000000  0.5077940000000  0.5084960000000 1.0
C      1  0.4564770000000  0.5077940000000  0.4915040000000 1.0
C      1  0.5435230000000  0.4922060000000  0.4915040000000 1.0
C      1  0.5077940000000  0.5084960000000  0.5435230000000 1.0
C      1  0.4922060000000  0.5084960000000  0.4564770000000 1.0
C      1  0.5077940000000  0.4915040000000  0.4564770000000 1.0
C      1  0.5084960000000  0.5435230000000  0.5077940000000 1.0
C      1  0.4915040000000  0.5435230000000  0.4922060000000 1.0
C      1  0.5084960000000  0.4564770000000  0.4922060000000 1.0
C      1  0.4201570000000  0.5072520000000  0.4736160000000 1.0
C      1  0.5072520000000  0.4736160000000  0.4201570000000 1.0
C      1  0.4736160000000  0.4201570000000  0.5072520000000 1.0
C      1  0.5798430000000  0.4927480000000  0.4736160000000 1.0
C      1  0.4201570000000  0.4927480000000  0.5263840000000 1.0
C      1  0.5798430000000  0.5072520000000  0.5263840000000 1.0
C      1  0.4927480000000  0.5263840000000  0.4201570000000 1.0
C      1  0.5072520000000  0.5263840000000  0.5798430000000 1.0
C      1  0.4927480000000  0.4736160000000  0.5798430000000 1.0
C      1  0.5263840000000  0.5798430000000  0.5072520000000 1.0
C      1  0.4736160000000  0.5798430000000  0.4927480000000 1.0
C      1  0.5263840000000  0.4201570000000  0.4927480000000 1.0
C      1  0.4201570000000  0.5072520000000  0.5263840000000 1.0
C      1  0.5072520000000  0.4736160000000  0.5798430000000 1.0
C      1  0.4736160000000  0.4201570000000  0.4927480000000 1.0
C      1  0.5798430000000  0.4927480000000  0.5263840000000 1.0
C      1  0.4201570000000  0.4927480000000  0.4736160000000 1.0
C      1  0.5798430000000  0.5072520000000  0.4736160000000 1.0
C      1  0.4927480000000  0.5263840000000  0.5798430000000 1.0
C      1  0.5072520000000  0.5263840000000  0.4201570000000 1.0
C      1  0.4927480000000  0.4736160000000  0.4201570000000 1.0
C      1  0.5263840000000  0.5798430000000  0.4927480000000 1.0
C      1  0.4736160000000  0.5798430000000  0.5072520000000 1.0
C      1  0.5263840000000  0.4201570000000  0.5072520000000 1.0
C      1  0.5716350000000  0.4840980000000  0.4640280000000 1.0
C      1  0.4840980000000  0.4640280000000  0.5716350000000 1.0
C      1  0.4640280000000  0.5716350000000  0.4840980000000 1.0
C      1  0.4283650000000  0.5159020000000  0.4640280000000 1.0
C      1  0.5716350000000  0.5159020000000  0.5359720000000 1.0
C      1  0.4283650000000  0.4840980000000  0.5359720000000 1.0
C      1  0.5159020000000  0.5359720000000  0.5716350000000 1.0
C      1  0.4840980000000  0.5359720000000  0.4283650000000 1.0
C      1  0.5159020000000  0.4640280000000  0.4283650000000 1.0
C      1  0.5359720000000  0.4283650000000  0.4840980000000 1.0
C      1  0.4640280000000  0.4283650000000  0.5159020000000 1.0
C      1  0.5359720000000  0.5716350000000  0.5159020000000 1.0
C      1  0.5716350000000  0.4840980000000  0.5359720000000 1.0
C      1  0.4840980000000  0.4640280000000  0.4283650000000 1.0
C      1  0.4640280000000  0.5716350000000  0.5159020000000 1.0
C      1  0.4283650000000  0.5159020000000  0.5359720000000 1.0
C      1  0.5716350000000  0.5159020000000  0.4640280000000 1.0
C      1  0.4283650000000  0.4840980000000  0.4640280000000 1.0
C      1  0.5159020000000  0.5359720000000  0.4283650000000 1.0
C      1  0.4840980000000  0.5359720000000  0.5716350000000 1.0
C      1  0.5159020000000  0.4640280000000  0.5716350000000 1.0
C      1  0.5359720000000  0.4283650000000  0.5159020000000 1.0
C      1  0.4640280000000  0.4283650000000  0.4840980000000 1.0
C      1  0.5359720000000  0.5716350000000  0.4840980000000 1.0
C      1  0.4867400000000  0.5807640000000  0.4872020000000 1.0
C      1  0.5807640000000  0.4872020000000  0.4867400000000 1.0
C      1  0.4872020000000  0.4867400000000  0.5807640000000 1.0
C      1  0.5132600000000  0.4192360000000  0.4872020000000 1.0
C      1  0.4867400000000  0.4192360000000  0.5127980000000 1.0
C      1  0.5132600000000  0.5807640000000  0.5127980000000 1.0
C      1  0.4192360000000  0.5127980000000  0.4867400000000 1.0
C      1  0.5807640000000  0.5127980000000  0.5132600000000 1.0
C      1  0.4192360000000  0.4872020000000  0.5132600000000 1.0
C      1  0.5127980000000  0.5132600000000  0.5807640000000 1.0
C      1  0.4872020000000  0.5132600000000  0.4192360000000 1.0
C      1  0.5127980000000  0.4867400000000  0.4192360000000 1.0
C      1  0.4867400000000  0.5807640000000  0.5127980000000 1.0
C      1  0.5807640000000  0.4872020000000  0.5132600000000 1.0
C      1  0.4872020000000  0.4867400000000  0.4192360000000 1.0
C      1  0.5132600000000  0.4192360000000  0.5127980000000 1.0
C      1  0.4867400000000  0.4192360000000  0.4872020000000 1.0
C      1  0.5132600000000  0.5807640000000  0.4872020000000 1.0
C      1  0.4192360000000  0.5127980000000  0.5132600000000 1.0
C      1  0.5807640000000  0.5127980000000  0.4867400000000 1.0
C      1  0.4192360000000  0.4872020000000  0.4867400000000 1.0
C      1  0.5127980000000  0.5132600000000  0.4192360000000 1.0
C      1  0.4872020000000  0.5132600000000  0.5807640000000 1.0
C      1  0.5127980000000  0.4867400000000  0.5807640000000 1.0
C      1  0.4737590000000  0.5745650000000  0.5394910000000 1.0
C      1  0.5745650000000  0.5394910000000  0.4737590000000 1.0
C      1  0.5394910000000  0.4737590000000  0.5745650000000 1.0
C      1  0.5262410000000  0.4254350000000  0.5394910000000 1.0
C      1  0.4737590000000  0.4254350000000  0.4605090000000 1.0
C      1  0.5262410000000  0.5745650000000  0.4605090000000 1.0
C      1  0.4254350000000  0.4605090000000  0.4737590000000 1.0
C      1  0.5745650000000  0.4605090000000  0.5262410000000 1.0
C      1  0.4254350000000  0.5394910000000  0.5262410000000 1.0
C      1  0.4605090000000  0.5262410000000  0.5745650000000 1.0
C      1  0.5394910000000  0.5262410000000  0.4254350000000 1.0
C      1  0.4605090000000  0.4737590000000  0.4254350000000 1.0
C      1  0.4737590000000  0.5745650000000  0.4605090000000 1.0
C      1  0.5745650000000  0.5394910000000  0.5262410000000 1.0
C      1  0.5394910000000  0.4737590000000  0.4254350000000 1.0
C      1  0.5262410000000  0.4254350000000  0.4605090000000 1.0
C      1  0.4737590000000  0.4254350000000  0.5394910000000 1.0
C      1  0.5262410000000  0.5745650000000  0.5394910000000 1.0
C      1  0.4254350000000  0.4605090000000  0.5262410000000 1.0
C      1  0.5745650000000  0.4605090000000  0.4737590000000 1.0
C      1  0.4254350000000  0.5394910000000  0.4737590000000 1.0
C      1  0.4605090000000  0.5262410000000  0.4254350000000 1.0
C      1  0.5394910000000  0.5262410000000  0.5745650000000 1.0
C      1  0.4605090000000  0.4737590000000  0.5745650000000 1.0
C      1  0.5136810000000  0.5165380000000  0.4680680000000 1.0
C      1  0.5165380000000  0.4680680000000  0.5136810000000 1.0
C      1  0.4680680000000  0.5136810000000  0.5165380000000 1.0
C      1  0.4863190000000  0.4834620000000  0.4680680000000 1.0
C      1  0.5136810000000  0.4834620000000  0.5319320000000 1.0
C      1  0.4863190000000  0.5165380000000  0.5319320000000 1.0
C      1  0.4834620000000  0.5319320000000  0.5136810000000 1.0
C      1  0.5165380000000  0.5319320000000  0.4863190000000 1.0
C      1  0.4834620000000  0.4680680000000  0.4863190000000 1.0
C      1  0.5319320000000  0.4863190000000  0.5165380000000 1.0
C      1  0.4680680000000  0.4863190000000  0.4834620000000 1.0
C      1  0.5319320000000  0.5136810000000  0.4834620000000 1.0
C      1  0.5136810000000  0.5165380000000  0.5319320000000 1.0
C      1  0.5165380000000  0.4680680000000  0.4863190000000 1.0
C      1  0.4680680000000  0.5136810000000  0.4834620000000 1.0
C      1  0.4863190000000  0.4834620000000  0.5319320000000 1.0
C      1  0.5136810000000  0.4834620000000  0.4680680000000 1.0
C      1  0.4863190000000  0.5165380000000  0.4680680000000 1.0
C      1  0.4834620000000  0.5319320000000  0.4863190000000 1.0
C      1  0.5165380000000  0.5319320000000  0.5136810000000 1.0
C      1  0.4834620000000  0.4680680000000  0.5136810000000 1.0
C      1  0.5319320000000  0.4863190000000  0.4834620000000 1.0
C      1  0.4680680000000  0.4863190000000  0.5165380000000 1.0
C      1  0.5319320000000  0.5136810000000  0.5165380000000 1.0
C      1  0.5066590000000  0.5407620000000  0.5493920000000 1.0
C      1  0.5407620000000  0.5493920000000  0.5066590000000 1.0
C      1  0.5493920000000  0.5066590000000  0.5407620000000 1.0
C      1  0.4933410000000  0.4592380000000  0.5493920000000 1.0
C      1  0.5066590000000  0.4592380000000  0.4506080000000 1.0
C      1  0.4933410000000  0.5407620000000  0.4506080000000 1.0
C      1  0.4592380000000  0.4506080000000  0.5066590000000 1.0
C      1  0.5407620000000  0.4506080000000  0.4933410000000 1.0
C      1  0.4592380000000  0.5493920000000  0.4933410000000 1.0
C      1  0.4506080000000  0.4933410000000  0.5407620000000 1.0
C      1  0.5493920000000  0.4933410000000  0.4592380000000 1.0
C      1  0.4506080000000  0.5066590000000  0.4592380000000 1.0
C      1  0.5066590000000  0.5407620000000  0.4506080000000 1.0
C      1  0.5407620000000  0.5493920000000  0.4933410000000 1.0
C      1  0.5493920000000  0.5066590000000  0.4592380000000 1.0
C      1  0.4933410000000  0.4592380000000  0.4506080000000 1.0
C      1  0.5066590000000  0.4592380000000  0.5493920000000 1.0
C      1  0.4933410000000  0.5407620000000  0.5493920000000 1.0
C      1  0.4592380000000  0.4506080000000  0.4933410000000 1.0
C      1  0.5407620000000  0.4506080000000  0.5066590000000 1.0
C      1  0.4592380000000  0.5493920000000  0.5066590000000 1.0
C      1  0.4506080000000  0.4933410000000  0.4592380000000 1.0
C      1  0.5493920000000  0.4933410000000  0.5407620000000 1.0
C      1  0.4506080000000  0.5066590000000  0.5407620000000 1.0
C      1  0.4309790000000  0.4924340000000  0.5614230000000 1.0
C      1  0.4924340000000  0.5614230000000  0.4309790000000 1.0
C      1  0.5614230000000  0.4309790000000  0.4924340000000 1.0
C      1  0.5690210000000  0.5075660000000  0.5614230000000 1.0
C      1  0.4309790000000  0.5075660000000  0.4385770000000 1.0
C      1  0.5690210000000  0.4924340000000  0.4385770000000 1.0
C      1  0.5075660000000  0.4385770000000  0.4309790000000 1.0
C      1  0.4924340000000  0.4385770000000  0.5690210000000 1.0
C      1  0.5075660000000  0.5614230000000  0.5690210000000 1.0
C      1  0.4385770000000  0.5690210000000  0.4924340000000 1.0
C      1  0.5614230000000  0.5690210000000  0.5075660000000 1.0
C      1  0.4385770000000  0.4309790000000  0.5075660000000 1.0
C      1  0.4309790000000  0.4924340000000  0.4385770000000 1.0
C      1  0.4924340000000  0.5614230000000  0.5690210000000 1.0
C      1  0.5614230000000  0.4309790000000  0.5075660000000 1.0
C      1  0.5690210000000  0.5075660000000  0.4385770000000 1.0
C      1  0.4309790000000  0.5075660000000  0.5614230000000 1.0
C      1  0.5690210000000  0.4924340000000  0.5614230000000 1.0
C      1  0.5075660000000  0.4385770000000  0.5690210000000 1.0
C      1  0.4924340000000  0.4385770000000  0.4309790000000 1.0
C      1  0.5075660000000  0.5614230000000  0.4309790000000 1.0
C      1  0.4385770000000  0.5690210000000  0.5075660000000 1.0
C      1  0.5614230000000  0.5690210000000  0.4924340000000 1.0
C      1  0.4385770000000  0.4309790000000  0.4924340000000 1.0
C      1  0.5744440000000  0.4928830000000  0.5476650000000 1.0
C      1  0.4928830000000  0.5476650000000  0.5744440000000 1.0
C      1  0.5476650000000  0.5744440000000  0.4928830000000 1.0
C      1  0.4255560000000  0.5071170000000  0.5476650000000 1.0
C      1  0.5744440000000  0.5071170000000  0.4523350000000 1.0
C      1  0.4255560000000  0.4928830000000  0.4523350000000 1.0
C      1  0.5071170000000  0.4523350000000  0.5744440000000 1.0
C      1  0.4928830000000  0.4523350000000  0.4255560000000 1.0
C      1  0.5071170000000  0.5476650000000  0.4255560000000 1.0
C      1  0.4523350000000  0.4255560000000  0.4928830000000 1.0
C      1  0.5476650000000  0.4255560000000  0.5071170000000 1.0
C      1  0.4523350000000  0.5744440000000  0.5071170000000 1.0
C      1  0.5744440000000  0.4928830000000  0.4523350000000 1.0
C      1  0.4928830000000  0.5476650000000  0.4255560000000 1.0
C      1  0.5476650000000  0.5744440000000  0.5071170000000 1.0
C      1  0.4255560000000  0.5071170000000  0.4523350000000 1.0
C      1  0.5744440000000  0.5071170000000  0.5476650000000 1.0
C      1  0.4255560000000  0.4928830000000  0.5476650000000 1.0
C      1  0.5071170000000  0.4523350000000  0.4255560000000 1.0
C      1  0.4928830000000  0.4523350000000  0.5744440000000 1.0
C      1  0.5071170000000  0.5476650000000  0.5744440000000 1.0
C      1  0.4523350000000  0.4255560000000  0.5071170000000 1.0
C      1  0.5476650000000  0.4255560000000  0.4928830000000 1.0
C      1  0.4523350000000  0.5744440000000  0.4928830000000 1.0
C      1  0.5478210000000  0.4716900000000  0.4658130000000 1.0
C      1  0.4716900000000  0.4658130000000  0.5478210000000 1.0
C      1  0.4658130000000  0.5478210000000  0.4716900000000 1.0
C      1  0.4521790000000  0.5283100000000  0.4658130000000 1.0
C      1  0.5478210000000  0.5283100000000  0.5341870000000 1.0
C      1  0.4521790000000  0.4716900000000  0.5341870000000 1.0
C      1  0.5283100000000  0.5341870000000  0.5478210000000 1.0
C      1  0.4716900000000  0.5341870000000  0.4521790000000 1.0
C      1  0.5283100000000  0.4658130000000  0.4521790000000 1.0
C      1  0.5341870000000  0.4521790000000  0.4716900000000 1.0
C      1  0.4658130000000  0.4521790000000  0.5283100000000 1.0
C      1  0.5341870000000  0.5478210000000  0.5283100000000 1.0
C      1  0.5478210000000  0.4716900000000  0.5341870000000 1.0
C      1  0.4716900000000  0.4658130000000  0.4521790000000 1.0
C      1  0.4658130000000  0.5478210000000  0.5283100000000 1.0
C      1  0.4521790000000  0.5283100000000  0.5341870000000 1.0
C      1  0.5478210000000  0.5283100000000  0.4658130000000 1.0
C      1  0.4521790000000  0.4716900000000  0.4658130000000 1.0
C      1  0.5283100000000  0.5341870000000  0.4521790000000 1.0
C      1  0.4716900000000  0.5341870000000  0.5478210000000 1.0
C      1  0.5283100000000  0.4658130000000  0.5478210000000 1.0
C      1  0.5341870000000  0.4521790000000  0.5283100000000 1.0
C      1  0.4658130000000  0.4521790000000  0.4716900000000 1.0
C      1  0.5341870000000  0.5478210000000  0.4716900000000 1.0
C      1  0.4747390000000  0.4926130000000  0.4146670000000 1.0
C      1  0.4926130000000  0.4146670000000  0.4747390000000 1.0
C      1  0.4146670000000  0.4747390000000  0.4926130000000 1.0
C      1  0.5252610000000  0.5073870000000  0.4146670000000 1.0
C      1  0.4747390000000  0.5073870000000  0.5853330000000 1.0
C      1  0.5252610000000  0.4926130000000  0.5853330000000 1.0
C      1  0.5073870000000  0.5853330000000  0.4747390000000 1.0
C      1  0.4926130000000  0.5853330000000  0.5252610000000 1.0
C      1  0.5073870000000  0.4146670000000  0.5252610000000 1.0
C      1  0.5853330000000  0.5252610000000  0.4926130000000 1.0
C      1  0.4146670000000  0.5252610000000  0.5073870000000 1.0
C      1  0.5853330000000  0.4747390000000  0.5073870000000 1.0
C      1  0.4747390000000  0.4926130000000  0.5853330000000 1.0
C      1  0.4926130000000  0.4146670000000  0.5252610000000 1.0
C      1  0.4146670000000  0.4747390000000  0.5073870000000 1.0
C      1  0.5252610000000  0.5073870000000  0.5853330000000 1.0
C      1  0.4747390000000  0.5073870000000  0.4146670000000 1.0
C      1  0.5252610000000  0.4926130000000  0.4146670000000 1.0
C      1  0.5073870000000  0.5853330000000  0.5252610000000 1.0
C      1  0.4926130000000  0.5853330000000  0.4747390000000 1.0
C      1  0.5073870000000  0.4146670000000  0.4747390000000 1.0
C      1  0.5853330000000  0.5252610000000  0.5073870000000 1.0
C      1  0.4146670000000  0.5252610000000  0.4926130000000 1.0
C      1  0.5853330000000  0.4747390000000  0.4926130000000 1.0
C      1  0.4922760000000  0.4922730000000  0.5681130000000 1.0
C      1  0.4922730000000  0.5681130000000  0.4922760000000 1.0
C      1  0.5681130000000  0.4922760000000  0.4922730000000 1.0
C      1  0.5077240000000  0.5077270000000  0.5681130000000 1.0
C      1  0.4922760000000  0.5077270000000  0.4318870000000 1.0
C      1  0.5077240000000  0.4922730000000  0.4318870000000 1.0
C      1  0.5077270000000  0.4318870000000  0.4922760000000 1.0
C      1  0.4922730000000  0.4318870000000  0.5077240000000 1.0
C      1  0.5077270000000  0.5681130000000  0.5077240000000 1.0
C      1  0.4318870000000  0.5077240000000  0.4922730000000 1.0
C      1  0.5681130000000  0.5077240000000  0.5077270000000 1.0
C      1  0.4318870000000  0.4922760000000  0.5077270000000 1.0
C      1  0.4922760000000  0.4922730000000  0.4318870000000 1.0
C      1  0.4922730000000  0.5681130000000  0.5077240000000 1.0
C      1  0.5681130000000  0.4922760000000  0.5077270000000 1.0
C      1  0.5077240000000  0.5077270000000  0.4318870000000 1.0
C      1  0.4922760000000  0.5077270000000  0.5681130000000 1.0
C      1  0.5077240000000  0.4922730000000  0.5681130000000 1.0
C      1  0.5077270000000  0.4318870000000  0.5077240000000 1.0
C      1  0.4922730000000  0.4318870000000  0.4922760000000 1.0
C      1  0.5077270000000  0.5681130000000  0.4922760000000 1.0
C      1  0.4318870000000  0.5077240000000  0.5077270000000 1.0
C      1  0.5681130000000  0.5077240000000  0.4922730000000 1.0
C      1  0.4318870000000  0.4922760000000  0.4922730000000 1.0
C      1  0.4877970000000  0.4805730000000  0.5071560000000 1.0
C      1  0.4805730000000  0.5071560000000  0.4877970000000 1.0
C      1  0.5071560000000  0.4877970000000  0.4805730000000 1.0
C      1  0.5122030000000  0.5194270000000  0.5071560000000 1.0
C      1  0.4877970000000  0.5194270000000  0.4928440000000 1.0
C      1  0.5122030000000  0.4805730000000  0.4928440000000 1.0
C      1  0.5194270000000  0.4928440000000  0.4877970000000 1.0
C      1  0.4805730000000  0.4928440000000  0.5122030000000 1.0
C      1  0.5194270000000  0.5071560000000  0.5122030000000 1.0
C      1  0.4928440000000  0.5122030000000  0.4805730000000 1.0
C      1  0.5071560000000  0.5122030000000  0.5194270000000 1.0
C      1  0.4928440000000  0.4877970000000  0.5194270000000 1.0
C      1  0.4877970000000  0.4805730000000  0.4928440000000 1.0
C      1  0.4805730000000  0.5071560000000  0.5122030000000 1.0
C      1  0.5071560000000  0.4877970000000  0.5194270000000 1.0
C      1  0.5122030000000  0.5194270000000  0.4928440000000 1.0
C      1  0.4877970000000  0.5194270000000  0.5071560000000 1.0
C      1  0.5122030000000  0.4805730000000  0.5071560000000 1.0
C      1  0.5194270000000  0.4928440000000  0.5122030000000 1.0
C      1  0.4805730000000  0.4928440000000  0.4877970000000 1.0
C      1  0.5194270000000  0.5071560000000  0.4877970000000 1.0
C      1  0.4928440000000  0.5122030000000  0.5194270000000 1.0
C      1  0.5071560000000  0.5122030000000  0.4805730000000 1.0
C      1  0.4928440000000  0.4877970000000  0.4805730000000 1.0
C      1  0.5635560000000  0.5499060000000  0.5237650000000 1.0
C      1  0.5499060000000  0.5237650000000  0.5635560000000 1.0
C      1  0.5237650000000  0.5635560000000  0.5499060000000 1.0
C      1  0.4364440000000  0.4500940000000  0.5237650000000 1.0
C      1  0.5635560000000  0.4500940000000  0.4762350000000 1.0
C      1  0.4364440000000  0.5499060000000  0.4762350000000 1.0
C      1  0.4500940000000  0.4762350000000  0.5635560000000 1.0
C      1  0.5499060000000  0.4762350000000  0.4364440000000 1.0
C      1  0.4500940000000  0.5237650000000  0.4364440000000 1.0
C      1  0.4762350000000  0.4364440000000  0.5499060000000 1.0
C      1  0.5237650000000  0.4364440000000  0.4500940000000 1.0
C      1  0.4762350000000  0.5635560000000  0.4500940000000 1.0
C      1  0.5635560000000  0.5499060000000  0.4762350000000 1.0
C      1  0.5499060000000  0.5237650000000  0.4364440000000 1.0
C      1  0.5237650000000  0.5635560000000  0.4500940000000 1.0
C      1  0.4364440000000  0.4500940000000  0.4762350000000 1.0
C      1  0.5635560000000  0.4500940000000  0.5237650000000 1.0
C      1  0.4364440000000  0.5499060000000  0.5237650000000 1.0
C      1  0.4500940000000  0.4762350000000  0.4364440000000 1.0
C      1  0.5499060000000  0.4762350000000  0.5635560000000 1.0
C      1  0.4500940000000  0.5237650000000  0.5635560000000 1.0
C      1  0.4762350000000  0.4364440000000  0.4500940000000 1.0
C      1  0.5237650000000  0.4364440000000  0.5499060000000 1.0
C      1  0.4762350000000  0.5635560000000  0.5499060000000 1.0
C      1  0.4292860000000  0.4685550000000  0.4627880000000 1.0
C      1  0.4685550000000  0.4627880000000  0.4292860000000 1.0
C      1  0.4627880000000  0.4292860000000  0.4685550000000 1.0
C      1  0.5707140000000  0.5314450000000  0.4627880000000 1.0
C      1  0.4292860000000  0.5314450000000  0.5372120000000 1.0
C      1  0.5707140000000  0.4685550000000  0.5372120000000 1.0
C      1  0.5314450000000  0.5372120000000  0.4292860000000 1.0
C      1  0.4685550000000  0.5372120000000  0.5707140000000 1.0
C      1  0.5314450000000  0.4627880000000  0.5707140000000 1.0
C      1  0.5372120000000  0.5707140000000  0.4685550000000 1.0
C      1  0.4627880000000  0.5707140000000  0.5314450000000 1.0
C      1  0.5372120000000  0.4292860000000  0.5314450000000 1.0
C      1  0.4292860000000  0.4685550000000  0.5372120000000 1.0
C      1  0.4685550000000  0.4627880000000  0.5707140000000 1.0
C      1  0.4627880000000  0.4292860000000  0.5314450000000 1.0
C      1  0.5707140000000  0.5314450000000  0.5372120000000 1.0
C      1  0.4292860000000  0.5314450000000  0.4627880000000 1.0
C      1  0.5707140000000  0.4685550000000  0.4627880000000 1.0
C      1  0.5314450000000  0.5372120000000  0.5707140000000 1.0
C      1  0.4685550000000  0.5372120000000  0.4292860000000 1.0
C      1  0.5314450000000  0.4627880000000  0.4292860000000 1.0
C      1  0.5372120000000  0.5707140000000  0.5314450000000 1.0
C      1  0.4627880000000  0.5707140000000  0.4685550000000 1.0
C      1  0.5372120000000  0.4292860000000  0.4685550000000 1.0
C      1  0.5561900000000  0.4491360000000  0.5365810000000 1.0
C      1  0.4491360000000  0.5365810000000  0.5561900000000 1.0
C      1  0.5365810000000  0.5561900000000  0.4491360000000 1.0
C      1  0.4438100000000  0.5508640000000  0.5365810000000 1.0
C      1  0.5561900000000  0.5508640000000  0.4634190000000 1.0
C      1  0.4438100000000  0.4491360000000  0.4634190000000 1.0
C      1  0.5508640000000  0.4634190000000  0.5561900000000 1.0
C      1  0.4491360000000  0.4634190000000  0.4438100000000 1.0
C      1  0.5508640000000  0.5365810000000  0.4438100000000 1.0
C      1  0.4634190000000  0.4438100000000  0.4491360000000 1.0
C      1  0.5365810000000  0.4438100000000  0.5508640000000 1.0
C      1  0.4634190000000  0.5561900000000  0.5508640000000 1.0
C      1  0.5561900000000  0.4491360000000  0.4634190000000 1.0
C      1  0.4491360000000  0.5365810000000  0.4438100000000 1.0
C      1  0.5365810000000  0.5561900000000  0.5508640000000 1.0
C      1  0.4438100000000  0.5508640000000  0.4634190000000 1.0
C      1  0.5561900000000  0.5508640000000  0.5365810000000 1.0
C      1  0.4438100000000  0.4491360000000  0.5365810000000 1.0
C      1  0.5508640000000  0.4634190000000  0.4438100000000 1.0
C      1  0.4491360000000  0.4634190000000  0.5561900000000 1.0
C      1  0.5508640000000  0.5365810000000  0.5561900000000 1.0
C      1  0.4634190000000  0.4438100000000  0.5508640000000 1.0
C      1  0.5365810000000  0.4438100000000  0.4491360000000 1.0
C      1  0.4634190000000  0.5561900000000  0.4491360000000 1.0
C      1  0.4829950000000  0.4326470000000  0.5618850000000 1.0
C      1  0.4326470000000  0.5618850000000  0.4829950000000 1.0
C      1  0.5618850000000  0.4829950000000  0.4326470000000 1.0
C      1  0.5170050000000  0.5673530000000  0.5618850000000 1.0
C      1  0.4829950000000  0.5673530000000  0.4381150000000 1.0
C      1  0.5170050000000  0.4326470000000  0.4381150000000 1.0
C      1  0.5673530000000  0.4381150000000  0.4829950000000 1.0
C      1  0.4326470000000  0.4381150000000  0.5170050000000 1.0
C      1  0.5673530000000  0.5618850000000  0.5170050000000 1.0
C      1  0.4381150000000  0.5170050000000  0.4326470000000 1.0
C      1  0.5618850000000  0.5170050000000  0.5673530000000 1.0
C      1  0.4381150000000  0.4829950000000  0.5673530000000 1.0
C      1  0.4829950000000  0.4326470000000  0.4381150000000 1.0
C      1  0.4326470000000  0.5618850000000  0.5170050000000 1.0
C      1  0.5618850000000  0.4829950000000  0.5673530000000 1.0
C      1  0.5170050000000  0.5673530000000  0.4381150000000 1.0
C      1  0.4829950000000  0.5673530000000  0.5618850000000 1.0
C      1  0.5170050000000  0.4326470000000  0.5618850000000 1.0
C      1  0.5673530000000  0.4381150000000  0.5170050000000 1.0
C      1  0.4326470000000  0.4381150000000  0.4829950000000 1.0
C      1  0.5673530000000  0.5618850000000  0.4829950000000 1.0
C      1  0.4381150000000  0.5170050000000  0.5673530000000 1.0
C      1  0.5618850000000  0.5170050000000  0.4326470000000 1.0
C      1  0.4381150000000  0.4829950000000  0.4326470000000 1.0
C      1  0.5559380000000  0.5149800000000  0.5138940000000 1.0
C      1  0.5149800000000  0.5138940000000  0.5559380000000 1.0
C      1  0.5138940000000  0.5559380000000  0.5149800000000 1.0
C      1  0.4440620000000  0.4850200000000  0.5138940000000 1.0
C      1  0.5559380000000  0.4850200000000  0.4861060000000 1.0
C      1  0.4440620000000  0.5149800000000  0.4861060000000 1.0
C      1  0.4850200000000  0.4861060000000  0.5559380000000 1.0
C      1  0.5149800000000  0.4861060000000  0.4440620000000 1.0
C      1  0.4850200000000  0.5138940000000  0.4440620000000 1.0
C      1  0.4861060000000  0.4440620000000  0.5149800000000 1.0
C      1  0.5138940000000  0.4440620000000  0.4850200000000 1.0
C      1  0.4861060000000  0.5559380000000  0.4850200000000 1.0
C      1  0.5559380000000  0.5149800000000  0.4861060000000 1.0
C      1  0.5149800000000  0.5138940000000  0.4440620000000 1.0
C      1  0.5138940000000  0.5559380000000  0.4850200000000 1.0
C      1  0.4440620000000  0.4850200000000  0.4861060000000 1.0
C      1  0.5559380000000  0.4850200000000  0.5138940000000 1.0
C      1  0.4440620000000  0.5149800000000  0.5138940000000 1.0
C      1  0.4850200000000  0.4861060000000  0.4440620000000 1.0
C      1  0.5149800000000  0.4861060000000  0.5559380000000 1.0
C      1  0.4850200000000  0.5138940000000  0.5559380000000 1.0
C      1  0.4861060000000  0.4440620000000  0.4850200000000 1.0
C      1  0.5138940000000  0.4440620000000  0.5149800000000 1.0
C      1  0.4861060000000  0.5559380000000  0.5149800000000 1.0
C      1  0.4588360000000  0.4863970000000  0.4483160000000 1.0
C      1  0.4863970000000  0.4483160000000  0.4588360000000 1.0
C      1  0.4483160000000  0.4588360000000  0.4863970000000 1.0
C      1  0.5411640000000  0.5136030000000  0.4483160000000 1.0
C      1  0.4588360000000  0.5136030000000  0.5516840000000 1.0
C      1  0.5411640000000  0.4863970000000  0.5516840000000 1.0
C      1  0.5136030000000  0.5516840000000  0.4588360000000 1.0
C      1  0.4863970000000  0.5516840000000  0.5411640000000 1.0
C      1  0.5136030000000  0.4483160000000  0.5411640000000 1.0
C      1  0.5516840000000  0.5411640000000  0.4863970000000 1.0
C      1  0.4483160000000  0.5411640000000  0.5136030000000 1.0
C      1  0.5516840000000  0.4588360000000  0.5136030000000 1.0
C      1  0.4588360000000  0.4863970000000  0.5516840000000 1.0
C      1  0.4863970000000  0.4483160000000  0.5411640000000 1.0
C      1  0.4483160000000  0.4588360000000  0.5136030000000 1.0
C      1  0.5411640000000  0.5136030000000  0.5516840000000 1.0
C      1  0.4588360000000  0.5136030000000  0.4483160000000 1.0
C      1  0.5411640000000  0.4863970000000  0.4483160000000 1.0
C      1  0.5136030000000  0.5516840000000  0.5411640000000 1.0
C      1  0.4863970000000  0.5516840000000  0.4588360000000 1.0
C      1  0.5136030000000  0.4483160000000  0.4588360000000 1.0
C      1  0.5516840000000  0.5411640000000  0.5136030000000 1.0
C      1  0.4483160000000  0.5411640000000  0.4863970000000 1.0
C      1  0.5516840000000  0.4588360000000  0.4863970000000 1.0
C      1  0.5375520000000  0.5429160000000  0.5573760000000 1.0
C      1  0.5429160000000  0.5573760000000  0.5375520000000 1.0
C      1  0.5573760000000  0.5375520000000  0.5429160000000 1.0
C      1  0.4624480000000  0.4570840000000  0.5573760000000 1.0
C      1  0.5375520000000  0.4570840000000  0.4426240000000 1.0
C      1  0.4624480000000  0.5429160000000  0.4426240000000 1.0
C      1  0.4570840000000  0.4426240000000  0.5375520000000 1.0
C      1  0.5429160000000  0.4426240000000  0.4624480000000 1.0
C      1  0.4570840000000  0.5573760000000  0.4624480000000 1.0
C      1  0.4426240000000  0.4624480000000  0.5429160000000 1.0
C      1  0.5573760000000  0.4624480000000  0.4570840000000 1.0
C      1  0.4426240000000  0.5375520000000  0.4570840000000 1.0
C      1  0.5375520000000  0.5429160000000  0.4426240000000 1.0
C      1  0.5429160000000  0.5573760000000  0.4624480000000 1.0
C      1  0.5573760000000  0.5375520000000  0.4570840000000 1.0
C      1  0.4624480000000  0.4570840000000  0.4426240000000 1.0
C      1  0.5375520000000  0.4570840000000  0.5573760000000 1.0
C      1  0.4624480000000  0.5429160000000  0.5573760000000 1.0
C      1  0.4570840000000  0.4426240000000  0.4624480000000 1.0
C      1  0.5429160000000  0.4426240000000  0.5375520000000 1.0
C      1  0.4570840000000  0.5573760000000  0.5375520000000 1.0
C      1  0.4426240000000  0.4624480000000  0.4570840000000 1.0
C      1  0.5573760000000  0.4624480000000  0.5429160000000 1.0
C      1  0.4426240000000  0.5375520000000  0.5429160000000 1.0
C      1  0.5559940000000  0.4845110000000  0.4696560000000 1.0
C      1  0.4845110000000  0.4696560000000  0.5559940000000 1.0
C      1  0.4696560000000  0.5559940000000  0.4845110000000 1.0
C      1  0.4440060000000  0.5154890000000  0.4696560000000 1.0
C      1  0.5559940000000  0.5154890000000  0.5303440000000 1.0
C      1  0.4440060000000  0.4845110000000  0.5303440000000 1.0
C      1  0.5154890000000  0.5303440000000  0.5559940000000 1.0
C      1  0.4845110000000  0.5303440000000  0.4440060000000 1.0
C      1  0.5154890000000  0.4696560000000  0.4440060000000 1.0
C      1  0.5303440000000  0.4440060000000  0.4845110000000 1.0
C      1  0.4696560000000  0.4440060000000  0.5154890000000 1.0
C      1  0.5303440000000  0.5559940000000  0.5154890000000 1.0
C      1  0.5559940000000  0.4845110000000  0.5303440000000 1.0
C      1  0.4845110000000  0.4696560000000  0.4440060000000 1.0
C      1  0.4696560000000  0.5559940000000  0.5154890000000 1.0
C      1  0.4440060000000  0.5154890000000  0.5303440000000 1.0
C      1  0.5559940000000  0.5154890000000  0.4696560000000 1.0
C      1  0.4440060000000  0.4845110000000  0.4696560000000 1.0
C      1  0.5154890000000  0.5303440000000  0.4440060000000 1.0
C      1  0.4845110000000  0.5303440000000  0.5559940000000 1.0
C      1  0.5154890000000  0.4696560000000  0.5559940000000 1.0
C      1  0.5303440000000  0.4440060000000  0.5154890000000 1.0
C      1  0.4696560000000  0.4440060000000  0.4845110000000 1.0
C      1  0.5303440000000  0.5559940000000  0.4845110000000 1.0
C      1  0.5354180000000  0.5161620000000  0.4172340000000 1.0
C      1  0.5161620000000  0.4172340000000  0.5354180000000 1.0
C      1  0.4172340000000  0.5354180000000  0.5161620000000 1.0
C      1  0.4645820000000  0.4838380000000  0.4172340000000 1.0
C      1  0.5354180000000  0.4838380000000  0.5827660000000 1.0
C      1  0.4645820000000  0.5161620000000  0.5827660000000 1.0
C      1  0.4838380000000  0.5827660000000  0.5354180000000 1.0
C      1  0.5161620000000  0.5827660000000  0.4645820000000 1.0
C      1  0.4838380000000  0.4172340000000  0.4645820000000 1.0
C      1  0.5827660000000  0.4645820000000  0.5161620000000 1.0
C      1  0.4172340000000  0.4645820000000  0.4838380000000 1.0
C      1  0.5827660000000  0.5354180000000  0.4838380000000 1.0
C      1  0.5354180000000  0.5161620000000  0.5827660000000 1.0
C      1  0.5161620000000  0.4172340000000  0.4645820000000 1.0
C      1  0.4172340000000  0.5354180000000  0.4838380000000 1.0
C      1  0.4645820000000  0.4838380000000  0.5827660000000 1.0
C      1  0.5354180000000  0.4838380000000  0.4172340000000 1.0
C      1  0.4645820000000  0.5161620000000  0.4172340000000 1.0
C      1  0.4838380000000  0.5827660000000  0.4645820000000 1.0
C      1  0.5161620000000  0.5827660000000  0.5354180000000 1.0
C      1  0.4838380000000  0.4172340000000  0.5354180000000 1.0
C      1  0.5827660000000  0.4645820000000  0.4838380000000 1.0
C      1  0.4172340000000  0.4645820000000  0.5161620000000 1.0
C      1  0.5827660000000  0.5354180000000  0.5161620000000 1.0
C      1  0.4640280000000  0.4770050000000  0.4583250000000 1.0
C      1  0.4770050000000  0.4583250000000  0.4640280000000 1.0
C      1  0.4583250000000  0.4640280000000  0.4770050000000 1.0
C      1  0.5359720000000  0.5229950000000  0.4583250000000 1.0
C      1  0.4640280000000  0.5229950000000  0.5416750000000 1.0
C      1  0.5359720000000  0.4770050000000  0.5416750000000 1.0
C      1  0.5229950000000  0.5416750000000  0.4640280000000 1.0
C      1  0.4770050000000  0.5416750000000  0.5359720000000 1.0
C      1  0.5229950000000  0.4583250000000  0.5359720000000 1.0
C      1  0.5416750000000  0.5359720000000  0.4770050000000 1.0
C      1  0.4583250000000  0.5359720000000  0.5229950000000 1.0
C      1  0.5416750000000  0.4640280000000  0.5229950000000 1.0
C      1  0.4640280000000  0.4770050000000  0.5416750000000 1.0
C      1  0.4770050000000  0.4583250000000  0.5359720000000 1.0
C      1  0.4583250000000  0.4640280000000  0.5229950000000 1.0
C      1  0.5359720000000  0.5229950000000  0.5416750000000 1.0
C      1  0.4640280000000  0.5229950000000  0.4583250000000 1.0
C      1  0.5359720000000  0.4770050000000  0.4583250000000 1.0
C      1  0.5229950000000  0.5416750000000  0.5359720000000 1.0
C      1  0.4770050000000  0.5416750000000  0.4640280000000 1.0
C      1  0.5229950000000  0.4583250000000  0.4640280000000 1.0
C      1  0.5416750000000  0.5359720000000  0.5229950000000 1.0
C      1  0.4583250000000  0.5359720000000  0.4770050000000 1.0
C      1  0.5416750000000  0.4640280000000  0.4770050000000 1.0
END
