TITL C-1892081-8120-88 -3.15763022072831e-06 1000000 -3301.60572988343 0 0 480 (Th) n - 1
REM
REM in /nfs/bkarasulu/CARBON/AIRSS/Generating-Clusters/GAP-ML-2020/Higher-Symm/Selected-Sizes/TryA-Only_Ih-Symm/Larger-Clusters
REM
REM
REM
REM
REM
REM ./C.cell (2cf5181f0f1d4d5b12b972d32ad12063)
REM
REM compiler GCC version 9.2.1 20190827 (Red Hat 9.2.1-1)
REM options -cpp -mtune=generic -march=x86-64 -g -O0 -fpre-include=/usr/include/finclude/math-vector-fortran.h
REM seed -609231928 -955232243 -341487684 1484914098 -202045976 1866017133 215939762 -18349983 -491460434 -966672601 1658115838 927041857 640646839 -1839483877 -1536173609 -91216694 1246891124 -1199486316 -1886512367 -7586161 1204546532 1394855157 1382797639 692587882 -484011493 -1661676139 1438718109 930035510 -25211452 -5047338 -525002605 866611209 461704462
REM
CELL 1.54180  100.00000  100.00000  100.00000   90.00000   90.00000   90.00000
LATT -1
SFAC C  
C      1  0.4429330000000  0.5508670000000  0.4928260000000 1.0
C      1  0.5508670000000  0.4928260000000  0.4429330000000 1.0
C      1  0.4928260000000  0.4429330000000  0.5508670000000 1.0
C      1  0.5570670000000  0.4491330000000  0.4928260000000 1.0
C      1  0.4429330000000  0.4491330000000  0.5071740000000 1.0
C      1  0.5570670000000  0.5508670000000  0.5071740000000 1.0
C      1  0.4491330000000  0.5071740000000  0.4429330000000 1.0
C      1  0.5508670000000  0.5071740000000  0.5570670000000 1.0
C      1  0.4491330000000  0.4928260000000  0.5570670000000 1.0
C      1  0.5071740000000  0.5570670000000  0.5508670000000 1.0
C      1  0.4928260000000  0.5570670000000  0.4491330000000 1.0
C      1  0.5071740000000  0.4429330000000  0.4491330000000 1.0
C      1  0.4429330000000  0.5508670000000  0.5071740000000 1.0
C      1  0.5508670000000  0.4928260000000  0.5570670000000 1.0
C      1  0.4928260000000  0.4429330000000  0.4491330000000 1.0
C      1  0.5570670000000  0.4491330000000  0.5071740000000 1.0
C      1  0.4429330000000  0.4491330000000  0.4928260000000 1.0
C      1  0.5570670000000  0.5508670000000  0.4928260000000 1.0
C      1  0.4491330000000  0.5071740000000  0.5570670000000 1.0
C      1  0.5508670000000  0.5071740000000  0.4429330000000 1.0
C      1  0.4491330000000  0.4928260000000  0.4429330000000 1.0
C      1  0.5071740000000  0.5570670000000  0.4491330000000 1.0
C      1  0.4928260000000  0.5570670000000  0.5508670000000 1.0
C      1  0.5071740000000  0.4429330000000  0.5508670000000 1.0
C      1  0.4925170000000  0.5427180000000  0.5079670000000 1.0
C      1  0.5427180000000  0.5079670000000  0.4925170000000 1.0
C      1  0.5079670000000  0.4925170000000  0.5427180000000 1.0
C      1  0.5074830000000  0.4572820000000  0.5079670000000 1.0
C      1  0.4925170000000  0.4572820000000  0.4920330000000 1.0
C      1  0.5074830000000  0.5427180000000  0.4920330000000 1.0
C      1  0.4572820000000  0.4920330000000  0.4925170000000 1.0
C      1  0.5427180000000  0.4920330000000  0.5074830000000 1.0
C      1  0.4572820000000  0.5079670000000  0.5074830000000 1.0
C      1  0.4920330000000  0.5074830000000  0.5427180000000 1.0
C      1  0.5079670000000  0.5074830000000  0.4572820000000 1.0
C      1  0.4920330000000  0.4925170000000  0.4572820000000 1.0
C      1  0.4925170000000  0.5427180000000  0.4920330000000 1.0
C      1  0.5427180000000  0.5079670000000  0.5074830000000 1.0
C      1  0.5079670000000  0.4925170000000  0.4572820000000 1.0
C      1  0.5074830000000  0.4572820000000  0.4920330000000 1.0
C      1  0.4925170000000  0.4572820000000  0.5079670000000 1.0
C      1  0.5074830000000  0.5427180000000  0.5079670000000 1.0
C      1  0.4572820000000  0.4920330000000  0.5074830000000 1.0
C      1  0.5427180000000  0.4920330000000  0.4925170000000 1.0
C      1  0.4572820000000  0.5079670000000  0.4925170000000 1.0
C      1  0.4920330000000  0.5074830000000  0.4572820000000 1.0
C      1  0.5079670000000  0.5074830000000  0.5427180000000 1.0
C      1  0.4920330000000  0.4925170000000  0.5427180000000 1.0
C      1  0.5303290000000  0.5262310000000  0.4221500000000 1.0
C      1  0.5262310000000  0.4221500000000  0.5303290000000 1.0
C      1  0.4221500000000  0.5303290000000  0.5262310000000 1.0
C      1  0.4696710000000  0.4737690000000  0.4221500000000 1.0
C      1  0.5303290000000  0.4737690000000  0.5778500000000 1.0
C      1  0.4696710000000  0.5262310000000  0.5778500000000 1.0
C      1  0.4737690000000  0.5778500000000  0.5303290000000 1.0
C      1  0.5262310000000  0.5778500000000  0.4696710000000 1.0
C      1  0.4737690000000  0.4221500000000  0.4696710000000 1.0
C      1  0.5778500000000  0.4696710000000  0.5262310000000 1.0
C      1  0.4221500000000  0.4696710000000  0.4737690000000 1.0
C      1  0.5778500000000  0.5303290000000  0.4737690000000 1.0
C      1  0.5303290000000  0.5262310000000  0.5778500000000 1.0
C      1  0.5262310000000  0.4221500000000  0.4696710000000 1.0
C      1  0.4221500000000  0.5303290000000  0.4737690000000 1.0
C      1  0.4696710000000  0.4737690000000  0.5778500000000 1.0
C      1  0.5303290000000  0.4737690000000  0.4221500000000 1.0
C      1  0.4696710000000  0.5262310000000  0.4221500000000 1.0
C      1  0.4737690000000  0.5778500000000  0.4696710000000 1.0
C      1  0.5262310000000  0.5778500000000  0.5303290000000 1.0
C      1  0.4737690000000  0.4221500000000  0.5303290000000 1.0
C      1  0.5778500000000  0.4696710000000  0.4737690000000 1.0
C      1  0.4221500000000  0.4696710000000  0.5262310000000 1.0
C      1  0.5778500000000  0.5303290000000  0.5262310000000 1.0
C      1  0.4928110000000  0.4492100000000  0.5640720000000 1.0
C      1  0.4492100000000  0.5640720000000  0.4928110000000 1.0
C      1  0.5640720000000  0.4928110000000  0.4492100000000 1.0
C      1  0.5071890000000  0.5507900000000  0.5640720000000 1.0
C      1  0.4928110000000  0.5507900000000  0.4359280000000 1.0
C      1  0.5071890000000  0.4492100000000  0.4359280000000 1.0
C      1  0.5507900000000  0.4359280000000  0.4928110000000 1.0
C      1  0.4492100000000  0.4359280000000  0.5071890000000 1.0
C      1  0.5507900000000  0.5640720000000  0.5071890000000 1.0
C      1  0.4359280000000  0.5071890000000  0.4492100000000 1.0
C      1  0.5640720000000  0.5071890000000  0.5507900000000 1.0
C      1  0.4359280000000  0.4928110000000  0.5507900000000 1.0
C      1  0.4928110000000  0.4492100000000  0.4359280000000 1.0
C      1  0.4492100000000  0.5640720000000  0.5071890000000 1.0
C      1  0.5640720000000  0.4928110000000  0.5507900000000 1.0
C      1  0.5071890000000  0.5507900000000  0.4359280000000 1.0
C      1  0.4928110000000  0.5507900000000  0.5640720000000 1.0
C      1  0.5071890000000  0.4492100000000  0.5640720000000 1.0
C      1  0.5507900000000  0.4359280000000  0.5071890000000 1.0
C      1  0.4492100000000  0.4359280000000  0.4928110000000 1.0
C      1  0.5507900000000  0.5640720000000  0.4928110000000 1.0
C      1  0.4359280000000  0.5071890000000  0.5507900000000 1.0
C      1  0.5640720000000  0.5071890000000  0.4492100000000 1.0
C      1  0.4359280000000  0.4928110000000  0.4492100000000 1.0
C      1  0.5554260000000  0.4920150000000  0.4844770000000 1.0
C      1  0.4920150000000  0.4844770000000  0.5554260000000 1.0
C      1  0.4844770000000  0.5554260000000  0.4920150000000 1.0
C      1  0.4445740000000  0.5079850000000  0.4844770000000 1.0
C      1  0.5554260000000  0.5079850000000  0.5155230000000 1.0
C      1  0.4445740000000  0.4920150000000  0.5155230000000 1.0
C      1  0.5079850000000  0.5155230000000  0.5554260000000 1.0
C      1  0.4920150000000  0.5155230000000  0.4445740000000 1.0
C      1  0.5079850000000  0.4844770000000  0.4445740000000 1.0
C      1  0.5155230000000  0.4445740000000  0.4920150000000 1.0
C      1  0.4844770000000  0.4445740000000  0.5079850000000 1.0
C      1  0.5155230000000  0.5554260000000  0.5079850000000 1.0
C      1  0.5554260000000  0.4920150000000  0.5155230000000 1.0
C      1  0.4920150000000  0.4844770000000  0.4445740000000 1.0
C      1  0.4844770000000  0.5554260000000  0.5079850000000 1.0
C      1  0.4445740000000  0.5079850000000  0.5155230000000 1.0
C      1  0.5554260000000  0.5079850000000  0.4844770000000 1.0
C      1  0.4445740000000  0.4920150000000  0.4844770000000 1.0
C      1  0.5079850000000  0.5155230000000  0.4445740000000 1.0
C      1  0.4920150000000  0.5155230000000  0.5554260000000 1.0
C      1  0.5079850000000  0.4844770000000  0.5554260000000 1.0
C      1  0.5155230000000  0.4445740000000  0.5079850000000 1.0
C      1  0.4844770000000  0.4445740000000  0.4920150000000 1.0
C      1  0.5155230000000  0.5554260000000  0.4920150000000 1.0
C      1  0.4541220000000  0.5430600000000  0.5622410000000 1.0
C      1  0.5430600000000  0.5622410000000  0.4541220000000 1.0
C      1  0.5622410000000  0.4541220000000  0.5430600000000 1.0
C      1  0.5458780000000  0.4569400000000  0.5622410000000 1.0
C      1  0.4541220000000  0.4569400000000  0.4377590000000 1.0
C      1  0.5458780000000  0.5430600000000  0.4377590000000 1.0
C      1  0.4569400000000  0.4377590000000  0.4541220000000 1.0
C      1  0.5430600000000  0.4377590000000  0.5458780000000 1.0
C      1  0.4569400000000  0.5622410000000  0.5458780000000 1.0
C      1  0.4377590000000  0.5458780000000  0.5430600000000 1.0
C      1  0.5622410000000  0.5458780000000  0.4569400000000 1.0
C      1  0.4377590000000  0.4541220000000  0.4569400000000 1.0
C      1  0.4541220000000  0.5430600000000  0.4377590000000 1.0
C      1  0.5430600000000  0.5622410000000  0.5458780000000 1.0
C      1  0.5622410000000  0.4541220000000  0.4569400000000 1.0
C      1  0.5458780000000  0.4569400000000  0.4377590000000 1.0
C      1  0.4541220000000  0.4569400000000  0.5622410000000 1.0
C      1  0.5458780000000  0.5430600000000  0.5622410000000 1.0
C      1  0.4569400000000  0.4377590000000  0.5458780000000 1.0
C      1  0.5430600000000  0.4377590000000  0.4541220000000 1.0
C      1  0.4569400000000  0.5622410000000  0.4541220000000 1.0
C      1  0.4377590000000  0.5458780000000  0.4569400000000 1.0
C      1  0.5622410000000  0.5458780000000  0.5430600000000 1.0
C      1  0.4377590000000  0.4541220000000  0.5430600000000 1.0
C      1  0.4442420000000  0.5313890000000  0.5257980000000 1.0
C      1  0.5313890000000  0.5257980000000  0.4442420000000 1.0
C      1  0.5257980000000  0.4442420000000  0.5313890000000 1.0
C      1  0.5557580000000  0.4686110000000  0.5257980000000 1.0
C      1  0.4442420000000  0.4686110000000  0.4742020000000 1.0
C      1  0.5557580000000  0.5313890000000  0.4742020000000 1.0
C      1  0.4686110000000  0.4742020000000  0.4442420000000 1.0
C      1  0.5313890000000  0.4742020000000  0.5557580000000 1.0
C      1  0.4686110000000  0.5257980000000  0.5557580000000 1.0
C      1  0.4742020000000  0.5557580000000  0.5313890000000 1.0
C      1  0.5257980000000  0.5557580000000  0.4686110000000 1.0
C      1  0.4742020000000  0.4442420000000  0.4686110000000 1.0
C      1  0.4442420000000  0.5313890000000  0.4742020000000 1.0
C      1  0.5313890000000  0.5257980000000  0.5557580000000 1.0
C      1  0.5257980000000  0.4442420000000  0.4686110000000 1.0
C      1  0.5557580000000  0.4686110000000  0.4742020000000 1.0
C      1  0.4442420000000  0.4686110000000  0.5257980000000 1.0
C      1  0.5557580000000  0.5313890000000  0.5257980000000 1.0
C      1  0.4686110000000  0.4742020000000  0.5557580000000 1.0
C      1  0.5313890000000  0.4742020000000  0.4442420000000 1.0
C      1  0.4686110000000  0.5257980000000  0.4442420000000 1.0
C      1  0.4742020000000  0.5557580000000  0.4686110000000 1.0
C      1  0.5257980000000  0.5557580000000  0.5313890000000 1.0
C      1  0.4742020000000  0.4442420000000  0.5313890000000 1.0
C      1  0.5403160000000  0.4445810000000  0.5579280000000 1.0
C      1  0.4445810000000  0.5579280000000  0.5403160000000 1.0
C      1  0.5579280000000  0.5403160000000  0.4445810000000 1.0
C      1  0.4596840000000  0.5554190000000  0.5579280000000 1.0
C      1  0.5403160000000  0.5554190000000  0.4420720000000 1.0
C      1  0.4596840000000  0.4445810000000  0.4420720000000 1.0
C      1  0.5554190000000  0.4420720000000  0.5403160000000 1.0
C      1  0.4445810000000  0.4420720000000  0.4596840000000 1.0
C      1  0.5554190000000  0.5579280000000  0.4596840000000 1.0
C      1  0.4420720000000  0.4596840000000  0.4445810000000 1.0
C      1  0.5579280000000  0.4596840000000  0.5554190000000 1.0
C      1  0.4420720000000  0.5403160000000  0.5554190000000 1.0
C      1  0.5403160000000  0.4445810000000  0.4420720000000 1.0
C      1  0.4445810000000  0.5579280000000  0.4596840000000 1.0
C      1  0.5579280000000  0.5403160000000  0.5554190000000 1.0
C      1  0.4596840000000  0.5554190000000  0.4420720000000 1.0
C      1  0.5403160000000  0.5554190000000  0.5579280000000 1.0
C      1  0.4596840000000  0.4445810000000  0.5579280000000 1.0
C      1  0.5554190000000  0.4420720000000  0.4596840000000 1.0
C      1  0.4445810000000  0.4420720000000  0.5403160000000 1.0
C      1  0.5554190000000  0.5579280000000  0.5403160000000 1.0
C      1  0.4420720000000  0.4596840000000  0.5554190000000 1.0
C      1  0.5579280000000  0.4596840000000  0.4445810000000 1.0
C      1  0.4420720000000  0.5403160000000  0.4445810000000 1.0
C      1  0.4613080000000  0.4859660000000  0.5505750000000 1.0
C      1  0.4859660000000  0.5505750000000  0.4613080000000 1.0
C      1  0.5505750000000  0.4613080000000  0.4859660000000 1.0
C      1  0.5386920000000  0.5140340000000  0.5505750000000 1.0
C      1  0.4613080000000  0.5140340000000  0.4494250000000 1.0
C      1  0.5386920000000  0.4859660000000  0.4494250000000 1.0
C      1  0.5140340000000  0.4494250000000  0.4613080000000 1.0
C      1  0.4859660000000  0.4494250000000  0.5386920000000 1.0
C      1  0.5140340000000  0.5505750000000  0.5386920000000 1.0
C      1  0.4494250000000  0.5386920000000  0.4859660000000 1.0
C      1  0.5505750000000  0.5386920000000  0.5140340000000 1.0
C      1  0.4494250000000  0.4613080000000  0.5140340000000 1.0
C      1  0.4613080000000  0.4859660000000  0.4494250000000 1.0
C      1  0.4859660000000  0.5505750000000  0.5386920000000 1.0
C      1  0.5505750000000  0.4613080000000  0.5140340000000 1.0
C      1  0.5386920000000  0.5140340000000  0.4494250000000 1.0
C      1  0.4613080000000  0.5140340000000  0.5505750000000 1.0
C      1  0.5386920000000  0.4859660000000  0.5505750000000 1.0
C      1  0.5140340000000  0.4494250000000  0.5386920000000 1.0
C      1  0.4859660000000  0.4494250000000  0.4613080000000 1.0
C      1  0.5140340000000  0.5505750000000  0.4613080000000 1.0
C      1  0.4494250000000  0.5386920000000  0.5140340000000 1.0
C      1  0.5505750000000  0.5386920000000  0.4859660000000 1.0
C      1  0.4494250000000  0.4613080000000  0.4859660000000 1.0
C      1  0.5291820000000  0.5760760000000  0.5070110000000 1.0
C      1  0.5760760000000  0.5070110000000  0.5291820000000 1.0
C      1  0.5070110000000  0.5291820000000  0.5760760000000 1.0
C      1  0.4708180000000  0.4239240000000  0.5070110000000 1.0
C      1  0.5291820000000  0.4239240000000  0.4929890000000 1.0
C      1  0.4708180000000  0.5760760000000  0.4929890000000 1.0
C      1  0.4239240000000  0.4929890000000  0.5291820000000 1.0
C      1  0.5760760000000  0.4929890000000  0.4708180000000 1.0
C      1  0.4239240000000  0.5070110000000  0.4708180000000 1.0
C      1  0.4929890000000  0.4708180000000  0.5760760000000 1.0
C      1  0.5070110000000  0.4708180000000  0.4239240000000 1.0
C      1  0.4929890000000  0.5291820000000  0.4239240000000 1.0
C      1  0.5291820000000  0.5760760000000  0.4929890000000 1.0
C      1  0.5760760000000  0.5070110000000  0.4708180000000 1.0
C      1  0.5070110000000  0.5291820000000  0.4239240000000 1.0
C      1  0.4708180000000  0.4239240000000  0.4929890000000 1.0
C      1  0.5291820000000  0.4239240000000  0.5070110000000 1.0
C      1  0.4708180000000  0.5760760000000  0.5070110000000 1.0
C      1  0.4239240000000  0.4929890000000  0.4708180000000 1.0
C      1  0.5760760000000  0.4929890000000  0.5291820000000 1.0
C      1  0.4239240000000  0.5070110000000  0.5291820000000 1.0
C      1  0.4929890000000  0.4708180000000  0.4239240000000 1.0
C      1  0.5070110000000  0.4708180000000  0.5760760000000 1.0
C      1  0.4929890000000  0.5291820000000  0.5760760000000 1.0
C      1  0.4706120000000  0.4931580000000  0.4404190000000 1.0
C      1  0.4931580000000  0.4404190000000  0.4706120000000 1.0
C      1  0.4404190000000  0.4706120000000  0.4931580000000 1.0
C      1  0.5293880000000  0.5068420000000  0.4404190000000 1.0
C      1  0.4706120000000  0.5068420000000  0.5595810000000 1.0
C      1  0.5293880000000  0.4931580000000  0.5595810000000 1.0
C      1  0.5068420000000  0.5595810000000  0.4706120000000 1.0
C      1  0.4931580000000  0.5595810000000  0.5293880000000 1.0
C      1  0.5068420000000  0.4404190000000  0.5293880000000 1.0
C      1  0.5595810000000  0.5293880000000  0.4931580000000 1.0
C      1  0.4404190000000  0.5293880000000  0.5068420000000 1.0
C      1  0.5595810000000  0.4706120000000  0.5068420000000 1.0
C      1  0.4706120000000  0.4931580000000  0.5595810000000 1.0
C      1  0.4931580000000  0.4404190000000  0.5293880000000 1.0
C      1  0.4404190000000  0.4706120000000  0.5068420000000 1.0
C      1  0.5293880000000  0.5068420000000  0.5595810000000 1.0
C      1  0.4706120000000  0.5068420000000  0.4404190000000 1.0
C      1  0.5293880000000  0.4931580000000  0.4404190000000 1.0
C      1  0.5068420000000  0.5595810000000  0.5293880000000 1.0
C      1  0.4931580000000  0.5595810000000  0.4706120000000 1.0
C      1  0.5068420000000  0.4404190000000  0.4706120000000 1.0
C      1  0.5595810000000  0.5293880000000  0.5068420000000 1.0
C      1  0.4404190000000  0.5293880000000  0.4931580000000 1.0
C      1  0.5595810000000  0.4706120000000  0.4931580000000 1.0
C      1  0.4835550000000  0.4710280000000  0.4467620000000 1.0
C      1  0.4710280000000  0.4467620000000  0.4835550000000 1.0
C      1  0.4467620000000  0.4835550000000  0.4710280000000 1.0
C      1  0.5164450000000  0.5289720000000  0.4467620000000 1.0
C      1  0.4835550000000  0.5289720000000  0.5532380000000 1.0
C      1  0.5164450000000  0.4710280000000  0.5532380000000 1.0
C      1  0.5289720000000  0.5532380000000  0.4835550000000 1.0
C      1  0.4710280000000  0.5532380000000  0.5164450000000 1.0
C      1  0.5289720000000  0.4467620000000  0.5164450000000 1.0
C      1  0.5532380000000  0.5164450000000  0.4710280000000 1.0
C      1  0.4467620000000  0.5164450000000  0.5289720000000 1.0
C      1  0.5532380000000  0.4835540000000  0.5289720000000 1.0
C      1  0.4835550000000  0.4710280000000  0.5532380000000 1.0
C      1  0.4710280000000  0.4467620000000  0.5164450000000 1.0
C      1  0.4467620000000  0.4835550000000  0.5289720000000 1.0
C      1  0.5164450000000  0.5289720000000  0.5532380000000 1.0
C      1  0.4835550000000  0.5289720000000  0.4467620000000 1.0
C      1  0.5164450000000  0.4710280000000  0.4467620000000 1.0
C      1  0.5289720000000  0.5532380000000  0.5164450000000 1.0
C      1  0.4710280000000  0.5532380000000  0.4835550000000 1.0
C      1  0.5289720000000  0.4467620000000  0.4835550000000 1.0
C      1  0.5532380000000  0.5164450000000  0.5289720000000 1.0
C      1  0.4467620000000  0.5164450000000  0.4710280000000 1.0
C      1  0.5532380000000  0.4835550000000  0.4710280000000 1.0
C      1  0.5122420000000  0.4622480000000  0.4346220000000 1.0
C      1  0.4622480000000  0.4346220000000  0.5122420000000 1.0
C      1  0.4346220000000  0.5122420000000  0.4622480000000 1.0
C      1  0.4877580000000  0.5377520000000  0.4346220000000 1.0
C      1  0.5122420000000  0.5377520000000  0.5653780000000 1.0
C      1  0.4877580000000  0.4622480000000  0.5653780000000 1.0
C      1  0.5377520000000  0.5653780000000  0.5122420000000 1.0
C      1  0.4622480000000  0.5653780000000  0.4877580000000 1.0
C      1  0.5377520000000  0.4346220000000  0.4877580000000 1.0
C      1  0.5653780000000  0.4877580000000  0.4622480000000 1.0
C      1  0.4346220000000  0.4877580000000  0.5377520000000 1.0
C      1  0.5653780000000  0.5122420000000  0.5377520000000 1.0
C      1  0.5122420000000  0.4622480000000  0.5653780000000 1.0
C      1  0.4622480000000  0.4346220000000  0.4877580000000 1.0
C      1  0.4346220000000  0.5122420000000  0.5377520000000 1.0
C      1  0.4877580000000  0.5377520000000  0.5653780000000 1.0
C      1  0.5122420000000  0.5377520000000  0.4346220000000 1.0
C      1  0.4877580000000  0.4622480000000  0.4346220000000 1.0
C      1  0.5377520000000  0.5653780000000  0.4877580000000 1.0
C      1  0.4622480000000  0.5653780000000  0.5122420000000 1.0
C      1  0.5377520000000  0.4346220000000  0.5122420000000 1.0
C      1  0.5653780000000  0.4877580000000  0.5377520000000 1.0
C      1  0.4346220000000  0.4877580000000  0.4622480000000 1.0
C      1  0.5653780000000  0.5122420000000  0.4622480000000 1.0
C      1  0.4822760000000  0.5195080000000  0.4230200000000 1.0
C      1  0.5195080000000  0.4230200000000  0.4822760000000 1.0
C      1  0.4230200000000  0.4822760000000  0.5195080000000 1.0
C      1  0.5177240000000  0.4804920000000  0.4230200000000 1.0
C      1  0.4822760000000  0.4804920000000  0.5769800000000 1.0
C      1  0.5177240000000  0.5195080000000  0.5769800000000 1.0
C      1  0.4804920000000  0.5769800000000  0.4822760000000 1.0
C      1  0.5195080000000  0.5769800000000  0.5177240000000 1.0
C      1  0.4804920000000  0.4230200000000  0.5177240000000 1.0
C      1  0.5769800000000  0.5177240000000  0.5195080000000 1.0
C      1  0.4230200000000  0.5177240000000  0.4804920000000 1.0
C      1  0.5769800000000  0.4822760000000  0.4804920000000 1.0
C      1  0.4822760000000  0.5195080000000  0.5769800000000 1.0
C      1  0.5195080000000  0.4230200000000  0.5177240000000 1.0
C      1  0.4230200000000  0.4822760000000  0.4804920000000 1.0
C      1  0.5177240000000  0.4804920000000  0.5769800000000 1.0
C      1  0.4822760000000  0.4804920000000  0.4230200000000 1.0
C      1  0.5177240000000  0.5195080000000  0.4230200000000 1.0
C      1  0.4804920000000  0.5769800000000  0.5177240000000 1.0
C      1  0.5195080000000  0.5769800000000  0.4822760000000 1.0
C      1  0.4804920000000  0.4230200000000  0.4822760000000 1.0
C      1  0.5769800000000  0.5177240000000  0.4804920000000 1.0
C      1  0.4230200000000  0.5177240000000  0.5195080000000 1.0
C      1  0.5769800000000  0.4822760000000  0.5195080000000 1.0
C      1  0.4838060000000  0.4913290000000  0.5664690000000 1.0
C      1  0.4913290000000  0.5664690000000  0.4838060000000 1.0
C      1  0.5664690000000  0.4838060000000  0.4913290000000 1.0
C      1  0.5161940000000  0.5086710000000  0.5664690000000 1.0
C      1  0.4838060000000  0.5086710000000  0.4335310000000 1.0
C      1  0.5161940000000  0.4913290000000  0.4335310000000 1.0
C      1  0.5086710000000  0.4335310000000  0.4838060000000 1.0
C      1  0.4913290000000  0.4335310000000  0.5161940000000 1.0
C      1  0.5086710000000  0.5664690000000  0.5161940000000 1.0
C      1  0.4335310000000  0.5161940000000  0.4913290000000 1.0
C      1  0.5664690000000  0.5161940000000  0.5086710000000 1.0
C      1  0.4335310000000  0.4838060000000  0.5086710000000 1.0
C      1  0.4838060000000  0.4913290000000  0.4335310000000 1.0
C      1  0.4913290000000  0.5664690000000  0.5161940000000 1.0
C      1  0.5664690000000  0.4838060000000  0.5086710000000 1.0
C      1  0.5161940000000  0.5086710000000  0.4335310000000 1.0
C      1  0.4838060000000  0.5086710000000  0.5664690000000 1.0
C      1  0.5161940000000  0.4913290000000  0.5664690000000 1.0
C      1  0.5086710000000  0.4335310000000  0.5161940000000 1.0
C      1  0.4913290000000  0.4335310000000  0.4838060000000 1.0
C      1  0.5086710000000  0.5664690000000  0.4838060000000 1.0
C      1  0.4335310000000  0.5161940000000  0.5086710000000 1.0
C      1  0.5664690000000  0.5161940000000  0.4913290000000 1.0
C      1  0.4335310000000  0.4838060000000  0.4913290000000 1.0
C      1  0.4601360000000  0.4863090000000  0.5356870000000 1.0
C      1  0.4863090000000  0.5356870000000  0.4601360000000 1.0
C      1  0.5356870000000  0.4601360000000  0.4863090000000 1.0
C      1  0.5398640000000  0.5136910000000  0.5356870000000 1.0
C      1  0.4601360000000  0.5136910000000  0.4643130000000 1.0
C      1  0.5398640000000  0.4863090000000  0.4643130000000 1.0
C      1  0.5136910000000  0.4643130000000  0.4601360000000 1.0
C      1  0.4863090000000  0.4643130000000  0.5398640000000 1.0
C      1  0.5136910000000  0.5356870000000  0.5398640000000 1.0
C      1  0.4643130000000  0.5398640000000  0.4863090000000 1.0
C      1  0.5356870000000  0.5398640000000  0.5136910000000 1.0
C      1  0.4643130000000  0.4601360000000  0.5136910000000 1.0
C      1  0.4601360000000  0.4863090000000  0.4643130000000 1.0
C      1  0.4863090000000  0.5356870000000  0.5398640000000 1.0
C      1  0.5356870000000  0.4601360000000  0.5136910000000 1.0
C      1  0.5398640000000  0.5136910000000  0.4643130000000 1.0
C      1  0.4601360000000  0.5136910000000  0.5356870000000 1.0
C      1  0.5398640000000  0.4863090000000  0.5356870000000 1.0
C      1  0.5136910000000  0.4643130000000  0.5398640000000 1.0
C      1  0.4863090000000  0.4643130000000  0.4601360000000 1.0
C      1  0.5136910000000  0.5356870000000  0.4601360000000 1.0
C      1  0.4643130000000  0.5398640000000  0.5136910000000 1.0
C      1  0.5356870000000  0.5398640000000  0.4863090000000 1.0
C      1  0.4643130000000  0.4601360000000  0.4863090000000 1.0
C      1  0.5306720000000  0.4860690000000  0.5132110000000 1.0
C      1  0.4860690000000  0.5132110000000  0.5306720000000 1.0
C      1  0.5132110000000  0.5306720000000  0.4860690000000 1.0
C      1  0.4693280000000  0.5139310000000  0.5132110000000 1.0
C      1  0.5306720000000  0.5139310000000  0.4867890000000 1.0
C      1  0.4693280000000  0.4860690000000  0.4867890000000 1.0
C      1  0.5139310000000  0.4867890000000  0.5306720000000 1.0
C      1  0.4860690000000  0.4867890000000  0.4693280000000 1.0
C      1  0.5139310000000  0.5132110000000  0.4693280000000 1.0
C      1  0.4867890000000  0.4693280000000  0.4860690000000 1.0
C      1  0.5132110000000  0.4693280000000  0.5139310000000 1.0
C      1  0.4867890000000  0.5306720000000  0.5139310000000 1.0
C      1  0.5306720000000  0.4860690000000  0.4867890000000 1.0
C      1  0.4860690000000  0.5132110000000  0.4693280000000 1.0
C      1  0.5132110000000  0.5306720000000  0.5139310000000 1.0
C      1  0.4693280000000  0.5139310000000  0.4867890000000 1.0
C      1  0.5306720000000  0.5139310000000  0.5132110000000 1.0
C      1  0.4693280000000  0.4860690000000  0.5132110000000 1.0
C      1  0.5139310000000  0.4867890000000  0.4693280000000 1.0
C      1  0.4860690000000  0.4867890000000  0.5306720000000 1.0
C      1  0.5139310000000  0.5132110000000  0.5306720000000 1.0
C      1  0.4867890000000  0.4693280000000  0.5139310000000 1.0
C      1  0.5132110000000  0.4693280000000  0.4860690000000 1.0
C      1  0.4867890000000  0.5306720000000  0.4860690000000 1.0
C      1  0.4682300000000  0.4323530000000  0.5375800000000 1.0
C      1  0.4323530000000  0.5375800000000  0.4682300000000 1.0
C      1  0.5375800000000  0.4682300000000  0.4323530000000 1.0
C      1  0.5317700000000  0.5676470000000  0.5375800000000 1.0
C      1  0.4682300000000  0.5676470000000  0.4624200000000 1.0
C      1  0.5317700000000  0.4323530000000  0.4624200000000 1.0
C      1  0.5676470000000  0.4624200000000  0.4682300000000 1.0
C      1  0.4323530000000  0.4624200000000  0.5317700000000 1.0
C      1  0.5676470000000  0.5375800000000  0.5317700000000 1.0
C      1  0.4624200000000  0.5317700000000  0.4323530000000 1.0
C      1  0.5375800000000  0.5317700000000  0.5676470000000 1.0
C      1  0.4624200000000  0.4682300000000  0.5676470000000 1.0
C      1  0.4682300000000  0.4323530000000  0.4624200000000 1.0
C      1  0.4323530000000  0.5375800000000  0.5317700000000 1.0
C      1  0.5375800000000  0.4682300000000  0.5676470000000 1.0
C      1  0.5317700000000  0.5676470000000  0.4624200000000 1.0
C      1  0.4682300000000  0.5676470000000  0.5375800000000 1.0
C      1  0.5317700000000  0.4323530000000  0.5375800000000 1.0
C      1  0.5676470000000  0.4624200000000  0.5317700000000 1.0
C      1  0.4323530000000  0.4624200000000  0.4682300000000 1.0
C      1  0.5676470000000  0.5375800000000  0.4682300000000 1.0
C      1  0.4624200000000  0.5317700000000  0.5676470000000 1.0
C      1  0.5375800000000  0.5317700000000  0.4323530000000 1.0
C      1  0.4624200000000  0.4682300000000  0.4323530000000 1.0
C      1  0.5185370000000  0.5076100000000  0.5075460000000 1.0
C      1  0.5076100000000  0.5075460000000  0.5185370000000 1.0
C      1  0.5075460000000  0.5185370000000  0.5076100000000 1.0
C      1  0.4814630000000  0.4923900000000  0.5075460000000 1.0
C      1  0.5185370000000  0.4923900000000  0.4924540000000 1.0
C      1  0.4814630000000  0.5076100000000  0.4924540000000 1.0
C      1  0.4923900000000  0.4924540000000  0.5185370000000 1.0
C      1  0.5076100000000  0.4924540000000  0.4814630000000 1.0
C      1  0.4923900000000  0.5075460000000  0.4814630000000 1.0
C      1  0.4924540000000  0.4814630000000  0.5076100000000 1.0
C      1  0.5075460000000  0.4814630000000  0.4923900000000 1.0
C      1  0.4924540000000  0.5185370000000  0.4923900000000 1.0
C      1  0.5185370000000  0.5076100000000  0.4924540000000 1.0
C      1  0.5076100000000  0.5075460000000  0.4814630000000 1.0
C      1  0.5075460000000  0.5185370000000  0.4923900000000 1.0
C      1  0.4814630000000  0.4923900000000  0.4924540000000 1.0
C      1  0.5185370000000  0.4923900000000  0.5075460000000 1.0
C      1  0.4814630000000  0.5076100000000  0.5075460000000 1.0
C      1  0.4923900000000  0.4924540000000  0.4814630000000 1.0
C      1  0.5076100000000  0.4924540000000  0.5185370000000 1.0
C      1  0.4923900000000  0.5075460000000  0.5185370000000 1.0
C      1  0.4924540000000  0.4814630000000  0.4923900000000 1.0
C      1  0.5075460000000  0.4814630000000  0.5076100000000 1.0
C      1  0.4924540000000  0.5185370000000  0.5076100000000 1.0
C      1  0.5089800000000  0.5277700000000  0.5287640000000 1.0
C      1  0.5277700000000  0.5287640000000  0.5089800000000 1.0
C      1  0.5287640000000  0.5089800000000  0.5277700000000 1.0
C      1  0.4910200000000  0.4722300000000  0.5287640000000 1.0
C      1  0.5089800000000  0.4722300000000  0.4712360000000 1.0
C      1  0.4910200000000  0.5277700000000  0.4712360000000 1.0
C      1  0.4722300000000  0.4712360000000  0.5089800000000 1.0
C      1  0.5277700000000  0.4712360000000  0.4910200000000 1.0
C      1  0.4722300000000  0.5287640000000  0.4910200000000 1.0
C      1  0.4712360000000  0.4910200000000  0.5277700000000 1.0
C      1  0.5287640000000  0.4910200000000  0.4722300000000 1.0
C      1  0.4712360000000  0.5089800000000  0.4722300000000 1.0
C      1  0.5089800000000  0.5277700000000  0.4712360000000 1.0
C      1  0.5277700000000  0.5287640000000  0.4910200000000 1.0
C      1  0.5287640000000  0.5089800000000  0.4722300000000 1.0
C      1  0.4910200000000  0.4722300000000  0.4712360000000 1.0
C      1  0.5089800000000  0.4722300000000  0.5287640000000 1.0
C      1  0.4910200000000  0.5277700000000  0.5287640000000 1.0
C      1  0.4722300000000  0.4712360000000  0.4910200000000 1.0
C      1  0.5277700000000  0.4712360000000  0.5089800000000 1.0
C      1  0.4722300000000  0.5287640000000  0.5089800000000 1.0
C      1  0.4712360000000  0.4910200000000  0.4722300000000 1.0
C      1  0.5287640000000  0.4910200000000  0.5277700000000 1.0
C      1  0.4712360000000  0.5089800000000  0.5277700000000 1.0
END
