TITL C-1887015-2101-37 2.37892150120725e-07 1000000 -4542.85102041145 0 0 660 (Th) n - 1
REM
REM in /nfs/bkarasulu/CARBON/AIRSS/Generating-Clusters/GAP-ML-2020/Higher-Symm/Selected-Sizes/TryA-Only_Ih-Symm/Larger-Clusters
REM
REM
REM
REM
REM
REM ./C.cell (2cf5181f0f1d4d5b12b972d32ad12063)
REM
REM compiler GCC version 9.2.1 20190827 (Red Hat 9.2.1-1)
REM options -cpp -mtune=generic -march=x86-64 -g -O0 -fpre-include=/usr/include/finclude/math-vector-fortran.h
REM seed 1615350146 444233898 1863078522 -535327676 2123405976 1132228316 -1127800953 1306001259 -590265115 -1549459282 209439145 -1647970157 677854929 -1274541710 -1896527154 -606427217 1280137347 -1226211258 328350224 951683003 888856399 1310489539 -1867070421 700567137 1373017927 772602506 1699747026 -865323499 1959367209 1639658445 -2021880448 1999192875 -479037019
REM
CELL 1.54180  100.00000  100.00000  100.00000   90.00000   90.00000   90.00000
LATT -1
SFAC C  
C      1  0.4474580000000  0.4929210000000  0.4220060000000 1.0
C      1  0.4929210000000  0.4220060000000  0.4474580000000 1.0
C      1  0.4220060000000  0.4474580000000  0.4929210000000 1.0
C      1  0.5525420000000  0.5070790000000  0.4220060000000 1.0
C      1  0.4474580000000  0.5070790000000  0.5779940000000 1.0
C      1  0.5525420000000  0.4929210000000  0.5779940000000 1.0
C      1  0.5070790000000  0.5779940000000  0.4474580000000 1.0
C      1  0.4929210000000  0.5779940000000  0.5525420000000 1.0
C      1  0.5070790000000  0.4220060000000  0.5525420000000 1.0
C      1  0.5779940000000  0.5525420000000  0.4929210000000 1.0
C      1  0.4220060000000  0.5525420000000  0.5070790000000 1.0
C      1  0.5779940000000  0.4474580000000  0.5070790000000 1.0
C      1  0.4474580000000  0.4929210000000  0.5779940000000 1.0
C      1  0.4929210000000  0.4220060000000  0.5525420000000 1.0
C      1  0.4220060000000  0.4474580000000  0.5070790000000 1.0
C      1  0.5525420000000  0.5070790000000  0.5779940000000 1.0
C      1  0.4474580000000  0.5070790000000  0.4220060000000 1.0
C      1  0.5525420000000  0.4929210000000  0.4220060000000 1.0
C      1  0.5070790000000  0.5779940000000  0.5525420000000 1.0
C      1  0.4929210000000  0.5779940000000  0.4474580000000 1.0
C      1  0.5070790000000  0.4220060000000  0.4474580000000 1.0
C      1  0.5779940000000  0.5525420000000  0.5070790000000 1.0
C      1  0.4220060000000  0.5525420000000  0.4929210000000 1.0
C      1  0.5779940000000  0.4474580000000  0.4929210000000 1.0
C      1  0.4914880000000  0.4724980000000  0.4348290000000 1.0
C      1  0.4724980000000  0.4348290000000  0.4914880000000 1.0
C      1  0.4348290000000  0.4914880000000  0.4724980000000 1.0
C      1  0.5085120000000  0.5275020000000  0.4348290000000 1.0
C      1  0.4914880000000  0.5275020000000  0.5651710000000 1.0
C      1  0.5085120000000  0.4724980000000  0.5651710000000 1.0
C      1  0.5275020000000  0.5651710000000  0.4914880000000 1.0
C      1  0.4724980000000  0.5651710000000  0.5085120000000 1.0
C      1  0.5275020000000  0.4348290000000  0.5085120000000 1.0
C      1  0.5651710000000  0.5085120000000  0.4724980000000 1.0
C      1  0.4348290000000  0.5085120000000  0.5275020000000 1.0
C      1  0.5651710000000  0.4914880000000  0.5275020000000 1.0
C      1  0.4914880000000  0.4724980000000  0.5651710000000 1.0
C      1  0.4724980000000  0.4348290000000  0.5085120000000 1.0
C      1  0.4348290000000  0.4914880000000  0.5275020000000 1.0
C      1  0.5085120000000  0.5275020000000  0.5651710000000 1.0
C      1  0.4914880000000  0.5275020000000  0.4348290000000 1.0
C      1  0.5085120000000  0.4724980000000  0.4348290000000 1.0
C      1  0.5275020000000  0.5651710000000  0.5085120000000 1.0
C      1  0.4724980000000  0.5651710000000  0.4914880000000 1.0
C      1  0.5275020000000  0.4348290000000  0.4914880000000 1.0
C      1  0.5651710000000  0.5085120000000  0.5275020000000 1.0
C      1  0.4348290000000  0.5085120000000  0.4724980000000 1.0
C      1  0.5651710000000  0.4914880000000  0.4724980000000 1.0
C      1  0.5481650000000  0.4707050000000  0.5258720000000 1.0
C      1  0.4707050000000  0.5258720000000  0.5481650000000 1.0
C      1  0.5258720000000  0.5481650000000  0.4707050000000 1.0
C      1  0.4518350000000  0.5292950000000  0.5258720000000 1.0
C      1  0.5481650000000  0.5292950000000  0.4741280000000 1.0
C      1  0.4518350000000  0.4707050000000  0.4741280000000 1.0
C      1  0.5292950000000  0.4741280000000  0.5481650000000 1.0
C      1  0.4707050000000  0.4741280000000  0.4518350000000 1.0
C      1  0.5292950000000  0.5258720000000  0.4518350000000 1.0
C      1  0.4741280000000  0.4518350000000  0.4707050000000 1.0
C      1  0.5258720000000  0.4518350000000  0.5292950000000 1.0
C      1  0.4741280000000  0.5481650000000  0.5292950000000 1.0
C      1  0.5481650000000  0.4707050000000  0.4741280000000 1.0
C      1  0.4707050000000  0.5258720000000  0.4518350000000 1.0
C      1  0.5258720000000  0.5481650000000  0.5292950000000 1.0
C      1  0.4518350000000  0.5292950000000  0.4741280000000 1.0
C      1  0.5481650000000  0.5292950000000  0.5258720000000 1.0
C      1  0.4518350000000  0.4707050000000  0.5258720000000 1.0
C      1  0.5292950000000  0.4741280000000  0.4518350000000 1.0
C      1  0.4707050000000  0.4741280000000  0.5481650000000 1.0
C      1  0.5292950000000  0.5258720000000  0.5481650000000 1.0
C      1  0.4741280000000  0.4518350000000  0.5292950000000 1.0
C      1  0.5258720000000  0.4518350000000  0.4707050000000 1.0
C      1  0.4741280000000  0.5481650000000  0.4707050000000 1.0
C      1  0.5153940000000  0.4425290000000  0.4348550000000 1.0
C      1  0.4425290000000  0.4348550000000  0.5153940000000 1.0
C      1  0.4348550000000  0.5153940000000  0.4425290000000 1.0
C      1  0.4846060000000  0.5574710000000  0.4348550000000 1.0
C      1  0.5153940000000  0.5574710000000  0.5651450000000 1.0
C      1  0.4846060000000  0.4425290000000  0.5651450000000 1.0
C      1  0.5574710000000  0.5651450000000  0.5153940000000 1.0
C      1  0.4425290000000  0.5651450000000  0.4846060000000 1.0
C      1  0.5574710000000  0.4348550000000  0.4846060000000 1.0
C      1  0.5651450000000  0.4846060000000  0.4425290000000 1.0
C      1  0.4348550000000  0.4846060000000  0.5574710000000 1.0
C      1  0.5651450000000  0.5153940000000  0.5574710000000 1.0
C      1  0.5153940000000  0.4425290000000  0.5651450000000 1.0
C      1  0.4425290000000  0.4348550000000  0.4846060000000 1.0
C      1  0.4348550000000  0.5153940000000  0.5574710000000 1.0
C      1  0.4846060000000  0.5574710000000  0.5651450000000 1.0
C      1  0.5153940000000  0.5574710000000  0.4348550000000 1.0
C      1  0.4846060000000  0.4425290000000  0.4348550000000 1.0
C      1  0.5574710000000  0.5651450000000  0.4846060000000 1.0
C      1  0.4425290000000  0.5651450000000  0.5153940000000 1.0
C      1  0.5574710000000  0.4348550000000  0.5153940000000 1.0
C      1  0.5651450000000  0.4846060000000  0.5574710000000 1.0
C      1  0.4348550000000  0.4846060000000  0.4425290000000 1.0
C      1  0.5651450000000  0.5153940000000  0.4425290000000 1.0
C      1  0.4670910000000  0.4490710000000  0.4843530000000 1.0
C      1  0.4490710000000  0.4843530000000  0.4670910000000 1.0
C      1  0.4843530000000  0.4670910000000  0.4490710000000 1.0
C      1  0.5329090000000  0.5509290000000  0.4843530000000 1.0
C      1  0.4670910000000  0.5509290000000  0.5156470000000 1.0
C      1  0.5329090000000  0.4490710000000  0.5156470000000 1.0
C      1  0.5509290000000  0.5156470000000  0.4670910000000 1.0
C      1  0.4490710000000  0.5156470000000  0.5329090000000 1.0
C      1  0.5509290000000  0.4843530000000  0.5329090000000 1.0
C      1  0.5156470000000  0.5329090000000  0.4490710000000 1.0
C      1  0.4843530000000  0.5329090000000  0.5509290000000 1.0
C      1  0.5156470000000  0.4670910000000  0.5509290000000 1.0
C      1  0.4670910000000  0.4490710000000  0.5156470000000 1.0
C      1  0.4490710000000  0.4843530000000  0.5329090000000 1.0
C      1  0.4843530000000  0.4670910000000  0.5509290000000 1.0
C      1  0.5329090000000  0.5509290000000  0.5156470000000 1.0
C      1  0.4670910000000  0.5509290000000  0.4843530000000 1.0
C      1  0.5329090000000  0.4490710000000  0.4843530000000 1.0
C      1  0.5509290000000  0.5156470000000  0.5329090000000 1.0
C      1  0.4490710000000  0.5156470000000  0.4670910000000 1.0
C      1  0.5509290000000  0.4843530000000  0.4670910000000 1.0
C      1  0.5156470000000  0.5329090000000  0.5509290000000 1.0
C      1  0.4843530000000  0.5329090000000  0.4490710000000 1.0
C      1  0.5156470000000  0.4670910000000  0.4490710000000 1.0
C      1  0.4569770000000  0.4709870000000  0.4478900000000 1.0
C      1  0.4709870000000  0.4478900000000  0.4569770000000 1.0
C      1  0.4478900000000  0.4569770000000  0.4709870000000 1.0
C      1  0.5430230000000  0.5290130000000  0.4478900000000 1.0
C      1  0.4569770000000  0.5290130000000  0.5521100000000 1.0
C      1  0.5430230000000  0.4709870000000  0.5521100000000 1.0
C      1  0.5290130000000  0.5521100000000  0.4569770000000 1.0
C      1  0.4709870000000  0.5521100000000  0.5430230000000 1.0
C      1  0.5290130000000  0.4478900000000  0.5430230000000 1.0
C      1  0.5521100000000  0.5430230000000  0.4709870000000 1.0
C      1  0.4478900000000  0.5430230000000  0.5290130000000 1.0
C      1  0.5521100000000  0.4569770000000  0.5290130000000 1.0
C      1  0.4569770000000  0.4709870000000  0.5521100000000 1.0
C      1  0.4709870000000  0.4478900000000  0.5430230000000 1.0
C      1  0.4478900000000  0.4569770000000  0.5290130000000 1.0
C      1  0.5430230000000  0.5290130000000  0.5521100000000 1.0
C      1  0.4569770000000  0.5290130000000  0.4478900000000 1.0
C      1  0.5430230000000  0.4709870000000  0.4478900000000 1.0
C      1  0.5290130000000  0.5521100000000  0.5430230000000 1.0
C      1  0.4709870000000  0.5521100000000  0.4569770000000 1.0
C      1  0.5290130000000  0.4478900000000  0.4569770000000 1.0
C      1  0.5521100000000  0.5430230000000  0.5290130000000 1.0
C      1  0.4478900000000  0.5430230000000  0.4709870000000 1.0
C      1  0.5521100000000  0.4569770000000  0.4709870000000 1.0
C      1  0.4860090000000  0.4643760000000  0.5767750000000 1.0
C      1  0.4643760000000  0.5767750000000  0.4860090000000 1.0
C      1  0.5767750000000  0.4860090000000  0.4643760000000 1.0
C      1  0.5139910000000  0.5356240000000  0.5767750000000 1.0
C      1  0.4860090000000  0.5356240000000  0.4232250000000 1.0
C      1  0.5139910000000  0.4643760000000  0.4232250000000 1.0
C      1  0.5356240000000  0.4232250000000  0.4860090000000 1.0
C      1  0.4643760000000  0.4232250000000  0.5139910000000 1.0
C      1  0.5356240000000  0.5767750000000  0.5139910000000 1.0
C      1  0.4232250000000  0.5139910000000  0.4643760000000 1.0
C      1  0.5767750000000  0.5139910000000  0.5356240000000 1.0
C      1  0.4232250000000  0.4860090000000  0.5356240000000 1.0
C      1  0.4860090000000  0.4643760000000  0.4232250000000 1.0
C      1  0.4643760000000  0.5767750000000  0.5139910000000 1.0
C      1  0.5767750000000  0.4860090000000  0.5356240000000 1.0
C      1  0.5139910000000  0.5356240000000  0.4232250000000 1.0
C      1  0.4860090000000  0.5356240000000  0.5767750000000 1.0
C      1  0.5139910000000  0.4643760000000  0.5767750000000 1.0
C      1  0.5356240000000  0.4232250000000  0.5139910000000 1.0
C      1  0.4643760000000  0.4232250000000  0.4860090000000 1.0
C      1  0.5356240000000  0.5767750000000  0.4860090000000 1.0
C      1  0.4232250000000  0.5139910000000  0.5356240000000 1.0
C      1  0.5767750000000  0.5139910000000  0.4643760000000 1.0
C      1  0.4232250000000  0.4860090000000  0.4643760000000 1.0
C      1  0.5747490000000  0.5275140000000  0.4922800000000 1.0
C      1  0.5275140000000  0.4922800000000  0.5747490000000 1.0
C      1  0.4922800000000  0.5747490000000  0.5275140000000 1.0
C      1  0.4252510000000  0.4724860000000  0.4922800000000 1.0
C      1  0.5747490000000  0.4724860000000  0.5077200000000 1.0
C      1  0.4252510000000  0.5275140000000  0.5077200000000 1.0
C      1  0.4724860000000  0.5077200000000  0.5747490000000 1.0
C      1  0.5275140000000  0.5077200000000  0.4252510000000 1.0
C      1  0.4724860000000  0.4922800000000  0.4252510000000 1.0
C      1  0.5077200000000  0.4252510000000  0.5275140000000 1.0
C      1  0.4922800000000  0.4252510000000  0.4724860000000 1.0
C      1  0.5077200000000  0.5747490000000  0.4724860000000 1.0
C      1  0.5747490000000  0.5275140000000  0.5077200000000 1.0
C      1  0.5275140000000  0.4922800000000  0.4252510000000 1.0
C      1  0.4922800000000  0.5747490000000  0.4724860000000 1.0
C      1  0.4252510000000  0.4724860000000  0.5077200000000 1.0
C      1  0.5747490000000  0.4724860000000  0.4922800000000 1.0
C      1  0.4252510000000  0.5275140000000  0.4922800000000 1.0
C      1  0.4724860000000  0.5077200000000  0.4252510000000 1.0
C      1  0.5275140000000  0.5077200000000  0.5747490000000 1.0
C      1  0.4724860000000  0.4922800000000  0.5747490000000 1.0
C      1  0.5077200000000  0.4252510000000  0.4724860000000 1.0
C      1  0.4922800000000  0.4252510000000  0.5275140000000 1.0
C      1  0.5077200000000  0.5747490000000  0.5275140000000 1.0
C      1  0.4924480000000  0.5482750000000  0.5750580000000 1.0
C      1  0.5482750000000  0.5750580000000  0.4924480000000 1.0
C      1  0.5750580000000  0.4924480000000  0.5482750000000 1.0
C      1  0.5075520000000  0.4517250000000  0.5750580000000 1.0
C      1  0.4924480000000  0.4517250000000  0.4249420000000 1.0
C      1  0.5075520000000  0.5482750000000  0.4249420000000 1.0
C      1  0.4517250000000  0.4249420000000  0.4924480000000 1.0
C      1  0.5482750000000  0.4249420000000  0.5075520000000 1.0
C      1  0.4517250000000  0.5750580000000  0.5075520000000 1.0
C      1  0.4249420000000  0.5075520000000  0.5482750000000 1.0
C      1  0.5750580000000  0.5075520000000  0.4517250000000 1.0
C      1  0.4249420000000  0.4924480000000  0.4517250000000 1.0
C      1  0.4924480000000  0.5482750000000  0.4249420000000 1.0
C      1  0.5482750000000  0.5750580000000  0.5075520000000 1.0
C      1  0.5750580000000  0.4924480000000  0.4517250000000 1.0
C      1  0.5075520000000  0.4517250000000  0.4249420000000 1.0
C      1  0.4924480000000  0.4517250000000  0.5750580000000 1.0
C      1  0.5075520000000  0.5482750000000  0.5750580000000 1.0
C      1  0.4517250000000  0.4249420000000  0.5075520000000 1.0
C      1  0.5482750000000  0.4249420000000  0.4924480000000 1.0
C      1  0.4517250000000  0.5750580000000  0.4924480000000 1.0
C      1  0.4249420000000  0.5075520000000  0.4517250000000 1.0
C      1  0.5750580000000  0.5075520000000  0.5482750000000 1.0
C      1  0.4249420000000  0.4924480000000  0.5482750000000 1.0
C      1  0.4841890000000  0.4121290000000  0.4745350000000 1.0
C      1  0.4121290000000  0.4745350000000  0.4841890000000 1.0
C      1  0.4745350000000  0.4841890000000  0.4121290000000 1.0
C      1  0.5158110000000  0.5878710000000  0.4745350000000 1.0
C      1  0.4841890000000  0.5878710000000  0.5254650000000 1.0
C      1  0.5158110000000  0.4121290000000  0.5254650000000 1.0
C      1  0.5878710000000  0.5254650000000  0.4841890000000 1.0
C      1  0.4121290000000  0.5254650000000  0.5158110000000 1.0
C      1  0.5878710000000  0.4745350000000  0.5158110000000 1.0
C      1  0.5254650000000  0.5158110000000  0.4121290000000 1.0
C      1  0.4745350000000  0.5158110000000  0.5878710000000 1.0
C      1  0.5254650000000  0.4841890000000  0.5878710000000 1.0
C      1  0.4841890000000  0.4121290000000  0.5254650000000 1.0
C      1  0.4121290000000  0.4745350000000  0.5158110000000 1.0
C      1  0.4745350000000  0.4841890000000  0.5878710000000 1.0
C      1  0.5158110000000  0.5878710000000  0.5254650000000 1.0
C      1  0.4841890000000  0.5878710000000  0.4745350000000 1.0
C      1  0.5158110000000  0.4121290000000  0.4745350000000 1.0
C      1  0.5878710000000  0.5254650000000  0.5158110000000 1.0
C      1  0.4121290000000  0.5254650000000  0.4841890000000 1.0
C      1  0.5878710000000  0.4745350000000  0.4841890000000 1.0
C      1  0.5254650000000  0.5158110000000  0.5878710000000 1.0
C      1  0.4745350000000  0.5158110000000  0.4121290000000 1.0
C      1  0.5254650000000  0.4841890000000  0.4121290000000 1.0
C      1  0.5265000000000  0.4708660000000  0.5819010000000 1.0
C      1  0.4708660000000  0.5819010000000  0.5265000000000 1.0
C      1  0.5819010000000  0.5265000000000  0.4708660000000 1.0
C      1  0.4735000000000  0.5291340000000  0.5819010000000 1.0
C      1  0.5265000000000  0.5291340000000  0.4180990000000 1.0
C      1  0.4735000000000  0.4708660000000  0.4180990000000 1.0
C      1  0.5291340000000  0.4180990000000  0.5265000000000 1.0
C      1  0.4708660000000  0.4180990000000  0.4735000000000 1.0
C      1  0.5291340000000  0.5819010000000  0.4735000000000 1.0
C      1  0.4180990000000  0.4735000000000  0.4708660000000 1.0
C      1  0.5819010000000  0.4735000000000  0.5291340000000 1.0
C      1  0.4180990000000  0.5265000000000  0.5291340000000 1.0
C      1  0.5265000000000  0.4708660000000  0.4180990000000 1.0
C      1  0.4708660000000  0.5819010000000  0.4735000000000 1.0
C      1  0.5819010000000  0.5265000000000  0.5291340000000 1.0
C      1  0.4735000000000  0.5291340000000  0.4180990000000 1.0
C      1  0.5265000000000  0.5291340000000  0.5819010000000 1.0
C      1  0.4735000000000  0.4708660000000  0.5819010000000 1.0
C      1  0.5291340000000  0.4180990000000  0.4735000000000 1.0
C      1  0.4708660000000  0.4180990000000  0.5265000000000 1.0
C      1  0.5291340000000  0.5819010000000  0.5265000000000 1.0
C      1  0.4180990000000  0.4735000000000  0.5291340000000 1.0
C      1  0.5819010000000  0.4735000000000  0.4708660000000 1.0
C      1  0.4180990000000  0.5265000000000  0.4708660000000 1.0
C      1  0.5071150000000  0.4922340000000  0.5814290000000 1.0
C      1  0.4922340000000  0.5814290000000  0.5071150000000 1.0
C      1  0.5814290000000  0.5071150000000  0.4922340000000 1.0
C      1  0.4928850000000  0.5077660000000  0.5814290000000 1.0
C      1  0.5071150000000  0.5077660000000  0.4185710000000 1.0
C      1  0.4928850000000  0.4922340000000  0.4185710000000 1.0
C      1  0.5077660000000  0.4185710000000  0.5071150000000 1.0
C      1  0.4922340000000  0.4185710000000  0.4928850000000 1.0
C      1  0.5077660000000  0.5814290000000  0.4928850000000 1.0
C      1  0.4185710000000  0.4928850000000  0.4922340000000 1.0
C      1  0.5814290000000  0.4928850000000  0.5077660000000 1.0
C      1  0.4185710000000  0.5071150000000  0.5077660000000 1.0
C      1  0.5071150000000  0.4922340000000  0.4185710000000 1.0
C      1  0.4922340000000  0.5814290000000  0.4928850000000 1.0
C      1  0.5814290000000  0.5071150000000  0.5077660000000 1.0
C      1  0.4928850000000  0.5077660000000  0.4185710000000 1.0
C      1  0.5071150000000  0.5077660000000  0.5814290000000 1.0
C      1  0.4928850000000  0.4922340000000  0.5814290000000 1.0
C      1  0.5077660000000  0.4185710000000  0.4928850000000 1.0
C      1  0.4922340000000  0.4185710000000  0.5071150000000 1.0
C      1  0.5077660000000  0.5814290000000  0.5071150000000 1.0
C      1  0.4185710000000  0.4928850000000  0.5077660000000 1.0
C      1  0.5814290000000  0.4928850000000  0.4922340000000 1.0
C      1  0.4185710000000  0.5071150000000  0.4922340000000 1.0
C      1  0.5708160000000  0.4592610000000  0.5128020000000 1.0
C      1  0.4592610000000  0.5128020000000  0.5708160000000 1.0
C      1  0.5128020000000  0.5708160000000  0.4592610000000 1.0
C      1  0.4291840000000  0.5407390000000  0.5128020000000 1.0
C      1  0.5708160000000  0.5407390000000  0.4871980000000 1.0
C      1  0.4291840000000  0.4592610000000  0.4871980000000 1.0
C      1  0.5407390000000  0.4871980000000  0.5708160000000 1.0
C      1  0.4592610000000  0.4871980000000  0.4291840000000 1.0
C      1  0.5407390000000  0.5128020000000  0.4291840000000 1.0
C      1  0.4871980000000  0.4291840000000  0.4592610000000 1.0
C      1  0.5128020000000  0.4291840000000  0.5407390000000 1.0
C      1  0.4871980000000  0.5708160000000  0.5407390000000 1.0
C      1  0.5708160000000  0.4592610000000  0.4871980000000 1.0
C      1  0.4592610000000  0.5128020000000  0.4291840000000 1.0
C      1  0.5128020000000  0.5708160000000  0.5407390000000 1.0
C      1  0.4291840000000  0.5407390000000  0.4871980000000 1.0
C      1  0.5708160000000  0.5407390000000  0.5128020000000 1.0
C      1  0.4291840000000  0.4592610000000  0.5128020000000 1.0
C      1  0.5407390000000  0.4871980000000  0.4291840000000 1.0
C      1  0.4592610000000  0.4871980000000  0.5708160000000 1.0
C      1  0.5407390000000  0.5128020000000  0.5708160000000 1.0
C      1  0.4871980000000  0.4291840000000  0.5407390000000 1.0
C      1  0.5128020000000  0.4291840000000  0.4592610000000 1.0
C      1  0.4871980000000  0.5708160000000  0.4592610000000 1.0
C      1  0.4608930000000  0.5273190000000  0.4253920000000 1.0
C      1  0.5273190000000  0.4253920000000  0.4608930000000 1.0
C      1  0.4253920000000  0.4608930000000  0.5273190000000 1.0
C      1  0.5391070000000  0.4726810000000  0.4253920000000 1.0
C      1  0.4608930000000  0.4726810000000  0.5746080000000 1.0
C      1  0.5391070000000  0.5273190000000  0.5746080000000 1.0
C      1  0.4726810000000  0.5746080000000  0.4608930000000 1.0
C      1  0.5273190000000  0.5746080000000  0.5391070000000 1.0
C      1  0.4726810000000  0.4253920000000  0.5391070000000 1.0
C      1  0.5746080000000  0.5391070000000  0.5273190000000 1.0
C      1  0.4253920000000  0.5391070000000  0.4726810000000 1.0
C      1  0.5746080000000  0.4608930000000  0.4726810000000 1.0
C      1  0.4608930000000  0.5273190000000  0.5746080000000 1.0
C      1  0.5273190000000  0.4253920000000  0.5391070000000 1.0
C      1  0.4253920000000  0.4608930000000  0.4726810000000 1.0
C      1  0.5391070000000  0.4726810000000  0.5746080000000 1.0
C      1  0.4608930000000  0.4726810000000  0.4253920000000 1.0
C      1  0.5391070000000  0.5273190000000  0.4253920000000 1.0
C      1  0.4726810000000  0.5746080000000  0.5391070000000 1.0
C      1  0.5273190000000  0.5746080000000  0.4608930000000 1.0
C      1  0.4726810000000  0.4253920000000  0.4608930000000 1.0
C      1  0.5746080000000  0.5391070000000  0.4726810000000 1.0
C      1  0.4253920000000  0.5391070000000  0.5273190000000 1.0
C      1  0.5746080000000  0.4608930000000  0.5273190000000 1.0
C      1  0.4925190000000  0.4431790000000  0.4563250000000 1.0
C      1  0.4431790000000  0.4563250000000  0.4925190000000 1.0
C      1  0.4563250000000  0.4925190000000  0.4431790000000 1.0
C      1  0.5074810000000  0.5568210000000  0.4563250000000 1.0
C      1  0.4925190000000  0.5568210000000  0.5436750000000 1.0
C      1  0.5074810000000  0.4431790000000  0.5436750000000 1.0
C      1  0.5568210000000  0.5436750000000  0.4925190000000 1.0
C      1  0.4431790000000  0.5436750000000  0.5074810000000 1.0
C      1  0.5568210000000  0.4563250000000  0.5074810000000 1.0
C      1  0.5436750000000  0.5074810000000  0.4431790000000 1.0
C      1  0.4563250000000  0.5074810000000  0.5568210000000 1.0
C      1  0.5436750000000  0.4925190000000  0.5568210000000 1.0
C      1  0.4925190000000  0.4431790000000  0.5436750000000 1.0
C      1  0.4431790000000  0.4563250000000  0.5074810000000 1.0
C      1  0.4563250000000  0.4925190000000  0.5568210000000 1.0
C      1  0.5074810000000  0.5568210000000  0.5436750000000 1.0
C      1  0.4925190000000  0.5568210000000  0.4563250000000 1.0
C      1  0.5074810000000  0.4431790000000  0.4563250000000 1.0
C      1  0.5568210000000  0.5436750000000  0.5074810000000 1.0
C      1  0.4431790000000  0.5436750000000  0.4925190000000 1.0
C      1  0.5568210000000  0.4563250000000  0.4925190000000 1.0
C      1  0.5436750000000  0.5074810000000  0.5568210000000 1.0
C      1  0.4563250000000  0.5074810000000  0.4431790000000 1.0
C      1  0.5436750000000  0.4925190000000  0.4431790000000 1.0
C      1  0.5429490000000  0.4716180000000  0.5118570000000 1.0
C      1  0.4716180000000  0.5118570000000  0.5429490000000 1.0
C      1  0.5118570000000  0.5429490000000  0.4716180000000 1.0
C      1  0.4570510000000  0.5283820000000  0.5118570000000 1.0
C      1  0.5429490000000  0.5283820000000  0.4881430000000 1.0
C      1  0.4570510000000  0.4716180000000  0.4881430000000 1.0
C      1  0.5283820000000  0.4881430000000  0.5429490000000 1.0
C      1  0.4716180000000  0.4881430000000  0.4570510000000 1.0
C      1  0.5283820000000  0.5118570000000  0.4570510000000 1.0
C      1  0.4881430000000  0.4570510000000  0.4716180000000 1.0
C      1  0.5118570000000  0.4570510000000  0.5283820000000 1.0
C      1  0.4881430000000  0.5429490000000  0.5283820000000 1.0
C      1  0.5429490000000  0.4716180000000  0.4881430000000 1.0
C      1  0.4716180000000  0.5118570000000  0.4570510000000 1.0
C      1  0.5118570000000  0.5429490000000  0.5283820000000 1.0
C      1  0.4570510000000  0.5283820000000  0.4881430000000 1.0
C      1  0.5429490000000  0.5283820000000  0.5118570000000 1.0
C      1  0.4570510000000  0.4716180000000  0.5118570000000 1.0
C      1  0.5283820000000  0.4881430000000  0.4570510000000 1.0
C      1  0.4716180000000  0.4881430000000  0.5429490000000 1.0
C      1  0.5283820000000  0.5118570000000  0.5429490000000 1.0
C      1  0.4881430000000  0.4570510000000  0.5283820000000 1.0
C      1  0.5118570000000  0.4570510000000  0.4716180000000 1.0
C      1  0.4881430000000  0.5429490000000  0.4716180000000 1.0
C      1  0.5162120000000  0.4926210000000  0.5935520000000 1.0
C      1  0.4926210000000  0.5935520000000  0.5162120000000 1.0
C      1  0.5935520000000  0.5162120000000  0.4926210000000 1.0
C      1  0.4837880000000  0.5073790000000  0.5935520000000 1.0
C      1  0.5162120000000  0.5073790000000  0.4064480000000 1.0
C      1  0.4837880000000  0.4926210000000  0.4064480000000 1.0
C      1  0.5073790000000  0.4064480000000  0.5162120000000 1.0
C      1  0.4926210000000  0.4064480000000  0.4837880000000 1.0
C      1  0.5073790000000  0.5935520000000  0.4837880000000 1.0
C      1  0.4064480000000  0.4837880000000  0.4926210000000 1.0
C      1  0.5935520000000  0.4837880000000  0.5073790000000 1.0
C      1  0.4064480000000  0.5162120000000  0.5073790000000 1.0
C      1  0.5162120000000  0.4926210000000  0.4064480000000 1.0
C      1  0.4926210000000  0.5935520000000  0.4837880000000 1.0
C      1  0.5935520000000  0.5162120000000  0.5073790000000 1.0
C      1  0.4837880000000  0.5073790000000  0.4064480000000 1.0
C      1  0.5162120000000  0.5073790000000  0.5935520000000 1.0
C      1  0.4837880000000  0.4926210000000  0.5935520000000 1.0
C      1  0.5073790000000  0.4064480000000  0.4837880000000 1.0
C      1  0.4926210000000  0.4064480000000  0.5162120000000 1.0
C      1  0.5073790000000  0.5935520000000  0.5162120000000 1.0
C      1  0.4064480000000  0.4837880000000  0.5073790000000 1.0
C      1  0.5935520000000  0.4837880000000  0.4926210000000 1.0
C      1  0.4064480000000  0.5162120000000  0.4926210000000 1.0
C      1  0.5077850000000  0.5161290000000  0.4674450000000 1.0
C      1  0.5161290000000  0.4674450000000  0.5077850000000 1.0
C      1  0.4674450000000  0.5077850000000  0.5161290000000 1.0
C      1  0.4922150000000  0.4838710000000  0.4674450000000 1.0
C      1  0.5077850000000  0.4838710000000  0.5325550000000 1.0
C      1  0.4922150000000  0.5161290000000  0.5325550000000 1.0
C      1  0.4838710000000  0.5325550000000  0.5077850000000 1.0
C      1  0.5161290000000  0.5325550000000  0.4922150000000 1.0
C      1  0.4838710000000  0.4674450000000  0.4922150000000 1.0
C      1  0.5325550000000  0.4922150000000  0.5161290000000 1.0
C      1  0.4674450000000  0.4922150000000  0.4838710000000 1.0
C      1  0.5325550000000  0.5077850000000  0.4838710000000 1.0
C      1  0.5077850000000  0.5161290000000  0.5325550000000 1.0
C      1  0.5161290000000  0.4674450000000  0.4922150000000 1.0
C      1  0.4674450000000  0.5077850000000  0.4838710000000 1.0
C      1  0.4922150000000  0.4838710000000  0.5325550000000 1.0
C      1  0.5077850000000  0.4838710000000  0.4674450000000 1.0
C      1  0.4922150000000  0.5161290000000  0.4674450000000 1.0
C      1  0.4838710000000  0.5325550000000  0.4922150000000 1.0
C      1  0.5161290000000  0.5325550000000  0.5077850000000 1.0
C      1  0.4838710000000  0.4674450000000  0.5077850000000 1.0
C      1  0.5325550000000  0.4922150000000  0.4838710000000 1.0
C      1  0.4674450000000  0.4922150000000  0.5161290000000 1.0
C      1  0.5325550000000  0.5077850000000  0.5161290000000 1.0
C      1  0.5643640000000  0.4379900000000  0.4720250000000 1.0
C      1  0.4379900000000  0.4720250000000  0.5643640000000 1.0
C      1  0.4720250000000  0.5643640000000  0.4379900000000 1.0
C      1  0.4356360000000  0.5620100000000  0.4720250000000 1.0
C      1  0.5643640000000  0.5620100000000  0.5279750000000 1.0
C      1  0.4356360000000  0.4379900000000  0.5279750000000 1.0
C      1  0.5620100000000  0.5279750000000  0.5643640000000 1.0
C      1  0.4379900000000  0.5279750000000  0.4356360000000 1.0
C      1  0.5620100000000  0.4720250000000  0.4356360000000 1.0
C      1  0.5279750000000  0.4356360000000  0.4379900000000 1.0
C      1  0.4720250000000  0.4356360000000  0.5620100000000 1.0
C      1  0.5279750000000  0.5643640000000  0.5620100000000 1.0
C      1  0.5643640000000  0.4379900000000  0.5279750000000 1.0
C      1  0.4379900000000  0.4720250000000  0.4356360000000 1.0
C      1  0.4720250000000  0.5643640000000  0.5620100000000 1.0
C      1  0.4356360000000  0.5620100000000  0.5279750000000 1.0
C      1  0.5643640000000  0.5620100000000  0.4720250000000 1.0
C      1  0.4356360000000  0.4379900000000  0.4720250000000 1.0
C      1  0.5620100000000  0.5279750000000  0.4356360000000 1.0
C      1  0.4379900000000  0.5279750000000  0.5643640000000 1.0
C      1  0.5620100000000  0.4720250000000  0.5643640000000 1.0
C      1  0.5279750000000  0.4356360000000  0.5620100000000 1.0
C      1  0.4720250000000  0.4356360000000  0.4379900000000 1.0
C      1  0.5279750000000  0.5643640000000  0.4379900000000 1.0
C      1  0.4864860000000  0.5131820000000  0.5684130000000 1.0
C      1  0.5131820000000  0.5684130000000  0.4864860000000 1.0
C      1  0.5684130000000  0.4864860000000  0.5131820000000 1.0
C      1  0.5135140000000  0.4868180000000  0.5684130000000 1.0
C      1  0.4864860000000  0.4868180000000  0.4315870000000 1.0
C      1  0.5135140000000  0.5131820000000  0.4315870000000 1.0
C      1  0.4868180000000  0.4315870000000  0.4864860000000 1.0
C      1  0.5131820000000  0.4315870000000  0.5135140000000 1.0
C      1  0.4868180000000  0.5684130000000  0.5135140000000 1.0
C      1  0.4315870000000  0.5135140000000  0.5131820000000 1.0
C      1  0.5684130000000  0.5135140000000  0.4868180000000 1.0
C      1  0.4315870000000  0.4864860000000  0.4868180000000 1.0
C      1  0.4864860000000  0.5131820000000  0.4315870000000 1.0
C      1  0.5131820000000  0.5684130000000  0.5135140000000 1.0
C      1  0.5684130000000  0.4864860000000  0.4868180000000 1.0
C      1  0.5135140000000  0.4868180000000  0.4315870000000 1.0
C      1  0.4864860000000  0.4868180000000  0.5684130000000 1.0
C      1  0.5135140000000  0.5131820000000  0.5684130000000 1.0
C      1  0.4868180000000  0.4315870000000  0.5135140000000 1.0
C      1  0.5131820000000  0.4315870000000  0.4864860000000 1.0
C      1  0.4868180000000  0.5684130000000  0.4864860000000 1.0
C      1  0.4315870000000  0.5135140000000  0.4868180000000 1.0
C      1  0.5684130000000  0.5135140000000  0.5131820000000 1.0
C      1  0.4315870000000  0.4864860000000  0.5131820000000 1.0
C      1  0.5483620000000  0.4486030000000  0.4831500000000 1.0
C      1  0.4486030000000  0.4831500000000  0.5483620000000 1.0
C      1  0.4831500000000  0.5483620000000  0.4486030000000 1.0
C      1  0.4516380000000  0.5513970000000  0.4831500000000 1.0
C      1  0.5483620000000  0.5513970000000  0.5168500000000 1.0
C      1  0.4516380000000  0.4486030000000  0.5168500000000 1.0
C      1  0.5513970000000  0.5168500000000  0.5483620000000 1.0
C      1  0.4486030000000  0.5168500000000  0.4516380000000 1.0
C      1  0.5513970000000  0.4831500000000  0.4516380000000 1.0
C      1  0.5168500000000  0.4516380000000  0.4486030000000 1.0
C      1  0.4831500000000  0.4516380000000  0.5513970000000 1.0
C      1  0.5168500000000  0.5483620000000  0.5513970000000 1.0
C      1  0.5483620000000  0.4486030000000  0.5168500000000 1.0
C      1  0.4486030000000  0.4831500000000  0.4516380000000 1.0
C      1  0.4831500000000  0.5483620000000  0.5513970000000 1.0
C      1  0.4516380000000  0.5513970000000  0.5168500000000 1.0
C      1  0.5483620000000  0.5513970000000  0.4831500000000 1.0
C      1  0.4516380000000  0.4486030000000  0.4831500000000 1.0
C      1  0.5513970000000  0.5168500000000  0.4516380000000 1.0
C      1  0.4486030000000  0.5168500000000  0.5483620000000 1.0
C      1  0.5513970000000  0.4831500000000  0.5483620000000 1.0
C      1  0.5168500000000  0.4516380000000  0.5513970000000 1.0
C      1  0.4831500000000  0.4516380000000  0.4486030000000 1.0
C      1  0.5168500000000  0.5483620000000  0.4486030000000 1.0
C      1  0.4928850000000  0.5697960000000  0.5644450000000 1.0
C      1  0.5697960000000  0.5644450000000  0.4928850000000 1.0
C      1  0.5644450000000  0.4928850000000  0.5697960000000 1.0
C      1  0.5071150000000  0.4302040000000  0.5644450000000 1.0
C      1  0.4928850000000  0.4302040000000  0.4355550000000 1.0
C      1  0.5071150000000  0.5697960000000  0.4355550000000 1.0
C      1  0.4302040000000  0.4355550000000  0.4928850000000 1.0
C      1  0.5697960000000  0.4355550000000  0.5071150000000 1.0
C      1  0.4302040000000  0.5644450000000  0.5071150000000 1.0
C      1  0.4355550000000  0.5071150000000  0.5697960000000 1.0
C      1  0.5644450000000  0.5071150000000  0.4302040000000 1.0
C      1  0.4355550000000  0.4928850000000  0.4302040000000 1.0
C      1  0.4928850000000  0.5697960000000  0.4355550000000 1.0
C      1  0.5697960000000  0.5644450000000  0.5071150000000 1.0
C      1  0.5644450000000  0.4928850000000  0.4302040000000 1.0
C      1  0.5071150000000  0.4302040000000  0.4355550000000 1.0
C      1  0.4928850000000  0.4302040000000  0.5644450000000 1.0
C      1  0.5071150000000  0.5697960000000  0.5644450000000 1.0
C      1  0.4302040000000  0.4355550000000  0.5071150000000 1.0
C      1  0.5697960000000  0.4355550000000  0.4928850000000 1.0
C      1  0.4302040000000  0.5644450000000  0.4928850000000 1.0
C      1  0.4355550000000  0.5071150000000  0.4302040000000 1.0
C      1  0.5644450000000  0.5071150000000  0.5697960000000 1.0
C      1  0.4355550000000  0.4928850000000  0.5697960000000 1.0
C      1  0.4343040000000  0.5491020000000  0.4677030000000 1.0
C      1  0.5491020000000  0.4677030000000  0.4343040000000 1.0
C      1  0.4677030000000  0.4343040000000  0.5491020000000 1.0
C      1  0.5656960000000  0.4508980000000  0.4677030000000 1.0
C      1  0.4343040000000  0.4508980000000  0.5322970000000 1.0
C      1  0.5656960000000  0.5491020000000  0.5322970000000 1.0
C      1  0.4508980000000  0.5322970000000  0.4343040000000 1.0
C      1  0.5491020000000  0.5322970000000  0.5656960000000 1.0
C      1  0.4508980000000  0.4677030000000  0.5656960000000 1.0
C      1  0.5322970000000  0.5656960000000  0.5491020000000 1.0
C      1  0.4677030000000  0.5656960000000  0.4508980000000 1.0
C      1  0.5322970000000  0.4343040000000  0.4508980000000 1.0
C      1  0.4343040000000  0.5491020000000  0.5322970000000 1.0
C      1  0.5491020000000  0.4677030000000  0.5656960000000 1.0
C      1  0.4677030000000  0.4343040000000  0.4508980000000 1.0
C      1  0.5656960000000  0.4508980000000  0.5322970000000 1.0
C      1  0.4343040000000  0.4508980000000  0.4677030000000 1.0
C      1  0.5656960000000  0.5491020000000  0.4677030000000 1.0
C      1  0.4508980000000  0.5322970000000  0.5656960000000 1.0
C      1  0.5491020000000  0.5322970000000  0.4343040000000 1.0
C      1  0.4508980000000  0.4677030000000  0.4343040000000 1.0
C      1  0.5322970000000  0.5656960000000  0.4508980000000 1.0
C      1  0.4677030000000  0.5656960000000  0.5491020000000 1.0
C      1  0.5322970000000  0.4343040000000  0.5491020000000 1.0
C      1  0.4574310000000  0.4858820000000  0.5079440000000 1.0
C      1  0.4858820000000  0.5079440000000  0.4574310000000 1.0
C      1  0.5079440000000  0.4574310000000  0.4858820000000 1.0
C      1  0.5425690000000  0.5141180000000  0.5079440000000 1.0
C      1  0.4574310000000  0.5141180000000  0.4920560000000 1.0
C      1  0.5425690000000  0.4858820000000  0.4920560000000 1.0
C      1  0.5141180000000  0.4920560000000  0.4574310000000 1.0
C      1  0.4858820000000  0.4920560000000  0.5425690000000 1.0
C      1  0.5141180000000  0.5079440000000  0.5425690000000 1.0
C      1  0.4920560000000  0.5425690000000  0.4858820000000 1.0
C      1  0.5079440000000  0.5425690000000  0.5141180000000 1.0
C      1  0.4920560000000  0.4574310000000  0.5141180000000 1.0
C      1  0.4574310000000  0.4858820000000  0.4920560000000 1.0
C      1  0.4858820000000  0.5079440000000  0.5425690000000 1.0
C      1  0.5079440000000  0.4574310000000  0.5141180000000 1.0
C      1  0.5425690000000  0.5141180000000  0.4920560000000 1.0
C      1  0.4574310000000  0.5141180000000  0.5079440000000 1.0
C      1  0.5425690000000  0.4858820000000  0.5079440000000 1.0
C      1  0.5141180000000  0.4920560000000  0.5425690000000 1.0
C      1  0.4858820000000  0.4920560000000  0.4574310000000 1.0
C      1  0.5141180000000  0.5079440000000  0.4574310000000 1.0
C      1  0.4920560000000  0.5425690000000  0.5141180000000 1.0
C      1  0.5079440000000  0.5425690000000  0.4858820000000 1.0
C      1  0.4920560000000  0.4574310000000  0.4858820000000 1.0
C      1  0.4437890000000  0.4924430000000  0.4924050000000 1.0
C      1  0.4924430000000  0.4924050000000  0.4437890000000 1.0
C      1  0.4924050000000  0.4437890000000  0.4924430000000 1.0
C      1  0.5562110000000  0.5075570000000  0.4924050000000 1.0
C      1  0.4437890000000  0.5075570000000  0.5075950000000 1.0
C      1  0.5562110000000  0.4924430000000  0.5075950000000 1.0
C      1  0.5075570000000  0.5075950000000  0.4437890000000 1.0
C      1  0.4924430000000  0.5075950000000  0.5562110000000 1.0
C      1  0.5075570000000  0.4924050000000  0.5562110000000 1.0
C      1  0.5075950000000  0.5562110000000  0.4924430000000 1.0
C      1  0.4924050000000  0.5562110000000  0.5075570000000 1.0
C      1  0.5075950000000  0.4437890000000  0.5075570000000 1.0
C      1  0.4437890000000  0.4924430000000  0.5075950000000 1.0
C      1  0.4924430000000  0.4924050000000  0.5562110000000 1.0
C      1  0.4924050000000  0.4437890000000  0.5075570000000 1.0
C      1  0.5562110000000  0.5075570000000  0.5075950000000 1.0
C      1  0.4437890000000  0.5075570000000  0.4924050000000 1.0
C      1  0.5562110000000  0.4924430000000  0.4924050000000 1.0
C      1  0.5075570000000  0.5075950000000  0.5562110000000 1.0
C      1  0.4924430000000  0.5075950000000  0.4437890000000 1.0
C      1  0.5075570000000  0.4924050000000  0.4437890000000 1.0
C      1  0.5075950000000  0.5562110000000  0.5075570000000 1.0
C      1  0.4924050000000  0.5562110000000  0.4924430000000 1.0
C      1  0.5075950000000  0.4437890000000  0.4924430000000 1.0
C      1  0.4691640000000  0.4625850000000  0.4919570000000 1.0
C      1  0.4625850000000  0.4919570000000  0.4691640000000 1.0
C      1  0.4919570000000  0.4691640000000  0.4625850000000 1.0
C      1  0.5308360000000  0.5374150000000  0.4919570000000 1.0
C      1  0.4691640000000  0.5374150000000  0.5080430000000 1.0
C      1  0.5308360000000  0.4625850000000  0.5080430000000 1.0
C      1  0.5374150000000  0.5080430000000  0.4691640000000 1.0
C      1  0.4625850000000  0.5080430000000  0.5308360000000 1.0
C      1  0.5374150000000  0.4919570000000  0.5308360000000 1.0
C      1  0.5080430000000  0.5308360000000  0.4625850000000 1.0
