TITL C-1887024-9872-29 -2.61218362335557e-07 1000000 -4612.98478227247 0 0 660 (Th) n - 1
REM
REM in /nfs/bkarasulu/CARBON/AIRSS/Generating-Clusters/GAP-ML-2020/Higher-Symm/Selected-Sizes/TryA-Only_Ih-Symm/Larger-Clusters
REM
REM
REM
REM
REM
REM ./C.cell (2cf5181f0f1d4d5b12b972d32ad12063)
REM
REM compiler GCC version 9.2.1 20190827 (Red Hat 9.2.1-1)
REM options -cpp -mtune=generic -march=x86-64 -g -O0 -fpre-include=/usr/include/finclude/math-vector-fortran.h
REM seed -294718075 1589450269 -817793561 986429159 -1028298529 -529520109 -394826442 -1548118323 1981267916 2133194598 249444889 1683748933 -879769141 778218672 -1068537924 -204795394 779212766 -163779556 -90607075 -1432293471 768093566 -185113802 855095487 328919709 -1477573783 1986999614 -86256186 1291272900 -1622265910 245048551 -809284996 -959074667 -2082060126
REM
CELL 1.54180  100.00000  100.00000  100.00000   90.00000   90.00000   90.00000
LATT -1
SFAC C  
C      1  0.4471850000000  0.4529010000000  0.5312680000000 1.0
C      1  0.4529010000000  0.5312680000000  0.4471850000000 1.0
C      1  0.5312680000000  0.4471850000000  0.4529010000000 1.0
C      1  0.5528150000000  0.5470990000000  0.5312680000000 1.0
C      1  0.4471850000000  0.5470990000000  0.4687320000000 1.0
C      1  0.5528150000000  0.4529010000000  0.4687320000000 1.0
C      1  0.5470990000000  0.4687320000000  0.4471850000000 1.0
C      1  0.4529010000000  0.4687320000000  0.5528150000000 1.0
C      1  0.5470990000000  0.5312680000000  0.5528150000000 1.0
C      1  0.4687320000000  0.5528150000000  0.4529010000000 1.0
C      1  0.5312680000000  0.5528150000000  0.5470990000000 1.0
C      1  0.4687320000000  0.4471850000000  0.5470990000000 1.0
C      1  0.4471850000000  0.4529010000000  0.4687320000000 1.0
C      1  0.4529010000000  0.5312680000000  0.5528150000000 1.0
C      1  0.5312680000000  0.4471850000000  0.5470990000000 1.0
C      1  0.5528150000000  0.5470990000000  0.4687320000000 1.0
C      1  0.4471850000000  0.5470990000000  0.5312680000000 1.0
C      1  0.5528150000000  0.4529010000000  0.5312680000000 1.0
C      1  0.5470990000000  0.4687320000000  0.5528150000000 1.0
C      1  0.4529010000000  0.4687320000000  0.4471850000000 1.0
C      1  0.5470990000000  0.5312680000000  0.4471850000000 1.0
C      1  0.4687320000000  0.5528150000000  0.5470990000000 1.0
C      1  0.5312680000000  0.5528150000000  0.4529010000000 1.0
C      1  0.4687320000000  0.4471850000000  0.4529010000000 1.0
C      1  0.4559970000000  0.5165660000000  0.4440980000000 1.0
C      1  0.5165660000000  0.4440980000000  0.4559970000000 1.0
C      1  0.4440980000000  0.4559970000000  0.5165660000000 1.0
C      1  0.5440030000000  0.4834340000000  0.4440980000000 1.0
C      1  0.4559970000000  0.4834340000000  0.5559020000000 1.0
C      1  0.5440030000000  0.5165660000000  0.5559020000000 1.0
C      1  0.4834340000000  0.5559020000000  0.4559970000000 1.0
C      1  0.5165660000000  0.5559020000000  0.5440030000000 1.0
C      1  0.4834340000000  0.4440980000000  0.5440030000000 1.0
C      1  0.5559020000000  0.5440030000000  0.5165660000000 1.0
C      1  0.4440980000000  0.5440030000000  0.4834340000000 1.0
C      1  0.5559020000000  0.4559970000000  0.4834340000000 1.0
C      1  0.4559970000000  0.5165660000000  0.5559020000000 1.0
C      1  0.5165660000000  0.4440980000000  0.5440030000000 1.0
C      1  0.4440980000000  0.4559970000000  0.4834340000000 1.0
C      1  0.5440030000000  0.4834340000000  0.5559020000000 1.0
C      1  0.4559970000000  0.4834340000000  0.4440980000000 1.0
C      1  0.5440030000000  0.5165660000000  0.4440980000000 1.0
C      1  0.4834340000000  0.5559020000000  0.5440030000000 1.0
C      1  0.5165660000000  0.5559020000000  0.4559970000000 1.0
C      1  0.4834340000000  0.4440980000000  0.4559970000000 1.0
C      1  0.5559020000000  0.5440030000000  0.4834340000000 1.0
C      1  0.4440980000000  0.5440030000000  0.5165660000000 1.0
C      1  0.5559020000000  0.4559970000000  0.5165660000000 1.0
C      1  0.5083900000000  0.4252690000000  0.4748980000000 1.0
C      1  0.4252690000000  0.4748980000000  0.5083900000000 1.0
C      1  0.4748980000000  0.5083900000000  0.4252690000000 1.0
C      1  0.4916100000000  0.5747310000000  0.4748980000000 1.0
C      1  0.5083900000000  0.5747310000000  0.5251020000000 1.0
C      1  0.4916100000000  0.4252690000000  0.5251020000000 1.0
C      1  0.5747310000000  0.5251020000000  0.5083900000000 1.0
C      1  0.4252690000000  0.5251020000000  0.4916100000000 1.0
C      1  0.5747310000000  0.4748980000000  0.4916100000000 1.0
C      1  0.5251020000000  0.4916100000000  0.4252690000000 1.0
C      1  0.4748980000000  0.4916100000000  0.5747310000000 1.0
C      1  0.5251020000000  0.5083900000000  0.5747310000000 1.0
C      1  0.5083900000000  0.4252690000000  0.5251020000000 1.0
C      1  0.4252690000000  0.4748980000000  0.4916100000000 1.0
C      1  0.4748980000000  0.5083900000000  0.5747310000000 1.0
C      1  0.4916100000000  0.5747310000000  0.5251020000000 1.0
C      1  0.5083900000000  0.5747310000000  0.4748980000000 1.0
C      1  0.4916100000000  0.4252690000000  0.4748980000000 1.0
C      1  0.5747310000000  0.5251020000000  0.4916100000000 1.0
C      1  0.4252690000000  0.5251020000000  0.5083900000000 1.0
C      1  0.5747310000000  0.4748980000000  0.5083900000000 1.0
C      1  0.5251020000000  0.4916100000000  0.5747310000000 1.0
C      1  0.4748980000000  0.4916100000000  0.4252690000000 1.0
C      1  0.5251020000000  0.5083900000000  0.4252690000000 1.0
C      1  0.5499830000000  0.4881940000000  0.5308150000000 1.0
C      1  0.4881940000000  0.5308150000000  0.5499830000000 1.0
C      1  0.5308150000000  0.5499830000000  0.4881940000000 1.0
C      1  0.4500170000000  0.5118060000000  0.5308150000000 1.0
C      1  0.5499830000000  0.5118060000000  0.4691850000000 1.0
C      1  0.4500170000000  0.4881940000000  0.4691850000000 1.0
C      1  0.5118060000000  0.4691850000000  0.5499830000000 1.0
C      1  0.4881940000000  0.4691850000000  0.4500170000000 1.0
C      1  0.5118060000000  0.5308150000000  0.4500170000000 1.0
C      1  0.4691850000000  0.4500170000000  0.4881940000000 1.0
C      1  0.5308150000000  0.4500170000000  0.5118060000000 1.0
C      1  0.4691850000000  0.5499830000000  0.5118060000000 1.0
C      1  0.5499830000000  0.4881940000000  0.4691850000000 1.0
C      1  0.4881940000000  0.5308150000000  0.4500170000000 1.0
C      1  0.5308150000000  0.5499830000000  0.5118060000000 1.0
C      1  0.4500170000000  0.5118060000000  0.4691850000000 1.0
C      1  0.5499830000000  0.5118060000000  0.5308150000000 1.0
C      1  0.4500170000000  0.4881940000000  0.5308150000000 1.0
C      1  0.5118060000000  0.4691850000000  0.4500170000000 1.0
C      1  0.4881940000000  0.4691850000000  0.5499830000000 1.0
C      1  0.5118060000000  0.5308150000000  0.5499830000000 1.0
C      1  0.4691850000000  0.4500170000000  0.5118060000000 1.0
C      1  0.5308150000000  0.4500170000000  0.4881940000000 1.0
C      1  0.4691850000000  0.5499830000000  0.4881940000000 1.0
C      1  0.4610200000000  0.4251330000000  0.5166070000000 1.0
C      1  0.4251330000000  0.5166070000000  0.4610200000000 1.0
C      1  0.5166070000000  0.4610200000000  0.4251330000000 1.0
C      1  0.5389800000000  0.5748670000000  0.5166070000000 1.0
C      1  0.4610200000000  0.5748670000000  0.4833930000000 1.0
C      1  0.5389800000000  0.4251330000000  0.4833930000000 1.0
C      1  0.5748670000000  0.4833930000000  0.4610200000000 1.0
C      1  0.4251330000000  0.4833930000000  0.5389800000000 1.0
C      1  0.5748670000000  0.5166070000000  0.5389800000000 1.0
C      1  0.4833930000000  0.5389800000000  0.4251330000000 1.0
C      1  0.5166070000000  0.5389800000000  0.5748670000000 1.0
C      1  0.4833930000000  0.4610200000000  0.5748670000000 1.0
C      1  0.4610200000000  0.4251330000000  0.4833930000000 1.0
C      1  0.4251330000000  0.5166070000000  0.5389800000000 1.0
C      1  0.5166070000000  0.4610200000000  0.5748670000000 1.0
C      1  0.5389800000000  0.5748670000000  0.4833930000000 1.0
C      1  0.4610200000000  0.5748670000000  0.5166070000000 1.0
C      1  0.5389800000000  0.4251330000000  0.5166070000000 1.0
C      1  0.5748670000000  0.4833930000000  0.5389800000000 1.0
C      1  0.4251330000000  0.4833930000000  0.4610200000000 1.0
C      1  0.5748670000000  0.5166070000000  0.4610200000000 1.0
C      1  0.4833930000000  0.5389800000000  0.5748670000000 1.0
C      1  0.5166070000000  0.5389800000000  0.4251330000000 1.0
C      1  0.4833930000000  0.4610200000000  0.4251330000000 1.0
C      1  0.5072270000000  0.4090890000000  0.5072720000000 1.0
C      1  0.4090890000000  0.5072720000000  0.5072270000000 1.0
C      1  0.5072720000000  0.5072270000000  0.4090890000000 1.0
C      1  0.4927730000000  0.5909110000000  0.5072720000000 1.0
C      1  0.5072270000000  0.5909110000000  0.4927280000000 1.0
C      1  0.4927730000000  0.4090890000000  0.4927280000000 1.0
C      1  0.5909110000000  0.4927280000000  0.5072270000000 1.0
C      1  0.4090890000000  0.4927280000000  0.4927730000000 1.0
C      1  0.5909110000000  0.5072720000000  0.4927730000000 1.0
C      1  0.4927280000000  0.4927730000000  0.4090890000000 1.0
C      1  0.5072720000000  0.4927730000000  0.5909110000000 1.0
C      1  0.4927280000000  0.5072270000000  0.5909110000000 1.0
C      1  0.5072270000000  0.4090890000000  0.4927280000000 1.0
C      1  0.4090890000000  0.5072720000000  0.4927730000000 1.0
C      1  0.5072720000000  0.5072270000000  0.5909110000000 1.0
C      1  0.4927730000000  0.5909110000000  0.4927280000000 1.0
C      1  0.5072270000000  0.5909110000000  0.5072720000000 1.0
C      1  0.4927730000000  0.4090890000000  0.5072720000000 1.0
C      1  0.5909110000000  0.4927280000000  0.4927730000000 1.0
C      1  0.4090890000000  0.4927280000000  0.5072270000000 1.0
C      1  0.5909110000000  0.5072720000000  0.5072270000000 1.0
C      1  0.4927280000000  0.4927730000000  0.5909110000000 1.0
C      1  0.5072720000000  0.4927730000000  0.4090890000000 1.0
C      1  0.4927280000000  0.5072270000000  0.4090890000000 1.0
C      1  0.4451990000000  0.4656650000000  0.4607850000000 1.0
C      1  0.4656650000000  0.4607850000000  0.4451990000000 1.0
C      1  0.4607850000000  0.4451990000000  0.4656650000000 1.0
C      1  0.5548010000000  0.5343350000000  0.4607850000000 1.0
C      1  0.4451990000000  0.5343350000000  0.5392150000000 1.0
C      1  0.5548010000000  0.4656650000000  0.5392150000000 1.0
C      1  0.5343350000000  0.5392150000000  0.4451990000000 1.0
C      1  0.4656650000000  0.5392150000000  0.5548010000000 1.0
C      1  0.5343350000000  0.4607850000000  0.5548010000000 1.0
C      1  0.5392150000000  0.5548010000000  0.4656650000000 1.0
C      1  0.4607850000000  0.5548010000000  0.5343350000000 1.0
C      1  0.5392150000000  0.4451990000000  0.5343350000000 1.0
C      1  0.4451990000000  0.4656650000000  0.5392150000000 1.0
C      1  0.4656650000000  0.4607850000000  0.5548010000000 1.0
C      1  0.4607850000000  0.4451990000000  0.5343350000000 1.0
C      1  0.5548010000000  0.5343350000000  0.5392150000000 1.0
C      1  0.4451990000000  0.5343350000000  0.4607850000000 1.0
C      1  0.5548010000000  0.4656650000000  0.4607850000000 1.0
C      1  0.5343350000000  0.5392150000000  0.5548010000000 1.0
C      1  0.4656650000000  0.5392150000000  0.4451990000000 1.0
C      1  0.5343350000000  0.4607850000000  0.4451990000000 1.0
C      1  0.5392150000000  0.5548010000000  0.5343350000000 1.0
C      1  0.4607850000000  0.5548010000000  0.4656650000000 1.0
C      1  0.5392150000000  0.4451990000000  0.4656650000000 1.0
C      1  0.5295170000000  0.4848480000000  0.4488490000000 1.0
C      1  0.4848480000000  0.4488490000000  0.5295170000000 1.0
C      1  0.4488490000000  0.5295170000000  0.4848480000000 1.0
C      1  0.4704830000000  0.5151520000000  0.4488490000000 1.0
C      1  0.5295170000000  0.5151520000000  0.5511510000000 1.0
C      1  0.4704830000000  0.4848480000000  0.5511510000000 1.0
C      1  0.5151520000000  0.5511510000000  0.5295170000000 1.0
C      1  0.4848480000000  0.5511510000000  0.4704830000000 1.0
C      1  0.5151520000000  0.4488490000000  0.4704830000000 1.0
C      1  0.5511510000000  0.4704830000000  0.4848480000000 1.0
C      1  0.4488490000000  0.4704830000000  0.5151520000000 1.0
C      1  0.5511510000000  0.5295170000000  0.5151520000000 1.0
C      1  0.5295170000000  0.4848480000000  0.5511510000000 1.0
C      1  0.4848480000000  0.4488490000000  0.4704830000000 1.0
C      1  0.4488490000000  0.5295170000000  0.5151520000000 1.0
C      1  0.4704830000000  0.5151520000000  0.5511510000000 1.0
C      1  0.5295170000000  0.5151520000000  0.4488490000000 1.0
C      1  0.4704830000000  0.4848480000000  0.4488490000000 1.0
C      1  0.5151520000000  0.5511510000000  0.4704830000000 1.0
C      1  0.4848480000000  0.5511510000000  0.5295170000000 1.0
C      1  0.5151520000000  0.4488490000000  0.5295170000000 1.0
C      1  0.5511510000000  0.4704830000000  0.5151520000000 1.0
C      1  0.4488490000000  0.4704830000000  0.4848480000000 1.0
C      1  0.5511510000000  0.5295170000000  0.4848480000000 1.0
C      1  0.4923440000000  0.4540120000000  0.4471720000000 1.0
C      1  0.4540120000000  0.4471720000000  0.4923440000000 1.0
C      1  0.4471720000000  0.4923440000000  0.4540120000000 1.0
C      1  0.5076560000000  0.5459880000000  0.4471720000000 1.0
C      1  0.4923440000000  0.5459880000000  0.5528280000000 1.0
C      1  0.5076560000000  0.4540120000000  0.5528280000000 1.0
C      1  0.5459880000000  0.5528280000000  0.4923440000000 1.0
C      1  0.4540120000000  0.5528280000000  0.5076560000000 1.0
C      1  0.5459880000000  0.4471720000000  0.5076560000000 1.0
C      1  0.5528280000000  0.5076560000000  0.4540120000000 1.0
C      1  0.4471720000000  0.5076560000000  0.5459880000000 1.0
C      1  0.5528280000000  0.4923440000000  0.5459880000000 1.0
C      1  0.4923440000000  0.4540120000000  0.5528280000000 1.0
C      1  0.4540120000000  0.4471720000000  0.5076560000000 1.0
C      1  0.4471720000000  0.4923440000000  0.5459880000000 1.0
C      1  0.5076560000000  0.5459880000000  0.5528280000000 1.0
C      1  0.4923440000000  0.5459880000000  0.4471720000000 1.0
C      1  0.5076560000000  0.4540120000000  0.4471720000000 1.0
C      1  0.5459880000000  0.5528280000000  0.5076560000000 1.0
C      1  0.4540120000000  0.5528280000000  0.4923440000000 1.0
C      1  0.5459880000000  0.4471720000000  0.4923440000000 1.0
C      1  0.5528280000000  0.5076560000000  0.5459880000000 1.0
C      1  0.4471720000000  0.5076560000000  0.4540120000000 1.0
C      1  0.5528280000000  0.4923440000000  0.4540120000000 1.0
C      1  0.4671590000000  0.4871120000000  0.5143950000000 1.0
C      1  0.4871120000000  0.5143950000000  0.4671590000000 1.0
C      1  0.5143950000000  0.4671590000000  0.4871120000000 1.0
C      1  0.5328410000000  0.5128880000000  0.5143950000000 1.0
C      1  0.4671590000000  0.5128880000000  0.4856050000000 1.0
C      1  0.5328410000000  0.4871120000000  0.4856050000000 1.0
C      1  0.5128880000000  0.4856050000000  0.4671590000000 1.0
C      1  0.4871120000000  0.4856050000000  0.5328410000000 1.0
C      1  0.5128880000000  0.5143950000000  0.5328410000000 1.0
C      1  0.4856050000000  0.5328410000000  0.4871120000000 1.0
C      1  0.5143950000000  0.5328410000000  0.5128880000000 1.0
C      1  0.4856050000000  0.4671590000000  0.5128880000000 1.0
C      1  0.4671590000000  0.4871120000000  0.4856050000000 1.0
C      1  0.4871120000000  0.5143950000000  0.5328410000000 1.0
C      1  0.5143950000000  0.4671590000000  0.5128880000000 1.0
C      1  0.5328410000000  0.5128880000000  0.4856050000000 1.0
C      1  0.4671590000000  0.5128880000000  0.5143950000000 1.0
C      1  0.5328410000000  0.4871120000000  0.5143950000000 1.0
C      1  0.5128880000000  0.4856050000000  0.5328410000000 1.0
C      1  0.4871120000000  0.4856050000000  0.4671590000000 1.0
C      1  0.5128880000000  0.5143950000000  0.4671590000000 1.0
C      1  0.4856050000000  0.5328410000000  0.5128880000000 1.0
C      1  0.5143950000000  0.5328410000000  0.4871120000000 1.0
C      1  0.4856050000000  0.4671590000000  0.4871120000000 1.0
C      1  0.4928280000000  0.4376300000000  0.5731860000000 1.0
C      1  0.4376300000000  0.5731860000000  0.4928280000000 1.0
C      1  0.5731860000000  0.4928280000000  0.4376300000000 1.0
C      1  0.5071720000000  0.5623700000000  0.5731860000000 1.0
C      1  0.4928280000000  0.5623700000000  0.4268140000000 1.0
C      1  0.5071720000000  0.4376300000000  0.4268140000000 1.0
C      1  0.5623700000000  0.4268140000000  0.4928280000000 1.0
C      1  0.4376300000000  0.4268140000000  0.5071720000000 1.0
C      1  0.5623700000000  0.5731860000000  0.5071720000000 1.0
C      1  0.4268140000000  0.5071720000000  0.4376300000000 1.0
C      1  0.5731860000000  0.5071720000000  0.5623700000000 1.0
C      1  0.4268140000000  0.4928280000000  0.5623700000000 1.0
C      1  0.4928280000000  0.4376300000000  0.4268140000000 1.0
C      1  0.4376300000000  0.5731860000000  0.5071720000000 1.0
C      1  0.5731860000000  0.4928280000000  0.5623700000000 1.0
C      1  0.5071720000000  0.5623700000000  0.4268140000000 1.0
C      1  0.4928280000000  0.5623700000000  0.5731860000000 1.0
C      1  0.5071720000000  0.4376300000000  0.5731860000000 1.0
C      1  0.5623700000000  0.4268140000000  0.5071720000000 1.0
C      1  0.4376300000000  0.4268140000000  0.4928280000000 1.0
C      1  0.5623700000000  0.5731860000000  0.4928280000000 1.0
C      1  0.4268140000000  0.5071720000000  0.5623700000000 1.0
C      1  0.5731860000000  0.5071720000000  0.4376300000000 1.0
C      1  0.4268140000000  0.4928280000000  0.4376300000000 1.0
C      1  0.5483060000000  0.5679100000000  0.5078770000000 1.0
C      1  0.5679100000000  0.5078770000000  0.5483060000000 1.0
C      1  0.5078770000000  0.5483060000000  0.5679100000000 1.0
C      1  0.4516940000000  0.4320900000000  0.5078770000000 1.0
C      1  0.5483060000000  0.4320900000000  0.4921230000000 1.0
C      1  0.4516940000000  0.5679100000000  0.4921230000000 1.0
C      1  0.4320900000000  0.4921230000000  0.5483060000000 1.0
C      1  0.5679100000000  0.4921230000000  0.4516940000000 1.0
C      1  0.4320900000000  0.5078770000000  0.4516940000000 1.0
C      1  0.4921230000000  0.4516940000000  0.5679100000000 1.0
C      1  0.5078770000000  0.4516940000000  0.4320900000000 1.0
C      1  0.4921230000000  0.5483060000000  0.4320900000000 1.0
C      1  0.5483060000000  0.5679100000000  0.4921230000000 1.0
C      1  0.5679100000000  0.5078770000000  0.4516940000000 1.0
C      1  0.5078770000000  0.5483060000000  0.4320900000000 1.0
C      1  0.4516940000000  0.4320900000000  0.4921230000000 1.0
C      1  0.5483060000000  0.4320900000000  0.5078770000000 1.0
C      1  0.4516940000000  0.5679100000000  0.5078770000000 1.0
C      1  0.4320900000000  0.4921230000000  0.4516940000000 1.0
C      1  0.5679100000000  0.4921230000000  0.5483060000000 1.0
C      1  0.4320900000000  0.5078770000000  0.5483060000000 1.0
C      1  0.4921230000000  0.4516940000000  0.4320900000000 1.0
C      1  0.5078770000000  0.4516940000000  0.5679100000000 1.0
C      1  0.4921230000000  0.5483060000000  0.5679100000000 1.0
C      1  0.5709830000000  0.5402110000000  0.4883350000000 1.0
C      1  0.5402110000000  0.4883350000000  0.5709830000000 1.0
C      1  0.4883350000000  0.5709830000000  0.5402110000000 1.0
C      1  0.4290170000000  0.4597890000000  0.4883350000000 1.0
C      1  0.5709830000000  0.4597890000000  0.5116650000000 1.0
C      1  0.4290170000000  0.5402110000000  0.5116650000000 1.0
C      1  0.4597890000000  0.5116650000000  0.5709830000000 1.0
C      1  0.5402110000000  0.5116650000000  0.4290170000000 1.0
C      1  0.4597890000000  0.4883350000000  0.4290170000000 1.0
C      1  0.5116650000000  0.4290170000000  0.5402110000000 1.0
C      1  0.4883350000000  0.4290170000000  0.4597890000000 1.0
C      1  0.5116650000000  0.5709830000000  0.4597890000000 1.0
C      1  0.5709830000000  0.5402110000000  0.5116650000000 1.0
C      1  0.5402110000000  0.4883350000000  0.4290170000000 1.0
C      1  0.4883350000000  0.5709830000000  0.4597890000000 1.0
C      1  0.4290170000000  0.4597890000000  0.5116650000000 1.0
C      1  0.5709830000000  0.4597890000000  0.4883350000000 1.0
C      1  0.4290170000000  0.5402110000000  0.4883350000000 1.0
C      1  0.4597890000000  0.5116650000000  0.4290170000000 1.0
C      1  0.5402110000000  0.5116650000000  0.5709830000000 1.0
C      1  0.4597890000000  0.4883350000000  0.5709830000000 1.0
C      1  0.5116650000000  0.4290170000000  0.4597890000000 1.0
C      1  0.4883350000000  0.4290170000000  0.5402110000000 1.0
C      1  0.5116650000000  0.5709830000000  0.5402110000000 1.0
C      1  0.5563820000000  0.5074860000000  0.5166120000000 1.0
C      1  0.5074860000000  0.5166120000000  0.5563820000000 1.0
C      1  0.5166120000000  0.5563820000000  0.5074860000000 1.0
C      1  0.4436180000000  0.4925140000000  0.5166120000000 1.0
C      1  0.5563820000000  0.4925140000000  0.4833880000000 1.0
C      1  0.4436180000000  0.5074860000000  0.4833880000000 1.0
C      1  0.4925140000000  0.4833880000000  0.5563820000000 1.0
C      1  0.5074860000000  0.4833880000000  0.4436180000000 1.0
C      1  0.4925140000000  0.5166120000000  0.4436180000000 1.0
C      1  0.4833880000000  0.4436180000000  0.5074860000000 1.0
C      1  0.5166120000000  0.4436180000000  0.4925140000000 1.0
C      1  0.4833880000000  0.5563820000000  0.4925140000000 1.0
C      1  0.5563820000000  0.5074860000000  0.4833880000000 1.0
C      1  0.5074860000000  0.5166120000000  0.4436180000000 1.0
C      1  0.5166120000000  0.5563820000000  0.4925140000000 1.0
C      1  0.4436180000000  0.4925140000000  0.4833880000000 1.0
C      1  0.5563820000000  0.4925140000000  0.5166120000000 1.0
C      1  0.4436180000000  0.5074860000000  0.5166120000000 1.0
C      1  0.4925140000000  0.4833880000000  0.4436180000000 1.0
C      1  0.5074860000000  0.4833880000000  0.5563820000000 1.0
C      1  0.4925140000000  0.5166120000000  0.5563820000000 1.0
C      1  0.4833880000000  0.4436180000000  0.4925140000000 1.0
C      1  0.5166120000000  0.4436180000000  0.5074860000000 1.0
C      1  0.4833880000000  0.5563820000000  0.5074860000000 1.0
C      1  0.4925710000000  0.5442230000000  0.4925760000000 1.0
C      1  0.5442230000000  0.4925760000000  0.4925710000000 1.0
C      1  0.4925760000000  0.4925710000000  0.5442230000000 1.0
C      1  0.5074290000000  0.4557770000000  0.4925760000000 1.0
C      1  0.4925710000000  0.4557770000000  0.5074240000000 1.0
C      1  0.5074290000000  0.5442230000000  0.5074240000000 1.0
C      1  0.4557770000000  0.5074240000000  0.4925710000000 1.0
C      1  0.5442230000000  0.5074240000000  0.5074290000000 1.0
C      1  0.4557770000000  0.4925760000000  0.5074290000000 1.0
C      1  0.5074240000000  0.5074290000000  0.5442230000000 1.0
C      1  0.4925760000000  0.5074290000000  0.4557770000000 1.0
C      1  0.5074240000000  0.4925710000000  0.4557770000000 1.0
C      1  0.4925710000000  0.5442230000000  0.5074240000000 1.0
C      1  0.5442230000000  0.4925760000000  0.5074290000000 1.0
C      1  0.4925760000000  0.4925710000000  0.4557770000000 1.0
C      1  0.5074290000000  0.4557770000000  0.5074240000000 1.0
C      1  0.4925710000000  0.4557770000000  0.4925760000000 1.0
C      1  0.5074290000000  0.5442230000000  0.4925760000000 1.0
C      1  0.4557770000000  0.5074240000000  0.5074290000000 1.0
C      1  0.5442230000000  0.5074240000000  0.4925710000000 1.0
C      1  0.4557770000000  0.4925760000000  0.4925710000000 1.0
C      1  0.5074240000000  0.5074290000000  0.4557770000000 1.0
C      1  0.4925760000000  0.5074290000000  0.5442230000000 1.0
C      1  0.5074240000000  0.4925710000000  0.5442230000000 1.0
C      1  0.5543110000000  0.5712990000000  0.4610070000000 1.0
C      1  0.5712990000000  0.4610070000000  0.5543110000000 1.0
C      1  0.4610070000000  0.5543110000000  0.5712990000000 1.0
C      1  0.4456890000000  0.4287010000000  0.4610070000000 1.0
C      1  0.5543110000000  0.4287010000000  0.5389930000000 1.0
C      1  0.4456890000000  0.5712990000000  0.5389930000000 1.0
C      1  0.4287010000000  0.5389930000000  0.5543110000000 1.0
C      1  0.5712990000000  0.5389930000000  0.4456890000000 1.0
C      1  0.4287010000000  0.4610070000000  0.4456890000000 1.0
C      1  0.5389930000000  0.4456890000000  0.5712990000000 1.0
C      1  0.4610070000000  0.4456890000000  0.4287010000000 1.0
C      1  0.5389930000000  0.5543110000000  0.4287010000000 1.0
C      1  0.5543110000000  0.5712990000000  0.5389930000000 1.0
C      1  0.5712990000000  0.4610070000000  0.4456890000000 1.0
C      1  0.4610070000000  0.5543110000000  0.4287010000000 1.0
C      1  0.4456890000000  0.4287010000000  0.5389930000000 1.0
C      1  0.5543110000000  0.4287010000000  0.4610070000000 1.0
C      1  0.4456890000000  0.5712990000000  0.4610070000000 1.0
C      1  0.4287010000000  0.5389930000000  0.4456890000000 1.0
C      1  0.5712990000000  0.5389930000000  0.5543110000000 1.0
C      1  0.4287010000000  0.4610070000000  0.5543110000000 1.0
C      1  0.5389930000000  0.4456890000000  0.4287010000000 1.0
C      1  0.4610070000000  0.4456890000000  0.5712990000000 1.0
C      1  0.5389930000000  0.5543110000000  0.5712990000000 1.0
C      1  0.5082810000000  0.5285090000000  0.5803740000000 1.0
C      1  0.5285090000000  0.5803740000000  0.5082810000000 1.0
C      1  0.5803740000000  0.5082810000000  0.5285090000000 1.0
C      1  0.4917190000000  0.4714910000000  0.5803740000000 1.0
C      1  0.5082810000000  0.4714910000000  0.4196260000000 1.0
C      1  0.4917190000000  0.5285090000000  0.4196260000000 1.0
C      1  0.4714910000000  0.4196260000000  0.5082810000000 1.0
C      1  0.5285090000000  0.4196260000000  0.4917190000000 1.0
C      1  0.4714910000000  0.5803740000000  0.4917190000000 1.0
C      1  0.4196260000000  0.4917190000000  0.5285090000000 1.0
C      1  0.5803740000000  0.4917190000000  0.4714910000000 1.0
C      1  0.4196260000000  0.5082810000000  0.4714910000000 1.0
C      1  0.5082810000000  0.5285090000000  0.4196260000000 1.0
C      1  0.5285090000000  0.5803740000000  0.4917190000000 1.0
C      1  0.5803740000000  0.5082810000000  0.4714910000000 1.0
C      1  0.4917190000000  0.4714910000000  0.4196260000000 1.0
C      1  0.5082810000000  0.4714910000000  0.5803740000000 1.0
C      1  0.4917190000000  0.5285090000000  0.5803740000000 1.0
C      1  0.4714910000000  0.4196260000000  0.4917190000000 1.0
C      1  0.5285090000000  0.4196260000000  0.5082810000000 1.0
C      1  0.4714910000000  0.5803740000000  0.5082810000000 1.0
C      1  0.4196260000000  0.4917190000000  0.4714910000000 1.0
C      1  0.5803740000000  0.4917190000000  0.5285090000000 1.0
C      1  0.4196260000000  0.5082810000000  0.5285090000000 1.0
C      1  0.5604150000000  0.4804950000000  0.4919910000000 1.0
C      1  0.4804950000000  0.4919910000000  0.5604150000000 1.0
C      1  0.4919910000000  0.5604150000000  0.4804950000000 1.0
C      1  0.4395850000000  0.5195050000000  0.4919910000000 1.0
C      1  0.5604150000000  0.5195050000000  0.5080090000000 1.0
C      1  0.4395850000000  0.4804950000000  0.5080090000000 1.0
C      1  0.5195050000000  0.5080090000000  0.5604150000000 1.0
C      1  0.4804950000000  0.5080090000000  0.4395850000000 1.0
C      1  0.5195050000000  0.4919910000000  0.4395850000000 1.0
C      1  0.5080090000000  0.4395850000000  0.4804950000000 1.0
C      1  0.4919910000000  0.4395850000000  0.5195050000000 1.0
C      1  0.5080090000000  0.5604150000000  0.5195050000000 1.0
C      1  0.5604150000000  0.4804950000000  0.5080090000000 1.0
C      1  0.4804950000000  0.4919910000000  0.4395850000000 1.0
C      1  0.4919910000000  0.5604150000000  0.5195050000000 1.0
C      1  0.4395850000000  0.5195050000000  0.5080090000000 1.0
C      1  0.5604150000000  0.5195050000000  0.4919910000000 1.0
C      1  0.4395850000000  0.4804950000000  0.4919910000000 1.0
C      1  0.5195050000000  0.5080090000000  0.4395850000000 1.0
C      1  0.4804950000000  0.5080090000000  0.5604150000000 1.0
C      1  0.5195050000000  0.4919910000000  0.5604150000000 1.0
C      1  0.5080090000000  0.4395850000000  0.5195050000000 1.0
C      1  0.4919910000000  0.4395850000000  0.4804950000000 1.0
C      1  0.5080090000000  0.5604150000000  0.4804950000000 1.0
C      1  0.4626030000000  0.5264280000000  0.5131320000000 1.0
C      1  0.5264280000000  0.5131320000000  0.4626030000000 1.0
C      1  0.5131320000000  0.4626030000000  0.5264280000000 1.0
C      1  0.5373970000000  0.4735720000000  0.5131320000000 1.0
C      1  0.4626030000000  0.4735720000000  0.4868680000000 1.0
C      1  0.5373970000000  0.5264280000000  0.4868680000000 1.0
C      1  0.4735720000000  0.4868680000000  0.4626030000000 1.0
C      1  0.5264280000000  0.4868680000000  0.5373970000000 1.0
C      1  0.4735720000000  0.5131320000000  0.5373970000000 1.0
C      1  0.4868680000000  0.5373970000000  0.5264280000000 1.0
C      1  0.5131320000000  0.5373970000000  0.4735720000000 1.0
C      1  0.4868680000000  0.4626030000000  0.4735720000000 1.0
C      1  0.4626030000000  0.5264280000000  0.4868680000000 1.0
C      1  0.5264280000000  0.5131320000000  0.5373970000000 1.0
C      1  0.5131320000000  0.4626030000000  0.4735720000000 1.0
C      1  0.5373970000000  0.4735720000000  0.4868680000000 1.0
C      1  0.4626030000000  0.4735720000000  0.5131320000000 1.0
C      1  0.5373970000000  0.5264280000000  0.5131320000000 1.0
C      1  0.4735720000000  0.4868680000000  0.5373970000000 1.0
C      1  0.5264280000000  0.4868680000000  0.4626030000000 1.0
C      1  0.4735720000000  0.5131320000000  0.4626030000000 1.0
C      1  0.4868680000000  0.5373970000000  0.4735720000000 1.0
C      1  0.5131320000000  0.5373970000000  0.5264280000000 1.0
C      1  0.4868680000000  0.4626030000000  0.5264280000000 1.0
C      1  0.5082300000000  0.5196860000000  0.4919120000000 1.0
C      1  0.5196860000000  0.4919120000000  0.5082300000000 1.0
C      1  0.4919120000000  0.5082300000000  0.5196860000000 1.0
C      1  0.4917700000000  0.4803140000000  0.4919120000000 1.0
C      1  0.5082300000000  0.4803140000000  0.5080880000000 1.0
C      1  0.4917700000000  0.5196860000000  0.5080880000000 1.0
C      1  0.4803140000000  0.5080880000000  0.5082300000000 1.0
C      1  0.5196860000000  0.5080880000000  0.4917700000000 1.0
C      1  0.4803140000000  0.4919120000000  0.4917700000000 1.0
C      1  0.5080880000000  0.4917700000000  0.5196860000000 1.0
C      1  0.4919120000000  0.4917700000000  0.4803140000000 1.0
C      1  0.5080880000000  0.5082300000000  0.4803140000000 1.0
C      1  0.5082300000000  0.5196860000000  0.5080880000000 1.0
C      1  0.5196860000000  0.4919120000000  0.4917700000000 1.0
C      1  0.4919120000000  0.5082300000000  0.4803140000000 1.0
C      1  0.4917700000000  0.4803140000000  0.5080880000000 1.0
C      1  0.5082300000000  0.4803140000000  0.4919120000000 1.0
C      1  0.4917700000000  0.5196860000000  0.4919120000000 1.0
C      1  0.4803140000000  0.5080880000000  0.4917700000000 1.0
C      1  0.5196860000000  0.5080880000000  0.5082300000000 1.0
C      1  0.4803140000000  0.4919120000000  0.5082300000000 1.0
C      1  0.5080880000000  0.4917700000000  0.4803140000000 1.0
C      1  0.4919120000000  0.4917700000000  0.5196860000000 1.0
C      1  0.5080880000000  0.5082300000000  0.5196860000000 1.0
C      1  0.5306130000000  0.4357920000000  0.4241540000000 1.0
C      1  0.4357920000000  0.4241540000000  0.5306130000000 1.0
C      1  0.4241540000000  0.5306130000000  0.4357920000000 1.0
C      1  0.4693870000000  0.5642080000000  0.4241540000000 1.0
C      1  0.5306130000000  0.5642080000000  0.5758460000000 1.0
C      1  0.4693870000000  0.4357920000000  0.5758460000000 1.0
C      1  0.5642080000000  0.5758460000000  0.5306130000000 1.0
C      1  0.4357920000000  0.5758460000000  0.4693870000000 1.0
C      1  0.5642080000000  0.4241540000000  0.4693870000000 1.0
C      1  0.5758460000000  0.4693870000000  0.4357920000000 1.0
C      1  0.4241540000000  0.4693870000000  0.5642080000000 1.0
C      1  0.5758460000000  0.5306130000000  0.5642080000000 1.0
C      1  0.5306130000000  0.4357920000000  0.5758460000000 1.0
C      1  0.4357920000000  0.4241540000000  0.4693870000000 1.0
C      1  0.4241540000000  0.5306130000000  0.5642080000000 1.0
C      1  0.4693870000000  0.5642080000000  0.5758460000000 1.0
C      1  0.5306130000000  0.5642080000000  0.4241540000000 1.0
C      1  0.4693870000000  0.4357920000000  0.4241540000000 1.0
C      1  0.5642080000000  0.5758460000000  0.4693870000000 1.0
C      1  0.4357920000000  0.5758460000000  0.5306130000000 1.0
C      1  0.5642080000000  0.4241540000000  0.5306130000000 1.0
C      1  0.5758460000000  0.4693870000000  0.5642080000000 1.0
C      1  0.4241540000000  0.4693870000000  0.4357920000000 1.0
C      1  0.5758460000000  0.5306130000000  0.4357920000000 1.0
C      1  0.5356470000000  0.4924630000000  0.4716010000000 1.0
C      1  0.4924630000000  0.4716010000000  0.5356470000000 1.0
C      1  0.4716010000000  0.5356470000000  0.4924630000000 1.0
C      1  0.4643530000000  0.5075370000000  0.4716010000000 1.0
C      1  0.5356470000000  0.5075370000000  0.5283990000000 1.0
C      1  0.4643530000000  0.4924630000000  0.5283990000000 1.0
C      1  0.5075370000000  0.5283990000000  0.5356470000000 1.0
C      1  0.4924630000000  0.5283990000000  0.4643530000000 1.0
C      1  0.5075370000000  0.4716010000000  0.4643530000000 1.0
C      1  0.5283990000000  0.4643530000000  0.4924630000000 1.0
C      1  0.4716010000000  0.4643530000000  0.5075370000000 1.0
C      1  0.5283990000000  0.5356470000000  0.5075370000000 1.0
C      1  0.5356470000000  0.4924630000000  0.5283990000000 1.0
C      1  0.4924630000000  0.4716010000000  0.4643530000000 1.0
C      1  0.4716010000000  0.5356470000000  0.5075370000000 1.0
C      1  0.4643530000000  0.5075370000000  0.5283990000000 1.0
C      1  0.5356470000000  0.5075370000000  0.4716010000000 1.0
C      1  0.4643530000000  0.4924630000000  0.4716010000000 1.0
C      1  0.5075370000000  0.5283990000000  0.4643530000000 1.0
C      1  0.4924630000000  0.5283990000000  0.5356470000000 1.0
C      1  0.5075370000000  0.4716010000000  0.5356470000000 1.0
C      1  0.5283990000000  0.4643530000000  0.5075370000000 1.0
C      1  0.4716010000000  0.4643530000000  0.4924630000000 1.0
C      1  0.5283990000000  0.5356470000000  0.4924630000000 1.0
C      1  0.4432850000000  0.5626990000000  0.5511090000000 1.0
C      1  0.5626990000000  0.5511090000000  0.4432850000000 1.0
C      1  0.5511090000000  0.4432850000000  0.5626990000000 1.0
C      1  0.5567150000000  0.4373010000000  0.5511090000000 1.0
C      1  0.4432850000000  0.4373010000000  0.4488910000000 1.0
C      1  0.5567150000000  0.5626990000000  0.4488910000000 1.0
C      1  0.4373010000000  0.4488910000000  0.4432850000000 1.0
C      1  0.5626990000000  0.4488910000000  0.5567150000000 1.0
C      1  0.4373010000000  0.5511090000000  0.5567150000000 1.0
C      1  0.4488910000000  0.5567150000000  0.5626990000000 1.0
C      1  0.5511090000000  0.5567150000000  0.4373010000000 1.0
C      1  0.4488910000000  0.4432850000000  0.4373010000000 1.0
C      1  0.4432850000000  0.5626990000000  0.4488910000000 1.0
C      1  0.5626990000000  0.5511090000000  0.5567150000000 1.0
C      1  0.5511090000000  0.4432850000000  0.4373010000000 1.0
C      1  0.5567150000000  0.4373010000000  0.4488910000000 1.0
C      1  0.4432850000000  0.4373010000000  0.5511090000000 1.0
C      1  0.5567150000000  0.5626990000000  0.5511090000000 1.0
C      1  0.4373010000000  0.4488910000000  0.5567150000000 1.0
C      1  0.5626990000000  0.4488910000000  0.4432850000000 1.0
C      1  0.4373010000000  0.5511090000000  0.4432850000000 1.0
C      1  0.4488910000000  0.5567150000000  0.4373010000000 1.0
C      1  0.5511090000000  0.5567150000000  0.5626990000000 1.0
C      1  0.4488910000000  0.4432850000000  0.5626990000000 1.0
C      1  0.4692050000000  0.5417860000000  0.5695450000000 1.0
C      1  0.5417860000000  0.5695450000000  0.4692050000000 1.0
C      1  0.5695450000000  0.4692050000000  0.5417860000000 1.0
C      1  0.5307950000000  0.4582140000000  0.5695450000000 1.0
C      1  0.4692050000000  0.4582140000000  0.4304550000000 1.0
C      1  0.5307950000000  0.5417860000000  0.4304550000000 1.0
C      1  0.4582140000000  0.4304550000000  0.4692050000000 1.0
C      1  0.5417860000000  0.4304550000000  0.5307950000000 1.0
C      1  0.4582140000000  0.5695450000000  0.5307950000000 1.0
C      1  0.4304550000000  0.5307950000000  0.5417860000000 1.0
C      1  0.5695450000000  0.5307950000000  0.4582140000000 1.0
C      1  0.4304550000000  0.4692050000000  0.4582140000000 1.0
C      1  0.4692050000000  0.5417860000000  0.4304550000000 1.0
C      1  0.5417860000000  0.5695450000000  0.5307950000000 1.0
C      1  0.5695450000000  0.4692050000000  0.4582140000000 1.0
C      1  0.5307950000000  0.4582140000000  0.4304550000000 1.0
C      1  0.4692050000000  0.4582140000000  0.5695450000000 1.0
C      1  0.5307950000000  0.5417860000000  0.5695450000000 1.0
C      1  0.4582140000000  0.4304550000000  0.5307950000000 1.0
C      1  0.5417860000000  0.4304550000000  0.4692050000000 1.0
C      1  0.4582140000000  0.5695450000000  0.4692050000000 1.0
C      1  0.4304550000000  0.5307950000000  0.4582140000000 1.0
C      1  0.5695450000000  0.5307950000000  0.5417860000000 1.0
C      1  0.4304550000000  0.4692050000000  0.5417860000000 1.0
C      1  0.4850140000000  0.4840270000000  0.5836340000000 1.0
C      1  0.4840270000000  0.5836340000000  0.4850140000000 1.0
C      1  0.5836340000000  0.4850140000000  0.4840270000000 1.0
C      1  0.5149860000000  0.5159730000000  0.5836340000000 1.0
C      1  0.4850140000000  0.5159730000000  0.4163660000000 1.0
C      1  0.5149860000000  0.4840270000000  0.4163660000000 1.0
C      1  0.5159730000000  0.4163660000000  0.4850140000000 1.0
C      1  0.4840270000000  0.4163660000000  0.5149860000000 1.0
C      1  0.5159730000000  0.5836340000000  0.5149860000000 1.0
C      1  0.4163660000000  0.5149860000000  0.4840270000000 1.0
C      1  0.5836340000000  0.5149860000000  0.5159730000000 1.0
C      1  0.4163660000000  0.4850140000000  0.5159730000000 1.0
C      1  0.4850140000000  0.4840270000000  0.4163660000000 1.0
C      1  0.4840270000000  0.5836340000000  0.5149860000000 1.0
C      1  0.5836340000000  0.4850140000000  0.5159730000000 1.0
C      1  0.5149860000000  0.5159730000000  0.4163660000000 1.0
C      1  0.4850140000000  0.5159730000000  0.5836340000000 1.0
C      1  0.5149860000000  0.4840270000000  0.5836340000000 1.0
C      1  0.5159730000000  0.4163660000000  0.5149860000000 1.0
C      1  0.4840270000000  0.4163660000000  0.4850140000000 1.0
C      1  0.5159730000000  0.5836340000000  0.4850140000000 1.0
C      1  0.4163660000000  0.5149860000000  0.5159730000000 1.0
C      1  0.5836340000000  0.5149860000000  0.4840270000000 1.0
C      1  0.4163660000000  0.4850140000000  0.4840270000000 1.0
C      1  0.5771110000000  0.5187310000000  0.4313410000000 1.0
C      1  0.5187310000000  0.4313410000000  0.5771110000000 1.0
C      1  0.4313410000000  0.5771110000000  0.5187310000000 1.0
C      1  0.4228890000000  0.4812690000000  0.4313410000000 1.0
C      1  0.5771110000000  0.4812690000000  0.5686590000000 1.0
C      1  0.4228890000000  0.5187310000000  0.5686590000000 1.0
C      1  0.4812690000000  0.5686590000000  0.5771110000000 1.0
C      1  0.5187310000000  0.5686590000000  0.4228890000000 1.0
C      1  0.4812690000000  0.4313410000000  0.4228890000000 1.0
C      1  0.5686590000000  0.4228890000000  0.5187310000000 1.0
