TITL C-1887019-1280-58 -2.35105406267453e-07 1000000 -3064.86012260767 0 0 420 (Th) n - 1
REM
REM in /nfs/bkarasulu/CARBON/AIRSS/Generating-Clusters/GAP-ML-2020/Higher-Symm/Selected-Sizes/TryA-Only_Ih-Symm/Larger-Clusters
REM
REM
REM
REM
REM
REM ./C.cell (2cf5181f0f1d4d5b12b972d32ad12063)
REM
REM compiler GCC version 9.2.1 20190827 (Red Hat 9.2.1-1)
REM options -cpp -mtune=generic -march=x86-64 -g -O0 -fpre-include=/usr/include/finclude/math-vector-fortran.h
REM seed -986083858 -505852460 706911563 1666407501 131034495 -1628560637 -1183083268 1493824890 -1960001711 -1546491859 -1777806300 -1383485457 572985008 1885786155 1893865631 622194669 753946088 -807361422 -119178759 -1162403468 -1918262228 1662650681 -1966499736 2047743961 1141716013 662729634 1915254026 -2125345933 1383734331 2140064460 531734683 -1727495383 -1797441458
REM
CELL 1.54180  100.00000  100.00000  100.00000   90.00000   90.00000   90.00000
LATT -1
SFAC C  
C      1  0.4554590000000  0.5589980000000  0.5390360000000 1.0
C      1  0.5589980000000  0.5390360000000  0.4554590000000 1.0
C      1  0.5390360000000  0.4554590000000  0.5589980000000 1.0
C      1  0.5445410000000  0.4410020000000  0.5390360000000 1.0
C      1  0.4554590000000  0.4410020000000  0.4609640000000 1.0
C      1  0.5445410000000  0.5589980000000  0.4609640000000 1.0
C      1  0.4410020000000  0.4609640000000  0.4554590000000 1.0
C      1  0.5589980000000  0.4609640000000  0.5445410000000 1.0
C      1  0.4410020000000  0.5390360000000  0.5445410000000 1.0
C      1  0.4609640000000  0.5445410000000  0.5589980000000 1.0
C      1  0.5390360000000  0.5445410000000  0.4410020000000 1.0
C      1  0.4609640000000  0.4554590000000  0.4410020000000 1.0
C      1  0.4554590000000  0.5589980000000  0.4609640000000 1.0
C      1  0.5589980000000  0.5390360000000  0.5445410000000 1.0
C      1  0.5390360000000  0.4554590000000  0.4410020000000 1.0
C      1  0.5445410000000  0.4410020000000  0.4609640000000 1.0
C      1  0.4554590000000  0.4410020000000  0.5390360000000 1.0
C      1  0.5445410000000  0.5589980000000  0.5390360000000 1.0
C      1  0.4410020000000  0.4609640000000  0.5445410000000 1.0
C      1  0.5589980000000  0.4609640000000  0.4554590000000 1.0
C      1  0.4410020000000  0.5390360000000  0.4554590000000 1.0
C      1  0.4609640000000  0.5445410000000  0.4410020000000 1.0
C      1  0.5390360000000  0.5445410000000  0.5589980000000 1.0
C      1  0.4609640000000  0.4554590000000  0.5589980000000 1.0
C      1  0.4482630000000  0.4885280000000  0.4469250000000 1.0
C      1  0.4885280000000  0.4469250000000  0.4482630000000 1.0
C      1  0.4469250000000  0.4482630000000  0.4885280000000 1.0
C      1  0.5517370000000  0.5114720000000  0.4469250000000 1.0
C      1  0.4482630000000  0.5114720000000  0.5530750000000 1.0
C      1  0.5517370000000  0.4885280000000  0.5530750000000 1.0
C      1  0.5114720000000  0.5530750000000  0.4482630000000 1.0
C      1  0.4885280000000  0.5530750000000  0.5517370000000 1.0
C      1  0.5114720000000  0.4469250000000  0.5517370000000 1.0
C      1  0.5530750000000  0.5517370000000  0.4885280000000 1.0
C      1  0.4469250000000  0.5517370000000  0.5114720000000 1.0
C      1  0.5530750000000  0.4482630000000  0.5114720000000 1.0
C      1  0.4482630000000  0.4885280000000  0.5530750000000 1.0
C      1  0.4885280000000  0.4469250000000  0.5517370000000 1.0
C      1  0.4469250000000  0.4482630000000  0.5114720000000 1.0
C      1  0.5517370000000  0.5114720000000  0.5530750000000 1.0
C      1  0.4482630000000  0.5114720000000  0.4469250000000 1.0
C      1  0.5517370000000  0.4885280000000  0.4469250000000 1.0
C      1  0.5114720000000  0.5530750000000  0.5517370000000 1.0
C      1  0.4885280000000  0.5530750000000  0.4482630000000 1.0
C      1  0.5114720000000  0.4469250000000  0.4482630000000 1.0
C      1  0.5530750000000  0.5517370000000  0.5114720000000 1.0
C      1  0.4469250000000  0.5517370000000  0.4885280000000 1.0
C      1  0.5530750000000  0.4482630000000  0.4885280000000 1.0
C      1  0.4928180000000  0.5155890000000  0.4508700000000 1.0
C      1  0.5155890000000  0.4508700000000  0.4928180000000 1.0
C      1  0.4508700000000  0.4928180000000  0.5155890000000 1.0
C      1  0.5071820000000  0.4844110000000  0.4508700000000 1.0
C      1  0.4928180000000  0.4844110000000  0.5491300000000 1.0
C      1  0.5071820000000  0.5155890000000  0.5491300000000 1.0
C      1  0.4844110000000  0.5491300000000  0.4928180000000 1.0
C      1  0.5155890000000  0.5491300000000  0.5071820000000 1.0
C      1  0.4844110000000  0.4508700000000  0.5071820000000 1.0
C      1  0.5491300000000  0.5071820000000  0.5155890000000 1.0
C      1  0.4508700000000  0.5071820000000  0.4844110000000 1.0
C      1  0.5491300000000  0.4928180000000  0.4844110000000 1.0
C      1  0.4928180000000  0.5155890000000  0.5491300000000 1.0
C      1  0.5155890000000  0.4508700000000  0.5071820000000 1.0
C      1  0.4508700000000  0.4928180000000  0.4844110000000 1.0
C      1  0.5071820000000  0.4844110000000  0.5491300000000 1.0
C      1  0.4928180000000  0.4844110000000  0.4508700000000 1.0
C      1  0.5071820000000  0.5155890000000  0.4508700000000 1.0
C      1  0.4844110000000  0.5491300000000  0.5071820000000 1.0
C      1  0.5155890000000  0.5491300000000  0.4928180000000 1.0
C      1  0.4844110000000  0.4508700000000  0.4928180000000 1.0
C      1  0.5491300000000  0.5071820000000  0.4844110000000 1.0
C      1  0.4508700000000  0.5071820000000  0.5155890000000 1.0
C      1  0.5491300000000  0.4928180000000  0.5155890000000 1.0
C      1  0.4523530000000  0.5233010000000  0.4408900000000 1.0
C      1  0.5233010000000  0.4408900000000  0.4523530000000 1.0
C      1  0.4408900000000  0.4523530000000  0.5233010000000 1.0
C      1  0.5476470000000  0.4766990000000  0.4408900000000 1.0
C      1  0.4523530000000  0.4766990000000  0.5591100000000 1.0
C      1  0.5476470000000  0.5233010000000  0.5591100000000 1.0
C      1  0.4766990000000  0.5591100000000  0.4523530000000 1.0
C      1  0.5233010000000  0.5591100000000  0.5476470000000 1.0
C      1  0.4766990000000  0.4408900000000  0.5476470000000 1.0
C      1  0.5591100000000  0.5476470000000  0.5233010000000 1.0
C      1  0.4408900000000  0.5476470000000  0.4766990000000 1.0
C      1  0.5591100000000  0.4523530000000  0.4766990000000 1.0
C      1  0.4523530000000  0.5233010000000  0.5591100000000 1.0
C      1  0.5233010000000  0.4408900000000  0.5476470000000 1.0
C      1  0.4408900000000  0.4523530000000  0.4766990000000 1.0
C      1  0.5476470000000  0.4766990000000  0.5591100000000 1.0
C      1  0.4523530000000  0.4766990000000  0.4408900000000 1.0
C      1  0.5476470000000  0.5233010000000  0.4408900000000 1.0
C      1  0.4766990000000  0.5591100000000  0.5476470000000 1.0
C      1  0.5233010000000  0.5591100000000  0.4523530000000 1.0
C      1  0.4766990000000  0.4408900000000  0.4523530000000 1.0
C      1  0.5591100000000  0.5476470000000  0.4766990000000 1.0
C      1  0.4408900000000  0.5476470000000  0.5233010000000 1.0
C      1  0.5591100000000  0.4523530000000  0.5233010000000 1.0
C      1  0.5690330000000  0.5147630000000  0.5356410000000 1.0
C      1  0.5147630000000  0.5356410000000  0.5690330000000 1.0
C      1  0.5356410000000  0.5690330000000  0.5147630000000 1.0
C      1  0.4309670000000  0.4852370000000  0.5356410000000 1.0
C      1  0.5690330000000  0.4852370000000  0.4643590000000 1.0
C      1  0.4309670000000  0.5147630000000  0.4643590000000 1.0
C      1  0.4852370000000  0.4643590000000  0.5690330000000 1.0
C      1  0.5147630000000  0.4643590000000  0.4309670000000 1.0
C      1  0.4852370000000  0.5356410000000  0.4309670000000 1.0
C      1  0.4643590000000  0.4309670000000  0.5147630000000 1.0
C      1  0.5356410000000  0.4309670000000  0.4852370000000 1.0
C      1  0.4643590000000  0.5690330000000  0.4852370000000 1.0
C      1  0.5690330000000  0.5147630000000  0.4643590000000 1.0
C      1  0.5147630000000  0.5356410000000  0.4309670000000 1.0
C      1  0.5356410000000  0.5690330000000  0.4852370000000 1.0
C      1  0.4309670000000  0.4852370000000  0.4643590000000 1.0
C      1  0.5690330000000  0.4852370000000  0.5356410000000 1.0
C      1  0.4309670000000  0.5147630000000  0.5356410000000 1.0
C      1  0.4852370000000  0.4643590000000  0.4309670000000 1.0
C      1  0.5147630000000  0.4643590000000  0.5690330000000 1.0
C      1  0.4852370000000  0.5356410000000  0.5690330000000 1.0
C      1  0.4643590000000  0.4309670000000  0.4852370000000 1.0
C      1  0.5356410000000  0.4309670000000  0.5147630000000 1.0
C      1  0.4643590000000  0.5690330000000  0.5147630000000 1.0
C      1  0.4216180000000  0.5073210000000  0.5271680000000 1.0
C      1  0.5073210000000  0.5271680000000  0.4216180000000 1.0
C      1  0.5271680000000  0.4216180000000  0.5073210000000 1.0
C      1  0.5783820000000  0.4926790000000  0.5271680000000 1.0
C      1  0.4216180000000  0.4926790000000  0.4728320000000 1.0
C      1  0.5783820000000  0.5073210000000  0.4728320000000 1.0
C      1  0.4926790000000  0.4728320000000  0.4216180000000 1.0
C      1  0.5073210000000  0.4728320000000  0.5783820000000 1.0
C      1  0.4926790000000  0.5271680000000  0.5783820000000 1.0
C      1  0.4728320000000  0.5783820000000  0.5073210000000 1.0
C      1  0.5271680000000  0.5783820000000  0.4926790000000 1.0
C      1  0.4728320000000  0.4216180000000  0.4926790000000 1.0
C      1  0.4216180000000  0.5073210000000  0.4728320000000 1.0
C      1  0.5073210000000  0.5271680000000  0.5783820000000 1.0
C      1  0.5271680000000  0.4216180000000  0.4926790000000 1.0
C      1  0.5783820000000  0.4926790000000  0.4728320000000 1.0
C      1  0.4216180000000  0.4926790000000  0.5271680000000 1.0
C      1  0.5783820000000  0.5073210000000  0.5271680000000 1.0
C      1  0.4926790000000  0.4728320000000  0.5783820000000 1.0
C      1  0.5073210000000  0.4728320000000  0.4216180000000 1.0
C      1  0.4926790000000  0.5271680000000  0.4216180000000 1.0
C      1  0.4728320000000  0.5783820000000  0.4926790000000 1.0
C      1  0.5271680000000  0.5783820000000  0.5073210000000 1.0
C      1  0.4728320000000  0.4216180000000  0.5073210000000 1.0
C      1  0.4336500000000  0.4706810000000  0.5361110000000 1.0
C      1  0.4706810000000  0.5361110000000  0.4336500000000 1.0
C      1  0.5361110000000  0.4336500000000  0.4706810000000 1.0
C      1  0.5663500000000  0.5293190000000  0.5361110000000 1.0
C      1  0.4336500000000  0.5293190000000  0.4638890000000 1.0
C      1  0.5663500000000  0.4706810000000  0.4638890000000 1.0
C      1  0.5293190000000  0.4638890000000  0.4336500000000 1.0
C      1  0.4706810000000  0.4638890000000  0.5663500000000 1.0
C      1  0.5293190000000  0.5361110000000  0.5663500000000 1.0
C      1  0.4638890000000  0.5663500000000  0.4706810000000 1.0
C      1  0.5361110000000  0.5663500000000  0.5293190000000 1.0
C      1  0.4638890000000  0.4336500000000  0.5293190000000 1.0
C      1  0.4336500000000  0.4706810000000  0.4638890000000 1.0
C      1  0.4706810000000  0.5361110000000  0.5663500000000 1.0
C      1  0.5361110000000  0.4336500000000  0.5293190000000 1.0
C      1  0.5663500000000  0.5293190000000  0.4638890000000 1.0
C      1  0.4336500000000  0.5293190000000  0.5361110000000 1.0
C      1  0.5663500000000  0.4706810000000  0.5361110000000 1.0
C      1  0.5293190000000  0.4638890000000  0.5663500000000 1.0
C      1  0.4706810000000  0.4638890000000  0.4336500000000 1.0
C      1  0.5293190000000  0.5361110000000  0.4336500000000 1.0
C      1  0.4638890000000  0.5663500000000  0.5293190000000 1.0
C      1  0.5361110000000  0.5663500000000  0.4706810000000 1.0
C      1  0.4638890000000  0.4336500000000  0.4706810000000 1.0
C      1  0.4721670000000  0.5446290000000  0.5132640000000 1.0
C      1  0.5446290000000  0.5132640000000  0.4721670000000 1.0
C      1  0.5132640000000  0.4721670000000  0.5446290000000 1.0
C      1  0.5278330000000  0.4553710000000  0.5132640000000 1.0
C      1  0.4721670000000  0.4553710000000  0.4867360000000 1.0
C      1  0.5278330000000  0.5446290000000  0.4867360000000 1.0
C      1  0.4553710000000  0.4867360000000  0.4721670000000 1.0
C      1  0.5446290000000  0.4867360000000  0.5278330000000 1.0
C      1  0.4553710000000  0.5132640000000  0.5278330000000 1.0
C      1  0.4867360000000  0.5278330000000  0.5446290000000 1.0
C      1  0.5132640000000  0.5278330000000  0.4553710000000 1.0
C      1  0.4867360000000  0.4721670000000  0.4553710000000 1.0
C      1  0.4721670000000  0.5446290000000  0.4867360000000 1.0
C      1  0.5446290000000  0.5132640000000  0.5278330000000 1.0
C      1  0.5132640000000  0.4721670000000  0.4553710000000 1.0
C      1  0.5278330000000  0.4553710000000  0.4867360000000 1.0
C      1  0.4721670000000  0.4553710000000  0.5132640000000 1.0
C      1  0.5278330000000  0.5446290000000  0.5132640000000 1.0
C      1  0.4553710000000  0.4867360000000  0.5278330000000 1.0
C      1  0.5446290000000  0.4867360000000  0.4721670000000 1.0
C      1  0.4553710000000  0.5132640000000  0.4721670000000 1.0
C      1  0.4867360000000  0.5278330000000  0.4553710000000 1.0
C      1  0.5132640000000  0.5278330000000  0.5446290000000 1.0
C      1  0.4867360000000  0.4721670000000  0.5446290000000 1.0
C      1  0.5268020000000  0.4882640000000  0.5658680000000 1.0
C      1  0.4882640000000  0.5658680000000  0.5268020000000 1.0
C      1  0.5658680000000  0.5268020000000  0.4882640000000 1.0
C      1  0.4731980000000  0.5117360000000  0.5658680000000 1.0
C      1  0.5268020000000  0.5117360000000  0.4341320000000 1.0
C      1  0.4731980000000  0.4882640000000  0.4341320000000 1.0
C      1  0.5117360000000  0.4341320000000  0.5268020000000 1.0
C      1  0.4882640000000  0.4341320000000  0.4731980000000 1.0
C      1  0.5117360000000  0.5658680000000  0.4731980000000 1.0
C      1  0.4341320000000  0.4731980000000  0.4882640000000 1.0
C      1  0.5658680000000  0.4731980000000  0.5117360000000 1.0
C      1  0.4341320000000  0.5268020000000  0.5117360000000 1.0
C      1  0.5268020000000  0.4882640000000  0.4341320000000 1.0
C      1  0.4882640000000  0.5658680000000  0.4731980000000 1.0
C      1  0.5658680000000  0.5268020000000  0.5117360000000 1.0
C      1  0.4731980000000  0.5117360000000  0.4341320000000 1.0
C      1  0.5268020000000  0.5117360000000  0.5658680000000 1.0
C      1  0.4731980000000  0.4882640000000  0.5658680000000 1.0
C      1  0.5117360000000  0.4341320000000  0.4731980000000 1.0
C      1  0.4882640000000  0.4341320000000  0.5268020000000 1.0
C      1  0.5117360000000  0.5658680000000  0.5268020000000 1.0
C      1  0.4341320000000  0.4731980000000  0.5117360000000 1.0
C      1  0.5658680000000  0.4731980000000  0.4882640000000 1.0
C      1  0.4341320000000  0.5268020000000  0.4882640000000 1.0
C      1  0.5136840000000  0.5153380000000  0.5855270000000 1.0
C      1  0.5153380000000  0.5855270000000  0.5136840000000 1.0
C      1  0.5855270000000  0.5136840000000  0.5153380000000 1.0
C      1  0.4863160000000  0.4846620000000  0.5855270000000 1.0
C      1  0.5136840000000  0.4846620000000  0.4144730000000 1.0
C      1  0.4863160000000  0.5153380000000  0.4144730000000 1.0
C      1  0.4846620000000  0.4144730000000  0.5136840000000 1.0
C      1  0.5153380000000  0.4144730000000  0.4863160000000 1.0
C      1  0.4846620000000  0.5855270000000  0.4863160000000 1.0
C      1  0.4144730000000  0.4863160000000  0.5153380000000 1.0
C      1  0.5855270000000  0.4863160000000  0.4846620000000 1.0
C      1  0.4144730000000  0.5136840000000  0.4846620000000 1.0
C      1  0.5136840000000  0.5153380000000  0.4144730000000 1.0
C      1  0.5153380000000  0.5855270000000  0.4863160000000 1.0
C      1  0.5855270000000  0.5136840000000  0.4846620000000 1.0
C      1  0.4863160000000  0.4846620000000  0.4144730000000 1.0
C      1  0.5136840000000  0.4846620000000  0.5855270000000 1.0
C      1  0.4863160000000  0.5153380000000  0.5855270000000 1.0
C      1  0.4846620000000  0.4144730000000  0.4863160000000 1.0
C      1  0.5153380000000  0.4144730000000  0.5136840000000 1.0
C      1  0.4846620000000  0.5855270000000  0.5136840000000 1.0
C      1  0.4144730000000  0.4863160000000  0.4846620000000 1.0
C      1  0.5855270000000  0.4863160000000  0.5153380000000 1.0
C      1  0.4144730000000  0.5136840000000  0.5153380000000 1.0
C      1  0.5071460000000  0.5787160000000  0.4771350000000 1.0
C      1  0.5787160000000  0.4771350000000  0.5071460000000 1.0
C      1  0.4771350000000  0.5071460000000  0.5787160000000 1.0
C      1  0.4928540000000  0.4212840000000  0.4771350000000 1.0
C      1  0.5071460000000  0.4212840000000  0.5228650000000 1.0
C      1  0.4928540000000  0.5787160000000  0.5228650000000 1.0
C      1  0.4212840000000  0.5228650000000  0.5071460000000 1.0
C      1  0.5787160000000  0.5228650000000  0.4928540000000 1.0
C      1  0.4212840000000  0.4771350000000  0.4928540000000 1.0
C      1  0.5228650000000  0.4928540000000  0.5787160000000 1.0
C      1  0.4771350000000  0.4928540000000  0.4212840000000 1.0
C      1  0.5228650000000  0.5071460000000  0.4212840000000 1.0
C      1  0.5071460000000  0.5787160000000  0.5228650000000 1.0
C      1  0.5787160000000  0.4771350000000  0.4928540000000 1.0
C      1  0.4771350000000  0.5071460000000  0.4212840000000 1.0
C      1  0.4928540000000  0.4212840000000  0.5228650000000 1.0
C      1  0.5071460000000  0.4212840000000  0.4771350000000 1.0
C      1  0.4928540000000  0.5787160000000  0.4771350000000 1.0
C      1  0.4212840000000  0.5228650000000  0.4928540000000 1.0
C      1  0.5787160000000  0.5228650000000  0.5071460000000 1.0
C      1  0.4212840000000  0.4771350000000  0.5071460000000 1.0
C      1  0.5228650000000  0.4928540000000  0.4212840000000 1.0
C      1  0.4771350000000  0.4928540000000  0.5787160000000 1.0
C      1  0.5228650000000  0.5071460000000  0.5787160000000 1.0
C      1  0.5233490000000  0.4347430000000  0.4650230000000 1.0
C      1  0.4347430000000  0.4650230000000  0.5233490000000 1.0
C      1  0.4650230000000  0.5233490000000  0.4347430000000 1.0
C      1  0.4766510000000  0.5652570000000  0.4650230000000 1.0
C      1  0.5233490000000  0.5652570000000  0.5349770000000 1.0
C      1  0.4766510000000  0.4347430000000  0.5349770000000 1.0
C      1  0.5652570000000  0.5349770000000  0.5233490000000 1.0
C      1  0.4347430000000  0.5349770000000  0.4766510000000 1.0
C      1  0.5652570000000  0.4650230000000  0.4766510000000 1.0
C      1  0.5349770000000  0.4766510000000  0.4347430000000 1.0
C      1  0.4650230000000  0.4766510000000  0.5652570000000 1.0
C      1  0.5349770000000  0.5233490000000  0.5652570000000 1.0
C      1  0.5233490000000  0.4347430000000  0.5349770000000 1.0
C      1  0.4347430000000  0.4650230000000  0.4766510000000 1.0
C      1  0.4650230000000  0.5233490000000  0.5652570000000 1.0
C      1  0.4766510000000  0.5652570000000  0.5349770000000 1.0
C      1  0.5233490000000  0.5652570000000  0.4650230000000 1.0
C      1  0.4766510000000  0.4347430000000  0.4650230000000 1.0
C      1  0.5652570000000  0.5349770000000  0.4766510000000 1.0
C      1  0.4347430000000  0.5349770000000  0.5233490000000 1.0
C      1  0.5652570000000  0.4650230000000  0.5233490000000 1.0
C      1  0.5349770000000  0.4766510000000  0.5652570000000 1.0
C      1  0.4650230000000  0.4766510000000  0.4347430000000 1.0
C      1  0.5349770000000  0.5233490000000  0.4347430000000 1.0
C      1  0.4649860000000  0.4765710000000  0.5287770000000 1.0
C      1  0.4765710000000  0.5287770000000  0.4649860000000 1.0
C      1  0.5287770000000  0.4649860000000  0.4765710000000 1.0
C      1  0.5350140000000  0.5234290000000  0.5287770000000 1.0
C      1  0.4649860000000  0.5234290000000  0.4712230000000 1.0
C      1  0.5350140000000  0.4765710000000  0.4712230000000 1.0
C      1  0.5234290000000  0.4712230000000  0.4649860000000 1.0
C      1  0.4765710000000  0.4712230000000  0.5350140000000 1.0
C      1  0.5234290000000  0.5287770000000  0.5350140000000 1.0
C      1  0.4712230000000  0.5350140000000  0.4765710000000 1.0
C      1  0.5287770000000  0.5350140000000  0.5234290000000 1.0
C      1  0.4712230000000  0.4649860000000  0.5234290000000 1.0
C      1  0.4649860000000  0.4765710000000  0.4712230000000 1.0
C      1  0.4765710000000  0.5287770000000  0.5350140000000 1.0
C      1  0.5287770000000  0.4649860000000  0.5234290000000 1.0
C      1  0.5350140000000  0.5234290000000  0.4712230000000 1.0
C      1  0.4649860000000  0.5234290000000  0.5287770000000 1.0
C      1  0.5350140000000  0.4765710000000  0.5287770000000 1.0
C      1  0.5234290000000  0.4712230000000  0.5350140000000 1.0
C      1  0.4765710000000  0.4712230000000  0.4649860000000 1.0
C      1  0.5234290000000  0.5287770000000  0.4649860000000 1.0
C      1  0.4712230000000  0.5350140000000  0.5234290000000 1.0
C      1  0.5287770000000  0.5350140000000  0.4765710000000 1.0
C      1  0.4712230000000  0.4649860000000  0.4765710000000 1.0
C      1  0.4047100000000  0.4927920000000  0.5074230000000 1.0
C      1  0.4927920000000  0.5074230000000  0.4047100000000 1.0
C      1  0.5074230000000  0.4047100000000  0.4927920000000 1.0
C      1  0.5952900000000  0.5072080000000  0.5074230000000 1.0
C      1  0.4047100000000  0.5072080000000  0.4925770000000 1.0
C      1  0.5952900000000  0.4927920000000  0.4925770000000 1.0
C      1  0.5072080000000  0.4925770000000  0.4047100000000 1.0
C      1  0.4927920000000  0.4925770000000  0.5952900000000 1.0
C      1  0.5072080000000  0.5074230000000  0.5952900000000 1.0
C      1  0.4925770000000  0.5952900000000  0.4927920000000 1.0
C      1  0.5074230000000  0.5952900000000  0.5072080000000 1.0
C      1  0.4925770000000  0.4047100000000  0.5072080000000 1.0
C      1  0.4047100000000  0.4927920000000  0.4925770000000 1.0
C      1  0.4927920000000  0.5074230000000  0.5952900000000 1.0
C      1  0.5074230000000  0.4047100000000  0.5072080000000 1.0
C      1  0.5952900000000  0.5072080000000  0.4925770000000 1.0
C      1  0.4047100000000  0.5072080000000  0.5074230000000 1.0
C      1  0.5952900000000  0.4927920000000  0.5074230000000 1.0
C      1  0.5072080000000  0.4925770000000  0.5952900000000 1.0
C      1  0.4927920000000  0.4925770000000  0.4047100000000 1.0
C      1  0.5072080000000  0.5074230000000  0.4047100000000 1.0
C      1  0.4925770000000  0.5952900000000  0.5072080000000 1.0
C      1  0.5074230000000  0.5952900000000  0.4927920000000 1.0
C      1  0.4925770000000  0.4047100000000  0.4927920000000 1.0
C      1  0.5079880000000  0.4612930000000  0.4443410000000 1.0
C      1  0.4612930000000  0.4443410000000  0.5079880000000 1.0
C      1  0.4443410000000  0.5079880000000  0.4612930000000 1.0
C      1  0.4920120000000  0.5387070000000  0.4443410000000 1.0
C      1  0.5079880000000  0.5387070000000  0.5556590000000 1.0
C      1  0.4920120000000  0.4612930000000  0.5556590000000 1.0
C      1  0.5387070000000  0.5556590000000  0.5079880000000 1.0
C      1  0.4612930000000  0.5556590000000  0.4920120000000 1.0
C      1  0.5387070000000  0.4443410000000  0.4920120000000 1.0
C      1  0.5556590000000  0.4920120000000  0.4612930000000 1.0
C      1  0.4443410000000  0.4920120000000  0.5387070000000 1.0
C      1  0.5556590000000  0.5079880000000  0.5387070000000 1.0
C      1  0.5079880000000  0.4612930000000  0.5556590000000 1.0
C      1  0.4612930000000  0.4443410000000  0.4920120000000 1.0
C      1  0.4443410000000  0.5079880000000  0.5387070000000 1.0
C      1  0.4920120000000  0.5387070000000  0.5556590000000 1.0
C      1  0.5079880000000  0.5387070000000  0.4443410000000 1.0
C      1  0.4920120000000  0.4612930000000  0.4443410000000 1.0
C      1  0.5387070000000  0.5556590000000  0.4920120000000 1.0
C      1  0.4612930000000  0.5556590000000  0.5079880000000 1.0
C      1  0.5387070000000  0.4443410000000  0.5079880000000 1.0
C      1  0.5556590000000  0.4920120000000  0.5387070000000 1.0
C      1  0.4443410000000  0.4920120000000  0.4612930000000 1.0
C      1  0.5556590000000  0.5079880000000  0.4612930000000 1.0
C      1  0.5554570000000  0.5504980000000  0.5364810000000 1.0
C      1  0.5504980000000  0.5364810000000  0.5554570000000 1.0
C      1  0.5364810000000  0.5554570000000  0.5504980000000 1.0
C      1  0.4445430000000  0.4495020000000  0.5364810000000 1.0
C      1  0.5554570000000  0.4495020000000  0.4635190000000 1.0
C      1  0.4445430000000  0.5504980000000  0.4635190000000 1.0
C      1  0.4495020000000  0.4635190000000  0.5554570000000 1.0
C      1  0.5504980000000  0.4635190000000  0.4445430000000 1.0
C      1  0.4495020000000  0.5364810000000  0.4445430000000 1.0
C      1  0.4635190000000  0.4445430000000  0.5504980000000 1.0
C      1  0.5364810000000  0.4445430000000  0.4495020000000 1.0
C      1  0.4635190000000  0.5554570000000  0.4495020000000 1.0
C      1  0.5554570000000  0.5504980000000  0.4635190000000 1.0
C      1  0.5504980000000  0.5364810000000  0.4445430000000 1.0
C      1  0.5364810000000  0.5554570000000  0.4495020000000 1.0
C      1  0.4445430000000  0.4495020000000  0.4635190000000 1.0
C      1  0.5554570000000  0.4495020000000  0.5364810000000 1.0
C      1  0.4445430000000  0.5504980000000  0.5364810000000 1.0
C      1  0.4495020000000  0.4635190000000  0.4445430000000 1.0
C      1  0.5504980000000  0.4635190000000  0.5554570000000 1.0
C      1  0.4495020000000  0.5364810000000  0.5554570000000 1.0
C      1  0.4635190000000  0.4445430000000  0.4495020000000 1.0
C      1  0.5364810000000  0.4445430000000  0.5504980000000 1.0
C      1  0.4635190000000  0.5554570000000  0.5504980000000 1.0
C      1  0.5561030000000  0.4838090000000  0.4930780000000 1.0
C      1  0.4838090000000  0.4930780000000  0.5561030000000 1.0
C      1  0.4930780000000  0.5561030000000  0.4838090000000 1.0
C      1  0.4438970000000  0.5161910000000  0.4930780000000 1.0
C      1  0.5561030000000  0.5161910000000  0.5069220000000 1.0
C      1  0.4438970000000  0.4838090000000  0.5069220000000 1.0
C      1  0.5161910000000  0.5069220000000  0.5561030000000 1.0
C      1  0.4838090000000  0.5069220000000  0.4438970000000 1.0
C      1  0.5161910000000  0.4930780000000  0.4438970000000 1.0
C      1  0.5069220000000  0.4438970000000  0.4838090000000 1.0
C      1  0.4930780000000  0.4438970000000  0.5161910000000 1.0
C      1  0.5069220000000  0.5561030000000  0.5161910000000 1.0
C      1  0.5561030000000  0.4838090000000  0.5069220000000 1.0
C      1  0.4838090000000  0.4930780000000  0.4438970000000 1.0
C      1  0.4930780000000  0.5561030000000  0.5161910000000 1.0
C      1  0.4438970000000  0.5161910000000  0.5069220000000 1.0
C      1  0.5561030000000  0.5161910000000  0.4930780000000 1.0
C      1  0.4438970000000  0.4838090000000  0.4930780000000 1.0
C      1  0.5161910000000  0.5069220000000  0.4438970000000 1.0
C      1  0.4838090000000  0.5069220000000  0.5561030000000 1.0
C      1  0.5161910000000  0.4930780000000  0.5561030000000 1.0
C      1  0.5069220000000  0.4438970000000  0.5161910000000 1.0
C      1  0.4930780000000  0.4438970000000  0.4838090000000 1.0
C      1  0.5069220000000  0.5561030000000  0.4838090000000 1.0
C      1  0.4413040000000  0.4526020000000  0.5000000000000 1.0
C      1  0.4526020000000  0.5000000000000  0.4413040000000 1.0
C      1  0.5000000000000  0.4413040000000  0.4526020000000 1.0
C      1  0.5586960000000  0.5473980000000  0.5000000000000 1.0
C      1  0.4413040000000  0.5473980000000  0.5000000000000 1.0
C      1  0.5586960000000  0.4526020000000  0.5000000000000 1.0
C      1  0.5473980000000  0.5000000000000  0.4413040000000 1.0
C      1  0.4526020000000  0.5000000000000  0.5586960000000 1.0
C      1  0.5473980000000  0.5000000000000  0.5586960000000 1.0
C      1  0.5000000000000  0.5586960000000  0.4526020000000 1.0
C      1  0.5000000000000  0.5586960000000  0.5473980000000 1.0
C      1  0.5000000000000  0.4413040000000  0.5473980000000 1.0
END
