TITL C-1887019-1280-1 -3.1634817505333e-07 1000000 -5086.22517473517 0 0 720 (Th) n - 1
REM
REM in /nfs/bkarasulu/CARBON/AIRSS/Generating-Clusters/GAP-ML-2020/Higher-Symm/Selected-Sizes/TryA-Only_Ih-Symm/Larger-Clusters
REM
REM
REM
REM
REM
REM ./C.cell (2cf5181f0f1d4d5b12b972d32ad12063)
REM
REM compiler GCC version 9.2.1 20190827 (Red Hat 9.2.1-1)
REM options -cpp -mtune=generic -march=x86-64 -g -O0 -fpre-include=/usr/include/finclude/math-vector-fortran.h
REM seed -1520321954 -1168214135 -442979550 -1839020636 492857176 1468265550 -233605313 180753496 763525242 1534029472 -1015181742 376168748 -1321767234 -414718247 -504965255 61439373 -421925373 1193588210 -1758146020 -1946689691 -1177333989 -1749117205 -365699578 -2142017562 2085235324 -1993695242 -328955452 -640963065 1088435009 -397734481 -1452885268 723015293 -1073977464
REM
CELL 1.54180  100.00000  100.00000  100.00000   90.00000   90.00000   90.00000
LATT -1
SFAC C  
C      1  0.5458180000000  0.5074600000000  0.4510720000000 1.0
C      1  0.5074600000000  0.4510720000000  0.5458180000000 1.0
C      1  0.4510720000000  0.5458180000000  0.5074600000000 1.0
C      1  0.4541820000000  0.4925400000000  0.4510720000000 1.0
C      1  0.5458180000000  0.4925400000000  0.5489280000000 1.0
C      1  0.4541820000000  0.5074600000000  0.5489280000000 1.0
C      1  0.4925400000000  0.5489280000000  0.5458180000000 1.0
C      1  0.5074600000000  0.5489280000000  0.4541820000000 1.0
C      1  0.4925400000000  0.4510720000000  0.4541820000000 1.0
C      1  0.5489280000000  0.4541820000000  0.5074600000000 1.0
C      1  0.4510720000000  0.4541820000000  0.4925400000000 1.0
C      1  0.5489280000000  0.5458180000000  0.4925400000000 1.0
C      1  0.5458180000000  0.5074600000000  0.5489280000000 1.0
C      1  0.5074600000000  0.4510720000000  0.4541820000000 1.0
C      1  0.4510720000000  0.5458180000000  0.4925400000000 1.0
C      1  0.4541820000000  0.4925400000000  0.5489280000000 1.0
C      1  0.5458180000000  0.4925400000000  0.4510720000000 1.0
C      1  0.4541820000000  0.5074600000000  0.4510720000000 1.0
C      1  0.4925400000000  0.5489280000000  0.4541820000000 1.0
C      1  0.5074600000000  0.5489280000000  0.5458180000000 1.0
C      1  0.4925400000000  0.4510720000000  0.5458180000000 1.0
C      1  0.5489280000000  0.4541820000000  0.4925400000000 1.0
C      1  0.4510720000000  0.4541820000000  0.5074600000000 1.0
C      1  0.5489280000000  0.5458180000000  0.5074600000000 1.0
C      1  0.5299630000000  0.4747290000000  0.4921670000000 1.0
C      1  0.4747290000000  0.4921670000000  0.5299630000000 1.0
C      1  0.4921670000000  0.5299630000000  0.4747290000000 1.0
C      1  0.4700370000000  0.5252710000000  0.4921670000000 1.0
C      1  0.5299630000000  0.5252710000000  0.5078330000000 1.0
C      1  0.4700370000000  0.4747290000000  0.5078330000000 1.0
C      1  0.5252710000000  0.5078330000000  0.5299630000000 1.0
C      1  0.4747290000000  0.5078330000000  0.4700370000000 1.0
C      1  0.5252710000000  0.4921670000000  0.4700370000000 1.0
C      1  0.5078330000000  0.4700370000000  0.4747290000000 1.0
C      1  0.4921670000000  0.4700370000000  0.5252710000000 1.0
C      1  0.5078330000000  0.5299630000000  0.5252710000000 1.0
C      1  0.5299630000000  0.4747290000000  0.5078330000000 1.0
C      1  0.4747290000000  0.4921670000000  0.4700370000000 1.0
C      1  0.4921670000000  0.5299630000000  0.5252710000000 1.0
C      1  0.4700370000000  0.5252710000000  0.5078330000000 1.0
C      1  0.5299630000000  0.5252710000000  0.4921670000000 1.0
C      1  0.4700370000000  0.4747290000000  0.4921670000000 1.0
C      1  0.5252710000000  0.5078330000000  0.4700370000000 1.0
C      1  0.4747290000000  0.5078330000000  0.5299630000000 1.0
C      1  0.5252710000000  0.4921670000000  0.5299630000000 1.0
C      1  0.5078330000000  0.4700370000000  0.5252710000000 1.0
C      1  0.4921670000000  0.4700370000000  0.4747290000000 1.0
C      1  0.5078330000000  0.5299630000000  0.4747290000000 1.0
C      1  0.5381240000000  0.5141470000000  0.5727490000000 1.0
C      1  0.5141470000000  0.5727490000000  0.5381240000000 1.0
C      1  0.5727490000000  0.5381240000000  0.5141470000000 1.0
C      1  0.4618760000000  0.4858530000000  0.5727490000000 1.0
C      1  0.5381240000000  0.4858530000000  0.4272510000000 1.0
C      1  0.4618760000000  0.5141470000000  0.4272510000000 1.0
C      1  0.4858530000000  0.4272510000000  0.5381240000000 1.0
C      1  0.5141470000000  0.4272510000000  0.4618760000000 1.0
C      1  0.4858530000000  0.5727490000000  0.4618760000000 1.0
C      1  0.4272510000000  0.4618760000000  0.5141470000000 1.0
C      1  0.5727490000000  0.4618760000000  0.4858530000000 1.0
C      1  0.4272510000000  0.5381240000000  0.4858530000000 1.0
C      1  0.5381240000000  0.5141470000000  0.4272510000000 1.0
C      1  0.5141470000000  0.5727490000000  0.4618760000000 1.0
C      1  0.5727490000000  0.5381240000000  0.4858530000000 1.0
C      1  0.4618760000000  0.4858530000000  0.4272510000000 1.0
C      1  0.5381240000000  0.4858530000000  0.5727490000000 1.0
C      1  0.4618760000000  0.5141470000000  0.5727490000000 1.0
C      1  0.4858530000000  0.4272510000000  0.4618760000000 1.0
C      1  0.5141470000000  0.4272510000000  0.5381240000000 1.0
C      1  0.4858530000000  0.5727490000000  0.5381240000000 1.0
C      1  0.4272510000000  0.4618760000000  0.4858530000000 1.0
C      1  0.5727490000000  0.4618760000000  0.5141470000000 1.0
C      1  0.4272510000000  0.5381240000000  0.5141470000000 1.0
C      1  0.4188170000000  0.5300640000000  0.5387390000000 1.0
C      1  0.5300640000000  0.5387390000000  0.4188170000000 1.0
C      1  0.5387390000000  0.4188170000000  0.5300640000000 1.0
C      1  0.5811830000000  0.4699360000000  0.5387390000000 1.0
C      1  0.4188170000000  0.4699360000000  0.4612610000000 1.0
C      1  0.5811830000000  0.5300640000000  0.4612610000000 1.0
C      1  0.4699360000000  0.4612610000000  0.4188170000000 1.0
C      1  0.5300640000000  0.4612610000000  0.5811830000000 1.0
C      1  0.4699360000000  0.5387390000000  0.5811830000000 1.0
C      1  0.4612610000000  0.5811830000000  0.5300640000000 1.0
C      1  0.5387390000000  0.5811830000000  0.4699360000000 1.0
C      1  0.4612610000000  0.4188170000000  0.4699360000000 1.0
C      1  0.4188170000000  0.5300640000000  0.4612610000000 1.0
C      1  0.5300640000000  0.5387390000000  0.5811830000000 1.0
C      1  0.5387390000000  0.4188170000000  0.4699360000000 1.0
C      1  0.5811830000000  0.4699360000000  0.4612610000000 1.0
C      1  0.4188170000000  0.4699360000000  0.5387390000000 1.0
C      1  0.5811830000000  0.5300640000000  0.5387390000000 1.0
C      1  0.4699360000000  0.4612610000000  0.5811830000000 1.0
C      1  0.5300640000000  0.4612610000000  0.4188170000000 1.0
C      1  0.4699360000000  0.5387390000000  0.4188170000000 1.0
C      1  0.4612610000000  0.5811830000000  0.4699360000000 1.0
C      1  0.5387390000000  0.5811830000000  0.5300640000000 1.0
C      1  0.4612610000000  0.4188170000000  0.5300640000000 1.0
C      1  0.5339500000000  0.5121790000000  0.4424470000000 1.0
C      1  0.5121790000000  0.4424470000000  0.5339500000000 1.0
C      1  0.4424470000000  0.5339500000000  0.5121790000000 1.0
C      1  0.4660500000000  0.4878210000000  0.4424470000000 1.0
C      1  0.5339500000000  0.4878210000000  0.5575530000000 1.0
C      1  0.4660500000000  0.5121790000000  0.5575530000000 1.0
C      1  0.4878210000000  0.5575530000000  0.5339500000000 1.0
C      1  0.5121790000000  0.5575530000000  0.4660500000000 1.0
C      1  0.4878210000000  0.4424470000000  0.4660500000000 1.0
C      1  0.5575530000000  0.4660500000000  0.5121790000000 1.0
C      1  0.4424470000000  0.4660500000000  0.4878210000000 1.0
C      1  0.5575530000000  0.5339500000000  0.4878210000000 1.0
C      1  0.5339500000000  0.5121790000000  0.5575530000000 1.0
C      1  0.5121790000000  0.4424470000000  0.4660500000000 1.0
C      1  0.4424470000000  0.5339500000000  0.4878210000000 1.0
C      1  0.4660500000000  0.4878210000000  0.5575530000000 1.0
C      1  0.5339500000000  0.4878210000000  0.4424470000000 1.0
C      1  0.4660500000000  0.5121790000000  0.4424470000000 1.0
C      1  0.4878210000000  0.5575530000000  0.4660500000000 1.0
C      1  0.5121790000000  0.5575530000000  0.5339500000000 1.0
C      1  0.4878210000000  0.4424470000000  0.5339500000000 1.0
C      1  0.5575530000000  0.4660500000000  0.4878210000000 1.0
C      1  0.4424470000000  0.4660500000000  0.5121790000000 1.0
C      1  0.5575530000000  0.5339500000000  0.5121790000000 1.0
C      1  0.5395320000000  0.5278520000000  0.5792850000000 1.0
C      1  0.5278520000000  0.5792850000000  0.5395320000000 1.0
C      1  0.5792850000000  0.5395320000000  0.5278520000000 1.0
C      1  0.4604680000000  0.4721480000000  0.5792850000000 1.0
C      1  0.5395320000000  0.4721480000000  0.4207150000000 1.0
C      1  0.4604680000000  0.5278520000000  0.4207150000000 1.0
C      1  0.4721480000000  0.4207150000000  0.5395320000000 1.0
C      1  0.5278520000000  0.4207150000000  0.4604680000000 1.0
C      1  0.4721480000000  0.5792850000000  0.4604680000000 1.0
C      1  0.4207150000000  0.4604680000000  0.5278520000000 1.0
C      1  0.5792850000000  0.4604680000000  0.4721480000000 1.0
C      1  0.4207150000000  0.5395320000000  0.4721480000000 1.0
C      1  0.5395320000000  0.5278520000000  0.4207150000000 1.0
C      1  0.5278520000000  0.5792850000000  0.4604680000000 1.0
C      1  0.5792850000000  0.5395320000000  0.4721480000000 1.0
C      1  0.4604680000000  0.4721480000000  0.4207150000000 1.0
C      1  0.5395320000000  0.4721480000000  0.5792850000000 1.0
C      1  0.4604680000000  0.5278520000000  0.5792850000000 1.0
C      1  0.4721480000000  0.4207150000000  0.4604680000000 1.0
C      1  0.5278520000000  0.4207150000000  0.5395320000000 1.0
C      1  0.4721480000000  0.5792850000000  0.5395320000000 1.0
C      1  0.4207150000000  0.4604680000000  0.4721480000000 1.0
C      1  0.5792850000000  0.4604680000000  0.5278520000000 1.0
C      1  0.4207150000000  0.5395320000000  0.5278520000000 1.0
C      1  0.5689020000000  0.5084600000000  0.5411410000000 1.0
C      1  0.5084600000000  0.5411410000000  0.5689020000000 1.0
C      1  0.5411410000000  0.5689020000000  0.5084600000000 1.0
C      1  0.4310980000000  0.4915400000000  0.5411410000000 1.0
C      1  0.5689020000000  0.4915400000000  0.4588590000000 1.0
C      1  0.4310980000000  0.5084600000000  0.4588590000000 1.0
C      1  0.4915400000000  0.4588590000000  0.5689020000000 1.0
C      1  0.5084600000000  0.4588590000000  0.4310980000000 1.0
C      1  0.4915400000000  0.5411410000000  0.4310980000000 1.0
C      1  0.4588590000000  0.4310980000000  0.5084600000000 1.0
C      1  0.5411410000000  0.4310980000000  0.4915400000000 1.0
C      1  0.4588590000000  0.5689020000000  0.4915400000000 1.0
C      1  0.5689020000000  0.5084600000000  0.4588590000000 1.0
C      1  0.5084600000000  0.5411410000000  0.4310980000000 1.0
C      1  0.5411410000000  0.5689020000000  0.4915400000000 1.0
C      1  0.4310980000000  0.4915400000000  0.4588590000000 1.0
C      1  0.5689020000000  0.4915400000000  0.5411410000000 1.0
C      1  0.4310980000000  0.5084600000000  0.5411410000000 1.0
C      1  0.4915400000000  0.4588590000000  0.4310980000000 1.0
C      1  0.5084600000000  0.4588590000000  0.5689020000000 1.0
C      1  0.4915400000000  0.5411410000000  0.5689020000000 1.0
C      1  0.4588590000000  0.4310980000000  0.4915400000000 1.0
C      1  0.5411410000000  0.4310980000000  0.5084600000000 1.0
C      1  0.4588590000000  0.5689020000000  0.5084600000000 1.0
C      1  0.4869700000000  0.4591140000000  0.4822130000000 1.0
C      1  0.4591140000000  0.4822130000000  0.4869700000000 1.0
C      1  0.4822130000000  0.4869700000000  0.4591140000000 1.0
C      1  0.5130300000000  0.5408860000000  0.4822130000000 1.0
C      1  0.4869700000000  0.5408860000000  0.5177870000000 1.0
C      1  0.5130300000000  0.4591140000000  0.5177870000000 1.0
C      1  0.5408860000000  0.5177870000000  0.4869700000000 1.0
C      1  0.4591140000000  0.5177870000000  0.5130300000000 1.0
C      1  0.5408860000000  0.4822130000000  0.5130300000000 1.0
C      1  0.5177870000000  0.5130300000000  0.4591140000000 1.0
C      1  0.4822130000000  0.5130300000000  0.5408860000000 1.0
C      1  0.5177870000000  0.4869700000000  0.5408860000000 1.0
C      1  0.4869700000000  0.4591140000000  0.5177870000000 1.0
C      1  0.4591140000000  0.4822130000000  0.5130300000000 1.0
C      1  0.4822130000000  0.4869700000000  0.5408860000000 1.0
C      1  0.5130300000000  0.5408860000000  0.5177870000000 1.0
C      1  0.4869700000000  0.5408860000000  0.4822130000000 1.0
C      1  0.5130300000000  0.4591140000000  0.4822130000000 1.0
C      1  0.5408860000000  0.5177870000000  0.5130300000000 1.0
C      1  0.4591140000000  0.5177870000000  0.4869700000000 1.0
C      1  0.5408860000000  0.4822130000000  0.4869700000000 1.0
C      1  0.5177870000000  0.5130300000000  0.5408860000000 1.0
C      1  0.4822130000000  0.5130300000000  0.4591140000000 1.0
C      1  0.5177870000000  0.4869700000000  0.4591140000000 1.0
C      1  0.5710150000000  0.4268750000000  0.5063140000000 1.0
C      1  0.4268750000000  0.5063140000000  0.5710150000000 1.0
C      1  0.5063140000000  0.5710150000000  0.4268750000000 1.0
C      1  0.4289850000000  0.5731250000000  0.5063140000000 1.0
C      1  0.5710150000000  0.5731250000000  0.4936860000000 1.0
C      1  0.4289850000000  0.4268750000000  0.4936860000000 1.0
C      1  0.5731250000000  0.4936860000000  0.5710150000000 1.0
C      1  0.4268750000000  0.4936860000000  0.4289850000000 1.0
C      1  0.5731250000000  0.5063140000000  0.4289850000000 1.0
C      1  0.4936860000000  0.4289850000000  0.4268750000000 1.0
C      1  0.5063140000000  0.4289850000000  0.5731250000000 1.0
C      1  0.4936860000000  0.5710150000000  0.5731250000000 1.0
C      1  0.5710150000000  0.4268750000000  0.4936860000000 1.0
C      1  0.4268750000000  0.5063140000000  0.4289850000000 1.0
C      1  0.5063140000000  0.5710150000000  0.5731250000000 1.0
C      1  0.4289850000000  0.5731250000000  0.4936860000000 1.0
C      1  0.5710150000000  0.5731250000000  0.5063140000000 1.0
C      1  0.4289850000000  0.4268750000000  0.5063140000000 1.0
C      1  0.5731250000000  0.4936860000000  0.4289850000000 1.0
C      1  0.4268750000000  0.4936860000000  0.5710150000000 1.0
C      1  0.5731250000000  0.5063140000000  0.5710150000000 1.0
C      1  0.4936860000000  0.4289850000000  0.5731250000000 1.0
C      1  0.5063140000000  0.4289850000000  0.4268750000000 1.0
C      1  0.4936860000000  0.5710150000000  0.4268750000000 1.0
C      1  0.5582270000000  0.4337130000000  0.4599040000000 1.0
C      1  0.4337130000000  0.4599040000000  0.5582270000000 1.0
C      1  0.4599040000000  0.5582270000000  0.4337130000000 1.0
C      1  0.4417730000000  0.5662870000000  0.4599040000000 1.0
C      1  0.5582270000000  0.5662870000000  0.5400960000000 1.0
C      1  0.4417730000000  0.4337130000000  0.5400960000000 1.0
C      1  0.5662870000000  0.5400960000000  0.5582270000000 1.0
C      1  0.4337130000000  0.5400960000000  0.4417730000000 1.0
C      1  0.5662870000000  0.4599040000000  0.4417730000000 1.0
C      1  0.5400960000000  0.4417730000000  0.4337130000000 1.0
C      1  0.4599040000000  0.4417730000000  0.5662870000000 1.0
C      1  0.5400960000000  0.5582270000000  0.5662870000000 1.0
C      1  0.5582270000000  0.4337130000000  0.5400960000000 1.0
C      1  0.4337130000000  0.4599040000000  0.4417730000000 1.0
C      1  0.4599040000000  0.5582270000000  0.5662870000000 1.0
C      1  0.4417730000000  0.5662870000000  0.5400960000000 1.0
C      1  0.5582270000000  0.5662870000000  0.4599040000000 1.0
C      1  0.4417730000000  0.4337130000000  0.4599040000000 1.0
C      1  0.5662870000000  0.5400960000000  0.4417730000000 1.0
C      1  0.4337130000000  0.5400960000000  0.5582270000000 1.0
C      1  0.5662870000000  0.4599040000000  0.5582270000000 1.0
C      1  0.5400960000000  0.4417730000000  0.5662870000000 1.0
C      1  0.4599040000000  0.4417730000000  0.4337130000000 1.0
C      1  0.5400960000000  0.5582270000000  0.4337130000000 1.0
C      1  0.4714660000000  0.5447770000000  0.4482490000000 1.0
C      1  0.5447770000000  0.4482490000000  0.4714660000000 1.0
C      1  0.4482490000000  0.4714660000000  0.5447770000000 1.0
C      1  0.5285340000000  0.4552230000000  0.4482490000000 1.0
C      1  0.4714660000000  0.4552230000000  0.5517510000000 1.0
C      1  0.5285340000000  0.5447770000000  0.5517510000000 1.0
C      1  0.4552230000000  0.5517510000000  0.4714660000000 1.0
C      1  0.5447770000000  0.5517510000000  0.5285340000000 1.0
C      1  0.4552230000000  0.4482490000000  0.5285340000000 1.0
C      1  0.5517510000000  0.5285340000000  0.5447770000000 1.0
C      1  0.4482490000000  0.5285340000000  0.4552230000000 1.0
C      1  0.5517510000000  0.4714660000000  0.4552230000000 1.0
C      1  0.4714660000000  0.5447770000000  0.5517510000000 1.0
C      1  0.5447770000000  0.4482490000000  0.5285340000000 1.0
C      1  0.4482490000000  0.4714660000000  0.4552230000000 1.0
C      1  0.5285340000000  0.4552230000000  0.5517510000000 1.0
C      1  0.4714660000000  0.4552230000000  0.4482490000000 1.0
C      1  0.5285340000000  0.5447770000000  0.4482490000000 1.0
C      1  0.4552230000000  0.5517510000000  0.5285340000000 1.0
C      1  0.5447770000000  0.5517510000000  0.4714660000000 1.0
C      1  0.4552230000000  0.4482490000000  0.4714660000000 1.0
C      1  0.5517510000000  0.5285340000000  0.4552230000000 1.0
C      1  0.4482490000000  0.5285340000000  0.5447770000000 1.0
C      1  0.5517510000000  0.4714660000000  0.5447770000000 1.0
C      1  0.5072790000000  0.4697300000000  0.5894350000000 1.0
C      1  0.4697300000000  0.5894350000000  0.5072790000000 1.0
C      1  0.5894350000000  0.5072790000000  0.4697300000000 1.0
C      1  0.4927210000000  0.5302700000000  0.5894350000000 1.0
C      1  0.5072790000000  0.5302700000000  0.4105650000000 1.0
C      1  0.4927210000000  0.4697300000000  0.4105650000000 1.0
C      1  0.5302700000000  0.4105650000000  0.5072790000000 1.0
C      1  0.4697300000000  0.4105650000000  0.4927210000000 1.0
C      1  0.5302700000000  0.5894350000000  0.4927210000000 1.0
C      1  0.4105650000000  0.4927210000000  0.4697300000000 1.0
C      1  0.5894350000000  0.4927210000000  0.5302700000000 1.0
C      1  0.4105650000000  0.5072790000000  0.5302700000000 1.0
C      1  0.5072790000000  0.4697300000000  0.4105650000000 1.0
C      1  0.4697300000000  0.5894350000000  0.4927210000000 1.0
C      1  0.5894350000000  0.5072790000000  0.5302700000000 1.0
C      1  0.4927210000000  0.5302700000000  0.4105650000000 1.0
C      1  0.5072790000000  0.5302700000000  0.5894350000000 1.0
C      1  0.4927210000000  0.4697300000000  0.5894350000000 1.0
C      1  0.5302700000000  0.4105650000000  0.4927210000000 1.0
C      1  0.4697300000000  0.4105650000000  0.5072790000000 1.0
C      1  0.5302700000000  0.5894350000000  0.5072790000000 1.0
C      1  0.4105650000000  0.4927210000000  0.5302700000000 1.0
C      1  0.5894350000000  0.4927210000000  0.4697300000000 1.0
C      1  0.4105650000000  0.5072790000000  0.4697300000000 1.0
C      1  0.5140300000000  0.5642290000000  0.5084680000000 1.0
C      1  0.5642290000000  0.5084680000000  0.5140300000000 1.0
C      1  0.5084680000000  0.5140300000000  0.5642290000000 1.0
C      1  0.4859700000000  0.4357710000000  0.5084680000000 1.0
C      1  0.5140300000000  0.4357710000000  0.4915320000000 1.0
C      1  0.4859700000000  0.5642290000000  0.4915320000000 1.0
C      1  0.4357710000000  0.4915320000000  0.5140300000000 1.0
C      1  0.5642290000000  0.4915320000000  0.4859700000000 1.0
C      1  0.4357710000000  0.5084680000000  0.4859700000000 1.0
C      1  0.4915320000000  0.4859700000000  0.5642290000000 1.0
C      1  0.5084680000000  0.4859700000000  0.4357710000000 1.0
C      1  0.4915320000000  0.5140300000000  0.4357710000000 1.0
C      1  0.5140300000000  0.5642290000000  0.4915320000000 1.0
C      1  0.5642290000000  0.5084680000000  0.4859700000000 1.0
C      1  0.5084680000000  0.5140300000000  0.4357710000000 1.0
C      1  0.4859700000000  0.4357710000000  0.4915320000000 1.0
C      1  0.5140300000000  0.4357710000000  0.5084680000000 1.0
C      1  0.4859700000000  0.5642290000000  0.5084680000000 1.0
C      1  0.4357710000000  0.4915320000000  0.4859700000000 1.0
C      1  0.5642290000000  0.4915320000000  0.5140300000000 1.0
C      1  0.4357710000000  0.5084680000000  0.5140300000000 1.0
C      1  0.4915320000000  0.4859700000000  0.4357710000000 1.0
C      1  0.5084680000000  0.4859700000000  0.5642290000000 1.0
C      1  0.4915320000000  0.5140300000000  0.5642290000000 1.0
C      1  0.5766180000000  0.5405810000000  0.5480310000000 1.0
C      1  0.5405810000000  0.5480310000000  0.5766180000000 1.0
C      1  0.5480310000000  0.5766180000000  0.5405810000000 1.0
C      1  0.4233820000000  0.4594190000000  0.5480310000000 1.0
C      1  0.5766180000000  0.4594190000000  0.4519690000000 1.0
C      1  0.4233820000000  0.5405810000000  0.4519690000000 1.0
C      1  0.4594190000000  0.4519690000000  0.5766180000000 1.0
C      1  0.5405810000000  0.4519690000000  0.4233820000000 1.0
C      1  0.4594190000000  0.5480310000000  0.4233820000000 1.0
C      1  0.4519690000000  0.4233820000000  0.5405810000000 1.0
C      1  0.5480310000000  0.4233820000000  0.4594190000000 1.0
C      1  0.4519690000000  0.5766180000000  0.4594190000000 1.0
C      1  0.5766180000000  0.5405810000000  0.4519690000000 1.0
C      1  0.5405810000000  0.5480310000000  0.4233820000000 1.0
C      1  0.5480310000000  0.5766180000000  0.4594190000000 1.0
C      1  0.4233820000000  0.4594190000000  0.4519690000000 1.0
C      1  0.5766180000000  0.4594190000000  0.5480310000000 1.0
C      1  0.4233820000000  0.5405810000000  0.5480310000000 1.0
C      1  0.4594190000000  0.4519690000000  0.4233820000000 1.0
C      1  0.5405810000000  0.4519690000000  0.5766180000000 1.0
C      1  0.4594190000000  0.5480310000000  0.5766180000000 1.0
C      1  0.4519690000000  0.4233820000000  0.4594190000000 1.0
C      1  0.5480310000000  0.4233820000000  0.5405810000000 1.0
C      1  0.4519690000000  0.5766180000000  0.5405810000000 1.0
C      1  0.4583130000000  0.5502310000000  0.4460200000000 1.0
C      1  0.5502310000000  0.4460200000000  0.4583130000000 1.0
C      1  0.4460200000000  0.4583130000000  0.5502310000000 1.0
C      1  0.5416870000000  0.4497690000000  0.4460200000000 1.0
C      1  0.4583130000000  0.4497690000000  0.5539800000000 1.0
C      1  0.5416870000000  0.5502310000000  0.5539800000000 1.0
C      1  0.4497690000000  0.5539800000000  0.4583130000000 1.0
C      1  0.5502310000000  0.5539800000000  0.5416870000000 1.0
C      1  0.4497690000000  0.4460200000000  0.5416870000000 1.0
C      1  0.5539800000000  0.5416870000000  0.5502310000000 1.0
C      1  0.4460200000000  0.5416870000000  0.4497690000000 1.0
C      1  0.5539800000000  0.4583130000000  0.4497690000000 1.0
C      1  0.4583130000000  0.5502310000000  0.5539800000000 1.0
C      1  0.5502310000000  0.4460200000000  0.5416870000000 1.0
C      1  0.4460200000000  0.4583130000000  0.4497690000000 1.0
C      1  0.5416870000000  0.4497690000000  0.5539800000000 1.0
C      1  0.4583130000000  0.4497690000000  0.4460200000000 1.0
C      1  0.5416870000000  0.5502310000000  0.4460200000000 1.0
C      1  0.4497690000000  0.5539800000000  0.5416870000000 1.0
C      1  0.5502310000000  0.5539800000000  0.4583130000000 1.0
C      1  0.4497690000000  0.4460200000000  0.4583130000000 1.0
C      1  0.5539800000000  0.5416870000000  0.4497690000000 1.0
C      1  0.4460200000000  0.5416870000000  0.5502310000000 1.0
C      1  0.5539800000000  0.4583130000000  0.5502310000000 1.0
C      1  0.4715350000000  0.4641840000000  0.4593260000000 1.0
C      1  0.4641840000000  0.4593260000000  0.4715350000000 1.0
C      1  0.4593260000000  0.4715350000000  0.4641840000000 1.0
C      1  0.5284650000000  0.5358160000000  0.4593260000000 1.0
C      1  0.4715350000000  0.5358160000000  0.5406740000000 1.0
C      1  0.5284650000000  0.4641840000000  0.5406740000000 1.0
C      1  0.5358160000000  0.5406740000000  0.4715350000000 1.0
C      1  0.4641840000000  0.5406740000000  0.5284650000000 1.0
C      1  0.5358160000000  0.4593260000000  0.5284650000000 1.0
C      1  0.5406740000000  0.5284650000000  0.4641840000000 1.0
C      1  0.4593260000000  0.5284650000000  0.5358160000000 1.0
C      1  0.5406740000000  0.4715350000000  0.5358160000000 1.0
C      1  0.4715350000000  0.4641840000000  0.5406740000000 1.0
C      1  0.4641840000000  0.4593260000000  0.5284650000000 1.0
C      1  0.4593260000000  0.4715350000000  0.5358160000000 1.0
C      1  0.5284650000000  0.5358160000000  0.5406740000000 1.0
C      1  0.4715350000000  0.5358160000000  0.4593260000000 1.0
C      1  0.5284650000000  0.4641840000000  0.4593260000000 1.0
C      1  0.5358160000000  0.5406740000000  0.5284650000000 1.0
C      1  0.4641840000000  0.5406740000000  0.4715350000000 1.0
C      1  0.5358160000000  0.4593260000000  0.4715350000000 1.0
C      1  0.5406740000000  0.5284650000000  0.5358160000000 1.0
C      1  0.4593260000000  0.5284650000000  0.4641840000000 1.0
C      1  0.5406740000000  0.4715350000000  0.4641840000000 1.0
C      1  0.5156680000000  0.5897810000000  0.4927870000000 1.0
C      1  0.5897810000000  0.4927870000000  0.5156680000000 1.0
C      1  0.4927870000000  0.5156680000000  0.5897810000000 1.0
C      1  0.4843320000000  0.4102190000000  0.4927870000000 1.0
C      1  0.5156680000000  0.4102190000000  0.5072130000000 1.0
C      1  0.4843320000000  0.5897810000000  0.5072130000000 1.0
C      1  0.4102190000000  0.5072130000000  0.5156680000000 1.0
C      1  0.5897810000000  0.5072130000000  0.4843320000000 1.0
C      1  0.4102190000000  0.4927870000000  0.4843320000000 1.0
C      1  0.5072130000000  0.4843320000000  0.5897810000000 1.0
C      1  0.4927870000000  0.4843320000000  0.4102190000000 1.0
C      1  0.5072130000000  0.5156680000000  0.4102190000000 1.0
C      1  0.5156680000000  0.5897810000000  0.5072130000000 1.0
C      1  0.5897810000000  0.4927870000000  0.4843320000000 1.0
C      1  0.4927870000000  0.5156680000000  0.4102190000000 1.0
C      1  0.4843320000000  0.4102190000000  0.5072130000000 1.0
C      1  0.5156680000000  0.4102190000000  0.4927870000000 1.0
C      1  0.4843320000000  0.5897810000000  0.4927870000000 1.0
C      1  0.4102190000000  0.5072130000000  0.4843320000000 1.0
C      1  0.5897810000000  0.5072130000000  0.5156680000000 1.0
C      1  0.4102190000000  0.4927870000000  0.5156680000000 1.0
C      1  0.5072130000000  0.4843320000000  0.4102190000000 1.0
C      1  0.4927870000000  0.4843320000000  0.5897810000000 1.0
C      1  0.5072130000000  0.5156680000000  0.5897810000000 1.0
C      1  0.5509250000000  0.5582020000000  0.5155850000000 1.0
C      1  0.5582020000000  0.5155850000000  0.5509250000000 1.0
C      1  0.5155850000000  0.5509250000000  0.5582020000000 1.0
C      1  0.4490750000000  0.4417980000000  0.5155850000000 1.0
C      1  0.5509250000000  0.4417980000000  0.4844150000000 1.0
C      1  0.4490750000000  0.5582020000000  0.4844150000000 1.0
C      1  0.4417980000000  0.4844150000000  0.5509250000000 1.0
C      1  0.5582020000000  0.4844150000000  0.4490750000000 1.0
C      1  0.4417980000000  0.5155850000000  0.4490750000000 1.0
C      1  0.4844150000000  0.4490750000000  0.5582020000000 1.0
C      1  0.5155850000000  0.4490750000000  0.4417980000000 1.0
C      1  0.4844150000000  0.5509250000000  0.4417980000000 1.0
C      1  0.5509250000000  0.5582020000000  0.4844150000000 1.0
C      1  0.5582020000000  0.5155850000000  0.4490750000000 1.0
C      1  0.5155850000000  0.5509250000000  0.4417980000000 1.0
C      1  0.4490750000000  0.4417980000000  0.4844150000000 1.0
C      1  0.5509250000000  0.4417980000000  0.5155850000000 1.0
C      1  0.4490750000000  0.5582020000000  0.5155850000000 1.0
C      1  0.4417980000000  0.4844150000000  0.4490750000000 1.0
C      1  0.5582020000000  0.4844150000000  0.5509250000000 1.0
C      1  0.4417980000000  0.5155850000000  0.5509250000000 1.0
C      1  0.4844150000000  0.4490750000000  0.4417980000000 1.0
C      1  0.5155850000000  0.4490750000000  0.5582020000000 1.0
C      1  0.4844150000000  0.5509250000000  0.5582020000000 1.0
C      1  0.5761940000000  0.5505220000000  0.5365170000000 1.0
C      1  0.5505220000000  0.5365170000000  0.5761940000000 1.0
C      1  0.5365170000000  0.5761940000000  0.5505220000000 1.0
C      1  0.4238060000000  0.4494780000000  0.5365170000000 1.0
C      1  0.5761940000000  0.4494780000000  0.4634830000000 1.0
C      1  0.4238060000000  0.5505220000000  0.4634830000000 1.0
C      1  0.4494780000000  0.4634830000000  0.5761940000000 1.0
C      1  0.5505220000000  0.4634830000000  0.4238060000000 1.0
C      1  0.4494780000000  0.5365170000000  0.4238060000000 1.0
C      1  0.4634830000000  0.4238060000000  0.5505220000000 1.0
C      1  0.5365170000000  0.4238060000000  0.4494780000000 1.0
C      1  0.4634830000000  0.5761940000000  0.4494780000000 1.0
C      1  0.5761940000000  0.5505220000000  0.4634830000000 1.0
C      1  0.5505220000000  0.5365170000000  0.4238060000000 1.0
C      1  0.5365170000000  0.5761940000000  0.4494780000000 1.0
C      1  0.4238060000000  0.4494780000000  0.4634830000000 1.0
C      1  0.5761940000000  0.4494780000000  0.5365170000000 1.0
C      1  0.4238060000000  0.5505220000000  0.5365170000000 1.0
C      1  0.4494780000000  0.4634830000000  0.4238060000000 1.0
C      1  0.5505220000000  0.4634830000000  0.5761940000000 1.0
C      1  0.4494780000000  0.5365170000000  0.5761940000000 1.0
C      1  0.4634830000000  0.4238060000000  0.4494780000000 1.0
C      1  0.5365170000000  0.4238060000000  0.5505220000000 1.0
C      1  0.4634830000000  0.5761940000000  0.5505220000000 1.0
C      1  0.5667220000000  0.4379710000000  0.5158990000000 1.0
C      1  0.4379710000000  0.5158990000000  0.5667220000000 1.0
C      1  0.5158990000000  0.5667220000000  0.4379710000000 1.0
C      1  0.4332780000000  0.5620290000000  0.5158990000000 1.0
C      1  0.5667220000000  0.5620290000000  0.4841010000000 1.0
C      1  0.4332780000000  0.4379710000000  0.4841010000000 1.0
C      1  0.5620290000000  0.4841010000000  0.5667220000000 1.0
C      1  0.4379710000000  0.4841010000000  0.4332780000000 1.0
C      1  0.5620290000000  0.5158990000000  0.4332780000000 1.0
C      1  0.4841010000000  0.4332780000000  0.4379710000000 1.0
C      1  0.5158990000000  0.4332780000000  0.5620290000000 1.0
C      1  0.4841010000000  0.5667220000000  0.5620290000000 1.0
C      1  0.5667220000000  0.4379710000000  0.4841010000000 1.0
C      1  0.4379710000000  0.5158990000000  0.4332780000000 1.0
C      1  0.5158990000000  0.5667220000000  0.5620290000000 1.0
C      1  0.4332780000000  0.5620290000000  0.4841010000000 1.0
C      1  0.5667220000000  0.5620290000000  0.5158990000000 1.0
C      1  0.4332780000000  0.4379710000000  0.5158990000000 1.0
C      1  0.5620290000000  0.4841010000000  0.4332780000000 1.0
C      1  0.4379710000000  0.4841010000000  0.5667220000000 1.0
C      1  0.5620290000000  0.5158990000000  0.5667220000000 1.0
C      1  0.4841010000000  0.4332780000000  0.5620290000000 1.0
C      1  0.5158990000000  0.4332780000000  0.4379710000000 1.0
C      1  0.4841010000000  0.5667220000000  0.4379710000000 1.0
C      1  0.5512650000000  0.5070780000000  0.5734080000000 1.0
C      1  0.5070780000000  0.5734080000000  0.5512650000000 1.0
C      1  0.5734080000000  0.5512650000000  0.5070780000000 1.0
C      1  0.4487350000000  0.4929220000000  0.5734080000000 1.0
C      1  0.5512650000000  0.4929220000000  0.4265920000000 1.0
C      1  0.4487350000000  0.5070780000000  0.4265920000000 1.0
C      1  0.4929220000000  0.4265920000000  0.5512650000000 1.0
C      1  0.5070780000000  0.4265920000000  0.4487350000000 1.0
C      1  0.4929220000000  0.5734080000000  0.4487350000000 1.0
C      1  0.4265920000000  0.4487350000000  0.5070780000000 1.0
C      1  0.5734080000000  0.4487350000000  0.4929220000000 1.0
C      1  0.4265920000000  0.5512650000000  0.4929220000000 1.0
C      1  0.5512650000000  0.5070780000000  0.4265920000000 1.0
C      1  0.5070780000000  0.5734080000000  0.4487350000000 1.0
C      1  0.5734080000000  0.5512650000000  0.4929220000000 1.0
C      1  0.4487350000000  0.4929220000000  0.4265920000000 1.0
C      1  0.5512650000000  0.4929220000000  0.5734080000000 1.0
C      1  0.4487350000000  0.5070780000000  0.5734080000000 1.0
C      1  0.4929220000000  0.4265920000000  0.4487350000000 1.0
C      1  0.5070780000000  0.4265920000000  0.5512650000000 1.0
C      1  0.4929220000000  0.5734080000000  0.5512650000000 1.0
C      1  0.4265920000000  0.4487350000000  0.4929220000000 1.0
C      1  0.5734080000000  0.4487350000000  0.5070780000000 1.0
C      1  0.4265920000000  0.5512650000000  0.5070780000000 1.0
C      1  0.4931170000000  0.5800470000000  0.4720980000000 1.0
C      1  0.5800470000000  0.4720980000000  0.4931170000000 1.0
C      1  0.4720980000000  0.4931170000000  0.5800470000000 1.0
C      1  0.5068830000000  0.4199530000000  0.4720980000000 1.0
C      1  0.4931170000000  0.4199530000000  0.5279020000000 1.0
C      1  0.5068830000000  0.5800470000000  0.5279020000000 1.0
C      1  0.4199530000000  0.5279020000000  0.4931170000000 1.0
C      1  0.5800470000000  0.5279020000000  0.5068830000000 1.0
C      1  0.4199530000000  0.4720980000000  0.5068830000000 1.0
C      1  0.5279020000000  0.5068830000000  0.5800470000000 1.0
C      1  0.4720980000000  0.5068830000000  0.4199530000000 1.0
C      1  0.5279020000000  0.4931170000000  0.4199530000000 1.0
C      1  0.4931170000000  0.5800470000000  0.5279020000000 1.0
C      1  0.5800470000000  0.4720980000000  0.5068830000000 1.0
C      1  0.4720980000000  0.4931170000000  0.4199530000000 1.0
C      1  0.5068830000000  0.4199530000000  0.5279020000000 1.0
C      1  0.4931170000000  0.4199530000000  0.4720980000000 1.0
C      1  0.5068830000000  0.5800470000000  0.4720980000000 1.0
C      1  0.4199530000000  0.5279020000000  0.5068830000000 1.0
C      1  0.5800470000000  0.5279020000000  0.4931170000000 1.0
C      1  0.4199530000000  0.4720980000000  0.4931170000000 1.0
C      1  0.5279020000000  0.5068830000000  0.4199530000000 1.0
C      1  0.4720980000000  0.5068830000000  0.5800470000000 1.0
C      1  0.5279020000000  0.4931170000000  0.5800470000000 1.0
C      1  0.5193650000000  0.4921480000000  0.5543170000000 1.0
C      1  0.4921480000000  0.5543170000000  0.5193650000000 1.0
C      1  0.5543170000000  0.5193650000000  0.4921480000000 1.0
C      1  0.4806350000000  0.5078520000000  0.5543170000000 1.0
C      1  0.5193650000000  0.5078520000000  0.4456830000000 1.0
C      1  0.4806350000000  0.4921480000000  0.4456830000000 1.0
C      1  0.5078520000000  0.4456830000000  0.5193650000000 1.0
C      1  0.4921480000000  0.4456830000000  0.4806350000000 1.0
C      1  0.5078520000000  0.5543170000000  0.4806350000000 1.0
C      1  0.4456830000000  0.4806350000000  0.4921480000000 1.0
C      1  0.5543170000000  0.4806350000000  0.5078520000000 1.0
C      1  0.4456830000000  0.5193650000000  0.5078520000000 1.0
C      1  0.5193650000000  0.4921480000000  0.4456830000000 1.0
C      1  0.4921480000000  0.5543170000000  0.4806350000000 1.0
C      1  0.5543170000000  0.5193650000000  0.5078520000000 1.0
C      1  0.4806350000000  0.5078520000000  0.4456830000000 1.0
C      1  0.5193650000000  0.5078520000000  0.5543170000000 1.0
C      1  0.4806350000000  0.4921480000000  0.5543170000000 1.0
C      1  0.5078520000000  0.4456830000000  0.4806350000000 1.0
C      1  0.4921480000000  0.4456830000000  0.5193650000000 1.0
C      1  0.5078520000000  0.5543170000000  0.5193650000000 1.0
C      1  0.4456830000000  0.4806350000000  0.5078520000000 1.0
C      1  0.5543170000000  0.4806350000000  0.4921480000000 1.0
C      1  0.4456830000000  0.5193650000000  0.4921480000000 1.0
C      1  0.4714670000000  0.5612330000000  0.4885980000000 1.0
C      1  0.5612330000000  0.4885980000000  0.4714670000000 1.0
C      1  0.4885980000000  0.4714670000000  0.5612330000000 1.0
C      1  0.5285330000000  0.4387670000000  0.4885980000000 1.0
C      1  0.4714670000000  0.4387670000000  0.5114020000000 1.0
C      1  0.5285330000000  0.5612330000000  0.5114020000000 1.0
C      1  0.4387670000000  0.5114020000000  0.4714670000000 1.0
C      1  0.5612330000000  0.5114020000000  0.5285330000000 1.0
C      1  0.4387670000000  0.4885980000000  0.5285330000000 1.0
C      1  0.5114020000000  0.5285330000000  0.5612330000000 1.0
C      1  0.4885980000000  0.5285330000000  0.4387670000000 1.0
C      1  0.5114020000000  0.4714670000000  0.4387670000000 1.0
C      1  0.4714670000000  0.5612330000000  0.5114020000000 1.0
C      1  0.5612330000000  0.4885980000000  0.5285330000000 1.0
C      1  0.4885980000000  0.4714670000000  0.4387670000000 1.0
C      1  0.5285330000000  0.4387670000000  0.5114020000000 1.0
C      1  0.4714670000000  0.4387670000000  0.4885980000000 1.0
C      1  0.5285330000000  0.5612330000000  0.4885980000000 1.0
C      1  0.4387670000000  0.5114020000000  0.5285330000000 1.0
C      1  0.5612330000000  0.5114020000000  0.4714670000000 1.0
C      1  0.4387670000000  0.4885980000000  0.4714670000000 1.0
C      1  0.5114020000000  0.5285330000000  0.4387670000000 1.0
C      1  0.4885980000000  0.5285330000000  0.5612330000000 1.0
C      1  0.5114020000000  0.4714670000000  0.5612330000000 1.0
C      1  0.4671830000000  0.4520300000000  0.5072300000000 1.0
C      1  0.4520300000000  0.5072300000000  0.4671830000000 1.0
C      1  0.5072300000000  0.4671830000000  0.4520300000000 1.0
C      1  0.5328170000000  0.5479700000000  0.5072300000000 1.0
C      1  0.4671830000000  0.5479700000000  0.4927700000000 1.0
C      1  0.5328170000000  0.4520300000000  0.4927700000000 1.0
C      1  0.5479700000000  0.4927700000000  0.4671830000000 1.0
C      1  0.4520300000000  0.4927700000000  0.5328170000000 1.0
C      1  0.5479700000000  0.5072300000000  0.5328170000000 1.0
C      1  0.4927700000000  0.5328170000000  0.4520300000000 1.0
C      1  0.5072300000000  0.5328170000000  0.5479700000000 1.0
C      1  0.4927700000000  0.4671830000000  0.5479700000000 1.0
C      1  0.4671830000000  0.4520300000000  0.4927700000000 1.0
C      1  0.4520300000000  0.5072300000000  0.5328170000000 1.0
C      1  0.5072300000000  0.4671830000000  0.5479700000000 1.0
C      1  0.5328170000000  0.5479700000000  0.4927700000000 1.0
C      1  0.4671830000000  0.5479700000000  0.5072300000000 1.0
C      1  0.5328170000000  0.4520300000000  0.5072300000000 1.0
C      1  0.5479700000000  0.4927700000000  0.5328170000000 1.0
C      1  0.4520300000000  0.4927700000000  0.4671830000000 1.0
C      1  0.5479700000000  0.5072300000000  0.4671830000000 1.0
C      1  0.4927700000000  0.5328170000000  0.5479700000000 1.0
C      1  0.5072300000000  0.5328170000000  0.4520300000000 1.0
C      1  0.4927700000000  0.4671830000000  0.4520300000000 1.0
C      1  0.4306520000000  0.4379460000000  0.4685010000000 1.0
C      1  0.4379460000000  0.4685010000000  0.4306520000000 1.0
C      1  0.4685010000000  0.4306520000000  0.4379460000000 1.0
C      1  0.5693480000000  0.5620540000000  0.4685010000000 1.0
C      1  0.4306520000000  0.5620540000000  0.5314990000000 1.0
C      1  0.5693480000000  0.4379460000000  0.5314990000000 1.0
C      1  0.5620540000000  0.5314990000000  0.4306520000000 1.0
C      1  0.4379460000000  0.5314990000000  0.5693480000000 1.0
C      1  0.5620540000000  0.4685010000000  0.5693480000000 1.0
C      1  0.5314990000000  0.5693480000000  0.4379460000000 1.0
