TITL C-1887019-1280-26 -3.5706873045087e-06 1000000 -4127.97661385428 0 0 600 (Th) n - 1
REM
REM in /nfs/bkarasulu/CARBON/AIRSS/Generating-Clusters/GAP-ML-2020/Higher-Symm/Selected-Sizes/TryA-Only_Ih-Symm/Larger-Clusters
REM
REM
REM
REM
REM
REM ./C.cell (2cf5181f0f1d4d5b12b972d32ad12063)
REM
REM compiler GCC version 9.2.1 20190827 (Red Hat 9.2.1-1)
REM options -cpp -mtune=generic -march=x86-64 -g -O0 -fpre-include=/usr/include/finclude/math-vector-fortran.h
REM seed -205069752 510250186 -362737275 2047286274 -1569879301 -1971067742 -201462400 1226893136 -1774076122 -2046219050 -819199304 -1635653025 -59330669 -179820137 1887371807 182761065 602039966 -275798764 -1876124984 -1910011539 -1600326679 -1485908683 -11672036 -1575170136 -1593915272 -120536154 530352179 952136875 -1375886650 -1884595784 -1738042205 360841611 -1863342449
REM
CELL 1.54180  100.00000  100.00000  100.00000   90.00000   90.00000   90.00000
LATT -1
SFAC C  
C      1  0.5076730000000  0.5574490000000  0.5072780000000 1.0
C      1  0.5574490000000  0.5072780000000  0.5076730000000 1.0
C      1  0.5072780000000  0.5076730000000  0.5574490000000 1.0
C      1  0.4923270000000  0.4425510000000  0.5072780000000 1.0
C      1  0.5076730000000  0.4425510000000  0.4927220000000 1.0
C      1  0.4923270000000  0.5574490000000  0.4927220000000 1.0
C      1  0.4425510000000  0.4927220000000  0.5076730000000 1.0
C      1  0.5574490000000  0.4927220000000  0.4923270000000 1.0
C      1  0.4425510000000  0.5072780000000  0.4923270000000 1.0
C      1  0.4927220000000  0.4923270000000  0.5574490000000 1.0
C      1  0.5072780000000  0.4923270000000  0.4425510000000 1.0
C      1  0.4927220000000  0.5076730000000  0.4425510000000 1.0
C      1  0.5076730000000  0.5574490000000  0.4927220000000 1.0
C      1  0.5574490000000  0.5072780000000  0.4923270000000 1.0
C      1  0.5072780000000  0.5076730000000  0.4425510000000 1.0
C      1  0.4923270000000  0.4425510000000  0.4927220000000 1.0
C      1  0.5076730000000  0.4425510000000  0.5072780000000 1.0
C      1  0.4923270000000  0.5574490000000  0.5072780000000 1.0
C      1  0.4425510000000  0.4927220000000  0.4923270000000 1.0
C      1  0.5574490000000  0.4927220000000  0.5076730000000 1.0
C      1  0.4425510000000  0.5072780000000  0.5076730000000 1.0
C      1  0.4927220000000  0.4923270000000  0.4425510000000 1.0
C      1  0.5072780000000  0.4923270000000  0.5574490000000 1.0
C      1  0.4927220000000  0.5076730000000  0.5574490000000 1.0
C      1  0.4356240000000  0.5514050000000  0.5071080000000 1.0
C      1  0.5514050000000  0.5071080000000  0.4356240000000 1.0
C      1  0.5071080000000  0.4356240000000  0.5514050000000 1.0
C      1  0.5643760000000  0.4485950000000  0.5071080000000 1.0
C      1  0.4356240000000  0.4485950000000  0.4928920000000 1.0
C      1  0.5643760000000  0.5514050000000  0.4928920000000 1.0
C      1  0.4485950000000  0.4928920000000  0.4356240000000 1.0
C      1  0.5514050000000  0.4928920000000  0.5643760000000 1.0
C      1  0.4485950000000  0.5071080000000  0.5643760000000 1.0
C      1  0.4928920000000  0.5643760000000  0.5514050000000 1.0
C      1  0.5071080000000  0.5643760000000  0.4485950000000 1.0
C      1  0.4928920000000  0.4356240000000  0.4485950000000 1.0
C      1  0.4356240000000  0.5514050000000  0.4928920000000 1.0
C      1  0.5514050000000  0.5071080000000  0.5643760000000 1.0
C      1  0.5071080000000  0.4356240000000  0.4485950000000 1.0
C      1  0.5643760000000  0.4485950000000  0.4928920000000 1.0
C      1  0.4356240000000  0.4485950000000  0.5071080000000 1.0
C      1  0.5643760000000  0.5514050000000  0.5071080000000 1.0
C      1  0.4485950000000  0.4928920000000  0.5643760000000 1.0
C      1  0.5514050000000  0.4928920000000  0.4356240000000 1.0
C      1  0.4485950000000  0.5071080000000  0.4356240000000 1.0
C      1  0.4928920000000  0.5643760000000  0.4485950000000 1.0
C      1  0.5071080000000  0.5643760000000  0.5514050000000 1.0
C      1  0.4928920000000  0.4356240000000  0.5514050000000 1.0
C      1  0.4872960000000  0.5383010000000  0.5379290000000 1.0
C      1  0.5383010000000  0.5379290000000  0.4872960000000 1.0
C      1  0.5379290000000  0.4872960000000  0.5383010000000 1.0
C      1  0.5127040000000  0.4616990000000  0.5379290000000 1.0
C      1  0.4872960000000  0.4616990000000  0.4620710000000 1.0
C      1  0.5127040000000  0.5383010000000  0.4620710000000 1.0
C      1  0.4616990000000  0.4620710000000  0.4872960000000 1.0
C      1  0.5383010000000  0.4620710000000  0.5127040000000 1.0
C      1  0.4616990000000  0.5379290000000  0.5127040000000 1.0
C      1  0.4620710000000  0.5127040000000  0.5383010000000 1.0
C      1  0.5379290000000  0.5127040000000  0.4616990000000 1.0
C      1  0.4620710000000  0.4872960000000  0.4616990000000 1.0
C      1  0.4872960000000  0.5383010000000  0.4620710000000 1.0
C      1  0.5383010000000  0.5379290000000  0.5127040000000 1.0
C      1  0.5379290000000  0.4872960000000  0.4616990000000 1.0
C      1  0.5127040000000  0.4616990000000  0.4620710000000 1.0
C      1  0.4872960000000  0.4616990000000  0.5379290000000 1.0
C      1  0.5127040000000  0.5383010000000  0.5379290000000 1.0
C      1  0.4616990000000  0.4620710000000  0.5127040000000 1.0
C      1  0.5383010000000  0.4620710000000  0.4872960000000 1.0
C      1  0.4616990000000  0.5379290000000  0.4872960000000 1.0
C      1  0.4620710000000  0.5127040000000  0.4616990000000 1.0
C      1  0.5379290000000  0.5127040000000  0.5383010000000 1.0
C      1  0.4620710000000  0.4872960000000  0.5383010000000 1.0
C      1  0.5143550000000  0.4924010000000  0.4783740000000 1.0
C      1  0.4924010000000  0.4783740000000  0.5143550000000 1.0
C      1  0.4783740000000  0.5143550000000  0.4924010000000 1.0
C      1  0.4856450000000  0.5075990000000  0.4783740000000 1.0
C      1  0.5143550000000  0.5075990000000  0.5216260000000 1.0
C      1  0.4856450000000  0.4924010000000  0.5216260000000 1.0
C      1  0.5075990000000  0.5216260000000  0.5143550000000 1.0
C      1  0.4924010000000  0.5216260000000  0.4856450000000 1.0
C      1  0.5075990000000  0.4783740000000  0.4856450000000 1.0
C      1  0.5216260000000  0.4856450000000  0.4924010000000 1.0
C      1  0.4783740000000  0.4856450000000  0.5075990000000 1.0
C      1  0.5216260000000  0.5143550000000  0.5075990000000 1.0
C      1  0.5143550000000  0.4924010000000  0.5216260000000 1.0
C      1  0.4924010000000  0.4783740000000  0.4856450000000 1.0
C      1  0.4783740000000  0.5143550000000  0.5075990000000 1.0
C      1  0.4856450000000  0.5075990000000  0.5216260000000 1.0
C      1  0.5143550000000  0.5075990000000  0.4783740000000 1.0
C      1  0.4856450000000  0.4924010000000  0.4783740000000 1.0
C      1  0.5075990000000  0.5216260000000  0.4856450000000 1.0
C      1  0.4924010000000  0.5216260000000  0.5143550000000 1.0
C      1  0.5075990000000  0.4783740000000  0.5143550000000 1.0
C      1  0.5216260000000  0.4856450000000  0.5075990000000 1.0
C      1  0.4783740000000  0.4856450000000  0.4924010000000 1.0
C      1  0.5216260000000  0.5143550000000  0.4924010000000 1.0
C      1  0.5294700000000  0.5076660000000  0.5268700000000 1.0
C      1  0.5076660000000  0.5268700000000  0.5294700000000 1.0
C      1  0.5268700000000  0.5294700000000  0.5076660000000 1.0
C      1  0.4705300000000  0.4923340000000  0.5268700000000 1.0
C      1  0.5294700000000  0.4923340000000  0.4731300000000 1.0
C      1  0.4705300000000  0.5076660000000  0.4731300000000 1.0
C      1  0.4923340000000  0.4731300000000  0.5294700000000 1.0
C      1  0.5076660000000  0.4731300000000  0.4705300000000 1.0
C      1  0.4923340000000  0.5268700000000  0.4705300000000 1.0
C      1  0.4731300000000  0.4705300000000  0.5076660000000 1.0
C      1  0.5268700000000  0.4705300000000  0.4923340000000 1.0
C      1  0.4731300000000  0.5294700000000  0.4923340000000 1.0
C      1  0.5294700000000  0.5076660000000  0.4731300000000 1.0
C      1  0.5076660000000  0.5268700000000  0.4705300000000 1.0
C      1  0.5268700000000  0.5294700000000  0.4923340000000 1.0
C      1  0.4705300000000  0.4923340000000  0.4731300000000 1.0
C      1  0.5294700000000  0.4923340000000  0.5268700000000 1.0
C      1  0.4705300000000  0.5076660000000  0.5268700000000 1.0
C      1  0.4923340000000  0.4731300000000  0.4705300000000 1.0
C      1  0.5076660000000  0.4731300000000  0.5294700000000 1.0
C      1  0.4923340000000  0.5268700000000  0.5294700000000 1.0
C      1  0.4731300000000  0.4705300000000  0.4923340000000 1.0
C      1  0.5268700000000  0.4705300000000  0.5076660000000 1.0
C      1  0.4731300000000  0.5294700000000  0.5076660000000 1.0
C      1  0.5078670000000  0.5652660000000  0.4725830000000 1.0
C      1  0.5652660000000  0.4725830000000  0.5078670000000 1.0
C      1  0.4725830000000  0.5078670000000  0.5652660000000 1.0
C      1  0.4921330000000  0.4347340000000  0.4725830000000 1.0
C      1  0.5078670000000  0.4347340000000  0.5274170000000 1.0
C      1  0.4921330000000  0.5652660000000  0.5274170000000 1.0
C      1  0.4347340000000  0.5274170000000  0.5078670000000 1.0
C      1  0.5652660000000  0.5274170000000  0.4921330000000 1.0
C      1  0.4347340000000  0.4725830000000  0.4921330000000 1.0
C      1  0.5274170000000  0.4921330000000  0.5652660000000 1.0
C      1  0.4725830000000  0.4921330000000  0.4347340000000 1.0
C      1  0.5274170000000  0.5078670000000  0.4347340000000 1.0
C      1  0.5078670000000  0.5652660000000  0.5274170000000 1.0
C      1  0.5652660000000  0.4725830000000  0.4921330000000 1.0
C      1  0.4725830000000  0.5078670000000  0.4347340000000 1.0
C      1  0.4921330000000  0.4347340000000  0.5274170000000 1.0
C      1  0.5078670000000  0.4347340000000  0.4725830000000 1.0
C      1  0.4921330000000  0.5652660000000  0.4725830000000 1.0
C      1  0.4347340000000  0.5274170000000  0.4921330000000 1.0
C      1  0.5652660000000  0.5274170000000  0.5078670000000 1.0
C      1  0.4347340000000  0.4725830000000  0.5078670000000 1.0
C      1  0.5274170000000  0.4921330000000  0.4347340000000 1.0
C      1  0.4725830000000  0.4921330000000  0.5652660000000 1.0
C      1  0.5274170000000  0.5078670000000  0.5652660000000 1.0
C      1  0.5341090000000  0.4922660000000  0.5126390000000 1.0
C      1  0.4922660000000  0.5126390000000  0.5341090000000 1.0
C      1  0.5126390000000  0.5341090000000  0.4922660000000 1.0
C      1  0.4658910000000  0.5077340000000  0.5126390000000 1.0
C      1  0.5341090000000  0.5077340000000  0.4873610000000 1.0
C      1  0.4658910000000  0.4922660000000  0.4873610000000 1.0
C      1  0.5077340000000  0.4873610000000  0.5341090000000 1.0
C      1  0.4922660000000  0.4873610000000  0.4658910000000 1.0
C      1  0.5077340000000  0.5126390000000  0.4658910000000 1.0
C      1  0.4873610000000  0.4658910000000  0.4922660000000 1.0
C      1  0.5126390000000  0.4658910000000  0.5077340000000 1.0
C      1  0.4873610000000  0.5341090000000  0.5077340000000 1.0
C      1  0.5341090000000  0.4922660000000  0.4873610000000 1.0
C      1  0.4922660000000  0.5126390000000  0.4658910000000 1.0
C      1  0.5126390000000  0.5341090000000  0.5077340000000 1.0
C      1  0.4658910000000  0.5077340000000  0.4873610000000 1.0
C      1  0.5341090000000  0.5077340000000  0.5126390000000 1.0
C      1  0.4658910000000  0.4922660000000  0.5126390000000 1.0
C      1  0.5077340000000  0.4873610000000  0.4658910000000 1.0
C      1  0.4922660000000  0.4873610000000  0.5341090000000 1.0
C      1  0.5077340000000  0.5126390000000  0.5341090000000 1.0
C      1  0.4873610000000  0.4658910000000  0.5077340000000 1.0
C      1  0.5126390000000  0.4658910000000  0.4922660000000 1.0
C      1  0.4873610000000  0.5341090000000  0.4922660000000 1.0
C      1  0.4705530000000  0.4334070000000  0.4916820000000 1.0
C      1  0.4334070000000  0.4916820000000  0.4705530000000 1.0
C      1  0.4916820000000  0.4705530000000  0.4334070000000 1.0
C      1  0.5294470000000  0.5665930000000  0.4916820000000 1.0
C      1  0.4705530000000  0.5665930000000  0.5083180000000 1.0
C      1  0.5294470000000  0.4334070000000  0.5083180000000 1.0
C      1  0.5665930000000  0.5083180000000  0.4705530000000 1.0
C      1  0.4334070000000  0.5083180000000  0.5294470000000 1.0
C      1  0.5665930000000  0.4916820000000  0.5294470000000 1.0
C      1  0.5083180000000  0.5294470000000  0.4334070000000 1.0
C      1  0.4916820000000  0.5294470000000  0.5665930000000 1.0
C      1  0.5083180000000  0.4705530000000  0.5665930000000 1.0
C      1  0.4705530000000  0.4334070000000  0.5083180000000 1.0
C      1  0.4334070000000  0.4916820000000  0.5294470000000 1.0
C      1  0.4916820000000  0.4705530000000  0.5665930000000 1.0
C      1  0.5294470000000  0.5665930000000  0.5083180000000 1.0
C      1  0.4705530000000  0.5665930000000  0.4916820000000 1.0
C      1  0.5294470000000  0.4334070000000  0.4916820000000 1.0
C      1  0.5665930000000  0.5083180000000  0.5294470000000 1.0
C      1  0.4334070000000  0.5083180000000  0.4705530000000 1.0
C      1  0.5665930000000  0.4916820000000  0.4705530000000 1.0
C      1  0.5083180000000  0.5294470000000  0.5665930000000 1.0
C      1  0.4916820000000  0.5294470000000  0.4334070000000 1.0
C      1  0.5083180000000  0.4705530000000  0.4334070000000 1.0
C      1  0.5148460000000  0.5117280000000  0.5462310000000 1.0
C      1  0.5117280000000  0.5462310000000  0.5148460000000 1.0
C      1  0.5462310000000  0.5148460000000  0.5117280000000 1.0
C      1  0.4851540000000  0.4882720000000  0.5462310000000 1.0
C      1  0.5148460000000  0.4882720000000  0.4537690000000 1.0
C      1  0.4851540000000  0.5117280000000  0.4537690000000 1.0
C      1  0.4882720000000  0.4537690000000  0.5148460000000 1.0
C      1  0.5117280000000  0.4537690000000  0.4851540000000 1.0
C      1  0.4882720000000  0.5462310000000  0.4851540000000 1.0
C      1  0.4537690000000  0.4851540000000  0.5117280000000 1.0
C      1  0.5462310000000  0.4851540000000  0.4882720000000 1.0
C      1  0.4537690000000  0.5148460000000  0.4882720000000 1.0
C      1  0.5148460000000  0.5117280000000  0.4537690000000 1.0
C      1  0.5117280000000  0.5462310000000  0.4851540000000 1.0
C      1  0.5462310000000  0.5148460000000  0.4882720000000 1.0
C      1  0.4851540000000  0.4882720000000  0.4537690000000 1.0
C      1  0.5148460000000  0.4882720000000  0.5462310000000 1.0
C      1  0.4851540000000  0.5117280000000  0.5462310000000 1.0
C      1  0.4882720000000  0.4537690000000  0.4851540000000 1.0
C      1  0.5117280000000  0.4537690000000  0.5148460000000 1.0
C      1  0.4882720000000  0.5462310000000  0.5148460000000 1.0
C      1  0.4537690000000  0.4851540000000  0.4882720000000 1.0
C      1  0.5462310000000  0.4851540000000  0.5117280000000 1.0
C      1  0.4537690000000  0.5148460000000  0.5117280000000 1.0
C      1  0.4869440000000  0.5724420000000  0.5400210000000 1.0
C      1  0.5724420000000  0.5400210000000  0.4869440000000 1.0
C      1  0.5400210000000  0.4869440000000  0.5724420000000 1.0
C      1  0.5130560000000  0.4275580000000  0.5400210000000 1.0
C      1  0.4869440000000  0.4275580000000  0.4599790000000 1.0
C      1  0.5130560000000  0.5724420000000  0.4599790000000 1.0
C      1  0.4275580000000  0.4599790000000  0.4869440000000 1.0
C      1  0.5724420000000  0.4599790000000  0.5130560000000 1.0
C      1  0.4275580000000  0.5400210000000  0.5130560000000 1.0
C      1  0.4599790000000  0.5130560000000  0.5724420000000 1.0
C      1  0.5400210000000  0.5130560000000  0.4275580000000 1.0
C      1  0.4599790000000  0.4869440000000  0.4275580000000 1.0
C      1  0.4869440000000  0.5724420000000  0.4599790000000 1.0
C      1  0.5724420000000  0.5400210000000  0.5130560000000 1.0
C      1  0.5400210000000  0.4869440000000  0.4275580000000 1.0
C      1  0.5130560000000  0.4275580000000  0.4599790000000 1.0
C      1  0.4869440000000  0.4275580000000  0.5400210000000 1.0
C      1  0.5130560000000  0.5724420000000  0.5400210000000 1.0
C      1  0.4275580000000  0.4599790000000  0.5130560000000 1.0
C      1  0.5724420000000  0.4599790000000  0.4869440000000 1.0
C      1  0.4275580000000  0.5400210000000  0.4869440000000 1.0
C      1  0.4599790000000  0.5130560000000  0.4275580000000 1.0
C      1  0.5400210000000  0.5130560000000  0.5724420000000 1.0
C      1  0.4599790000000  0.4869440000000  0.5724420000000 1.0
C      1  0.5343750000000  0.5357640000000  0.4499860000000 1.0
C      1  0.5357640000000  0.4499860000000  0.5343750000000 1.0
C      1  0.4499860000000  0.5343750000000  0.5357640000000 1.0
C      1  0.4656250000000  0.4642360000000  0.4499860000000 1.0
C      1  0.5343750000000  0.4642360000000  0.5500140000000 1.0
C      1  0.4656250000000  0.5357640000000  0.5500140000000 1.0
C      1  0.4642360000000  0.5500140000000  0.5343750000000 1.0
C      1  0.5357640000000  0.5500140000000  0.4656250000000 1.0
C      1  0.4642360000000  0.4499860000000  0.4656250000000 1.0
C      1  0.5500140000000  0.4656250000000  0.5357640000000 1.0
C      1  0.4499860000000  0.4656250000000  0.4642360000000 1.0
C      1  0.5500140000000  0.5343750000000  0.4642360000000 1.0
C      1  0.5343750000000  0.5357640000000  0.5500140000000 1.0
C      1  0.5357640000000  0.4499860000000  0.4656250000000 1.0
C      1  0.4499860000000  0.5343750000000  0.4642360000000 1.0
C      1  0.4656250000000  0.4642360000000  0.5500140000000 1.0
C      1  0.5343750000000  0.4642360000000  0.4499860000000 1.0
C      1  0.4656250000000  0.5357640000000  0.4499860000000 1.0
C      1  0.4642360000000  0.5500140000000  0.4656250000000 1.0
C      1  0.5357640000000  0.5500140000000  0.5343750000000 1.0
C      1  0.4642360000000  0.4499860000000  0.5343750000000 1.0
C      1  0.5500140000000  0.4656250000000  0.4642360000000 1.0
C      1  0.4499860000000  0.4656250000000  0.5357640000000 1.0
C      1  0.5500140000000  0.5343750000000  0.5357640000000 1.0
C      1  0.4151560000000  0.5325030000000  0.4929410000000 1.0
C      1  0.5325030000000  0.4929410000000  0.4151560000000 1.0
C      1  0.4929410000000  0.4151560000000  0.5325030000000 1.0
C      1  0.5848440000000  0.4674970000000  0.4929410000000 1.0
C      1  0.4151560000000  0.4674970000000  0.5070590000000 1.0
C      1  0.5848440000000  0.5325030000000  0.5070590000000 1.0
C      1  0.4674970000000  0.5070590000000  0.4151560000000 1.0
C      1  0.5325030000000  0.5070590000000  0.5848440000000 1.0
C      1  0.4674970000000  0.4929410000000  0.5848440000000 1.0
C      1  0.5070590000000  0.5848440000000  0.5325030000000 1.0
C      1  0.4929410000000  0.5848440000000  0.4674970000000 1.0
C      1  0.5070590000000  0.4151560000000  0.4674970000000 1.0
C      1  0.4151560000000  0.5325030000000  0.5070590000000 1.0
C      1  0.5325030000000  0.4929410000000  0.5848440000000 1.0
C      1  0.4929410000000  0.4151560000000  0.4674970000000 1.0
C      1  0.5848440000000  0.4674970000000  0.5070590000000 1.0
C      1  0.4151560000000  0.4674970000000  0.4929410000000 1.0
C      1  0.5848440000000  0.5325030000000  0.4929410000000 1.0
C      1  0.4674970000000  0.5070590000000  0.5848440000000 1.0
C      1  0.5325030000000  0.5070590000000  0.4151560000000 1.0
C      1  0.4674970000000  0.4929410000000  0.4151560000000 1.0
C      1  0.5070590000000  0.5848440000000  0.4674970000000 1.0
C      1  0.4929410000000  0.5848440000000  0.5325030000000 1.0
C      1  0.5070590000000  0.4151560000000  0.5325030000000 1.0
C      1  0.4055390000000  0.4808720000000  0.4734740000000 1.0
C      1  0.4808720000000  0.4734740000000  0.4055390000000 1.0
C      1  0.4734740000000  0.4055390000000  0.4808720000000 1.0
C      1  0.5944610000000  0.5191280000000  0.4734740000000 1.0
C      1  0.4055390000000  0.5191280000000  0.5265260000000 1.0
C      1  0.5944610000000  0.4808720000000  0.5265260000000 1.0
C      1  0.5191280000000  0.5265260000000  0.4055390000000 1.0
C      1  0.4808720000000  0.5265260000000  0.5944610000000 1.0
C      1  0.5191280000000  0.4734740000000  0.5944610000000 1.0
C      1  0.5265260000000  0.5944610000000  0.4808720000000 1.0
C      1  0.4734740000000  0.5944610000000  0.5191280000000 1.0
C      1  0.5265260000000  0.4055390000000  0.5191280000000 1.0
C      1  0.4055390000000  0.4808720000000  0.5265260000000 1.0
C      1  0.4808720000000  0.4734740000000  0.5944610000000 1.0
C      1  0.4734740000000  0.4055390000000  0.5191280000000 1.0
C      1  0.5944610000000  0.5191280000000  0.5265260000000 1.0
C      1  0.4055390000000  0.5191280000000  0.4734740000000 1.0
C      1  0.5944610000000  0.4808720000000  0.4734740000000 1.0
C      1  0.5191280000000  0.5265260000000  0.5944610000000 1.0
C      1  0.4808720000000  0.5265260000000  0.4055390000000 1.0
C      1  0.5191280000000  0.4734740000000  0.4055390000000 1.0
C      1  0.5265260000000  0.5944610000000  0.5191280000000 1.0
C      1  0.4734740000000  0.5944610000000  0.4808720000000 1.0
C      1  0.5265260000000  0.4055390000000  0.4808720000000 1.0
C      1  0.4339390000000  0.4750690000000  0.5483010000000 1.0
C      1  0.4750690000000  0.5483010000000  0.4339390000000 1.0
C      1  0.5483010000000  0.4339390000000  0.4750690000000 1.0
C      1  0.5660610000000  0.5249310000000  0.5483010000000 1.0
C      1  0.4339390000000  0.5249310000000  0.4516990000000 1.0
C      1  0.5660610000000  0.4750690000000  0.4516990000000 1.0
C      1  0.5249310000000  0.4516990000000  0.4339390000000 1.0
C      1  0.4750690000000  0.4516990000000  0.5660610000000 1.0
C      1  0.5249310000000  0.5483010000000  0.5660610000000 1.0
C      1  0.4516990000000  0.5660610000000  0.4750690000000 1.0
C      1  0.5483010000000  0.5660610000000  0.5249310000000 1.0
C      1  0.4516990000000  0.4339390000000  0.5249310000000 1.0
C      1  0.4339390000000  0.4750690000000  0.4516990000000 1.0
C      1  0.4750690000000  0.5483010000000  0.5660610000000 1.0
C      1  0.5483010000000  0.4339390000000  0.5249310000000 1.0
C      1  0.5660610000000  0.5249310000000  0.4516990000000 1.0
C      1  0.4339390000000  0.5249310000000  0.5483010000000 1.0
C      1  0.5660610000000  0.4750690000000  0.5483010000000 1.0
C      1  0.5249310000000  0.4516990000000  0.5660610000000 1.0
C      1  0.4750690000000  0.4516990000000  0.4339390000000 1.0
C      1  0.5249310000000  0.5483010000000  0.4339390000000 1.0
C      1  0.4516990000000  0.5660610000000  0.5249310000000 1.0
C      1  0.5483010000000  0.5660610000000  0.4750690000000 1.0
C      1  0.4516990000000  0.4339390000000  0.4750690000000 1.0
C      1  0.5074170000000  0.4511410000000  0.5282400000000 1.0
C      1  0.4511410000000  0.5282400000000  0.5074170000000 1.0
C      1  0.5282400000000  0.5074170000000  0.4511410000000 1.0
C      1  0.4925830000000  0.5488590000000  0.5282400000000 1.0
C      1  0.5074170000000  0.5488590000000  0.4717600000000 1.0
C      1  0.4925830000000  0.4511410000000  0.4717600000000 1.0
C      1  0.5488590000000  0.4717600000000  0.5074170000000 1.0
C      1  0.4511410000000  0.4717600000000  0.4925830000000 1.0
C      1  0.5488590000000  0.5282400000000  0.4925830000000 1.0
C      1  0.4717600000000  0.4925830000000  0.4511410000000 1.0
C      1  0.5282400000000  0.4925830000000  0.5488590000000 1.0
C      1  0.4717600000000  0.5074170000000  0.5488590000000 1.0
C      1  0.5074170000000  0.4511410000000  0.4717600000000 1.0
C      1  0.4511410000000  0.5282400000000  0.4925830000000 1.0
C      1  0.5282400000000  0.5074170000000  0.5488590000000 1.0
C      1  0.4925830000000  0.5488590000000  0.4717600000000 1.0
C      1  0.5074170000000  0.5488590000000  0.5282400000000 1.0
C      1  0.4925830000000  0.4511410000000  0.5282400000000 1.0
C      1  0.5488590000000  0.4717600000000  0.4925830000000 1.0
C      1  0.4511410000000  0.4717600000000  0.5074170000000 1.0
C      1  0.5488590000000  0.5282400000000  0.5074170000000 1.0
C      1  0.4717600000000  0.4925830000000  0.5488590000000 1.0
C      1  0.5282400000000  0.4925830000000  0.4511410000000 1.0
C      1  0.4717600000000  0.5074170000000  0.4511410000000 1.0
C      1  0.5141980000000  0.4310490000000  0.4867970000000 1.0
C      1  0.4310490000000  0.4867970000000  0.5141980000000 1.0
C      1  0.4867970000000  0.5141980000000  0.4310490000000 1.0
C      1  0.4858020000000  0.5689510000000  0.4867970000000 1.0
C      1  0.5141980000000  0.5689510000000  0.5132030000000 1.0
C      1  0.4858020000000  0.4310490000000  0.5132030000000 1.0
C      1  0.5689510000000  0.5132030000000  0.5141980000000 1.0
C      1  0.4310490000000  0.5132030000000  0.4858020000000 1.0
C      1  0.5689510000000  0.4867970000000  0.4858020000000 1.0
C      1  0.5132030000000  0.4858020000000  0.4310490000000 1.0
C      1  0.4867970000000  0.4858020000000  0.5689510000000 1.0
C      1  0.5132030000000  0.5141980000000  0.5689510000000 1.0
C      1  0.5141980000000  0.4310490000000  0.5132030000000 1.0
C      1  0.4310490000000  0.4867970000000  0.4858020000000 1.0
C      1  0.4867970000000  0.5141980000000  0.5689510000000 1.0
C      1  0.4858020000000  0.5689510000000  0.5132030000000 1.0
C      1  0.5141980000000  0.5689510000000  0.4867970000000 1.0
C      1  0.4858020000000  0.4310490000000  0.4867970000000 1.0
C      1  0.5689510000000  0.5132030000000  0.4858020000000 1.0
C      1  0.4310490000000  0.5132030000000  0.5141980000000 1.0
C      1  0.5689510000000  0.4867970000000  0.5141980000000 1.0
C      1  0.5132030000000  0.4858020000000  0.5689510000000 1.0
C      1  0.4867970000000  0.4858020000000  0.4310490000000 1.0
C      1  0.5132030000000  0.5141980000000  0.4310490000000 1.0
C      1  0.4558380000000  0.4731090000000  0.4323840000000 1.0
C      1  0.4731090000000  0.4323840000000  0.4558380000000 1.0
C      1  0.4323840000000  0.4558380000000  0.4731090000000 1.0
C      1  0.5441620000000  0.5268910000000  0.4323840000000 1.0
C      1  0.4558380000000  0.5268910000000  0.5676160000000 1.0
C      1  0.5441620000000  0.4731090000000  0.5676160000000 1.0
C      1  0.5268910000000  0.5676160000000  0.4558380000000 1.0
C      1  0.4731090000000  0.5676160000000  0.5441620000000 1.0
C      1  0.5268910000000  0.4323840000000  0.5441620000000 1.0
C      1  0.5676160000000  0.5441620000000  0.4731090000000 1.0
C      1  0.4323840000000  0.5441620000000  0.5268910000000 1.0
C      1  0.5676160000000  0.4558380000000  0.5268910000000 1.0
C      1  0.4558380000000  0.4731090000000  0.5676160000000 1.0
C      1  0.4731090000000  0.4323840000000  0.5441620000000 1.0
C      1  0.4323840000000  0.4558380000000  0.5268910000000 1.0
C      1  0.5441620000000  0.5268910000000  0.5676160000000 1.0
C      1  0.4558380000000  0.5268910000000  0.4323840000000 1.0
C      1  0.5441620000000  0.4731090000000  0.4323840000000 1.0
C      1  0.5268910000000  0.5676160000000  0.5441620000000 1.0
C      1  0.4731090000000  0.5676160000000  0.4558380000000 1.0
C      1  0.5268910000000  0.4323840000000  0.4558380000000 1.0
C      1  0.5676160000000  0.5441620000000  0.5268910000000 1.0
C      1  0.4323840000000  0.5441620000000  0.4731090000000 1.0
C      1  0.5676160000000  0.4558380000000  0.4731090000000 1.0
C      1  0.5360100000000  0.4615280000000  0.5634050000000 1.0
C      1  0.4615280000000  0.5634050000000  0.5360100000000 1.0
C      1  0.5634050000000  0.5360100000000  0.4615280000000 1.0
C      1  0.4639900000000  0.5384720000000  0.5634050000000 1.0
C      1  0.5360100000000  0.5384720000000  0.4365950000000 1.0
C      1  0.4639900000000  0.4615280000000  0.4365950000000 1.0
C      1  0.5384720000000  0.4365950000000  0.5360100000000 1.0
C      1  0.4615280000000  0.4365950000000  0.4639900000000 1.0
C      1  0.5384720000000  0.5634050000000  0.4639900000000 1.0
C      1  0.4365950000000  0.4639900000000  0.4615280000000 1.0
C      1  0.5634050000000  0.4639900000000  0.5384720000000 1.0
C      1  0.4365950000000  0.5360100000000  0.5384720000000 1.0
C      1  0.5360100000000  0.4615280000000  0.4365950000000 1.0
C      1  0.4615280000000  0.5634050000000  0.4639900000000 1.0
C      1  0.5634050000000  0.5360100000000  0.5384720000000 1.0
C      1  0.4639900000000  0.5384720000000  0.4365950000000 1.0
C      1  0.5360100000000  0.5384720000000  0.5634050000000 1.0
C      1  0.4639900000000  0.4615280000000  0.5634050000000 1.0
C      1  0.5384720000000  0.4365950000000  0.4639900000000 1.0
C      1  0.4615280000000  0.4365950000000  0.5360100000000 1.0
C      1  0.5384720000000  0.5634050000000  0.5360100000000 1.0
C      1  0.4365950000000  0.4639900000000  0.5384720000000 1.0
C      1  0.5634050000000  0.4639900000000  0.4615280000000 1.0
C      1  0.4365950000000  0.5360100000000  0.4615280000000 1.0
C      1  0.4625590000000  0.4122190000000  0.5177920000000 1.0
C      1  0.4122190000000  0.5177920000000  0.4625590000000 1.0
C      1  0.5177920000000  0.4625590000000  0.4122190000000 1.0
C      1  0.5374410000000  0.5877810000000  0.5177920000000 1.0
C      1  0.4625590000000  0.5877810000000  0.4822080000000 1.0
C      1  0.5374410000000  0.4122190000000  0.4822080000000 1.0
C      1  0.5877810000000  0.4822080000000  0.4625590000000 1.0
C      1  0.4122190000000  0.4822080000000  0.5374410000000 1.0
C      1  0.5877810000000  0.5177920000000  0.5374410000000 1.0
C      1  0.4822080000000  0.5374410000000  0.4122190000000 1.0
C      1  0.5177920000000  0.5374410000000  0.5877810000000 1.0
C      1  0.4822080000000  0.4625590000000  0.5877810000000 1.0
C      1  0.4625590000000  0.4122190000000  0.4822080000000 1.0
C      1  0.4122190000000  0.5177920000000  0.5374410000000 1.0
C      1  0.5177920000000  0.4625590000000  0.5877810000000 1.0
C      1  0.5374410000000  0.5877810000000  0.4822080000000 1.0
C      1  0.4625590000000  0.5877810000000  0.5177920000000 1.0
C      1  0.5374410000000  0.4122190000000  0.5177920000000 1.0
C      1  0.5877810000000  0.4822080000000  0.5374410000000 1.0
C      1  0.4122190000000  0.4822080000000  0.4625590000000 1.0
C      1  0.5877810000000  0.5177920000000  0.4625590000000 1.0
C      1  0.4822080000000  0.5374410000000  0.5877810000000 1.0
C      1  0.5177920000000  0.5374410000000  0.4122190000000 1.0
C      1  0.4822080000000  0.4625590000000  0.4122190000000 1.0
C      1  0.5134040000000  0.4096740000000  0.5199960000000 1.0
C      1  0.4096740000000  0.5199960000000  0.5134040000000 1.0
C      1  0.5199960000000  0.5134040000000  0.4096740000000 1.0
C      1  0.4865960000000  0.5903260000000  0.5199960000000 1.0
C      1  0.5134040000000  0.5903260000000  0.4800040000000 1.0
C      1  0.4865960000000  0.4096740000000  0.4800040000000 1.0
C      1  0.5903260000000  0.4800040000000  0.5134040000000 1.0
C      1  0.4096740000000  0.4800040000000  0.4865960000000 1.0
C      1  0.5903260000000  0.5199960000000  0.4865960000000 1.0
C      1  0.4800040000000  0.4865960000000  0.4096740000000 1.0
C      1  0.5199960000000  0.4865960000000  0.5903260000000 1.0
C      1  0.4800040000000  0.5134040000000  0.5903260000000 1.0
C      1  0.5134040000000  0.4096740000000  0.4800040000000 1.0
C      1  0.4096740000000  0.5199960000000  0.4865960000000 1.0
C      1  0.5199960000000  0.5134040000000  0.5903260000000 1.0
C      1  0.4865960000000  0.5903260000000  0.4800040000000 1.0
C      1  0.5134040000000  0.5903260000000  0.5199960000000 1.0
C      1  0.4865960000000  0.4096740000000  0.5199960000000 1.0
C      1  0.5903260000000  0.4800040000000  0.4865960000000 1.0
C      1  0.4096740000000  0.4800040000000  0.5134040000000 1.0
C      1  0.5903260000000  0.5199960000000  0.5134040000000 1.0
C      1  0.4800040000000  0.4865960000000  0.5903260000000 1.0
C      1  0.5199960000000  0.4865960000000  0.4096740000000 1.0
C      1  0.4800040000000  0.5134040000000  0.4096740000000 1.0
C      1  0.4790920000000  0.5562630000000  0.5530920000000 1.0
C      1  0.5562630000000  0.5530920000000  0.4790920000000 1.0
C      1  0.5530920000000  0.4790920000000  0.5562630000000 1.0
C      1  0.5209080000000  0.4437370000000  0.5530920000000 1.0
C      1  0.4790920000000  0.4437370000000  0.4469080000000 1.0
C      1  0.5209080000000  0.5562630000000  0.4469080000000 1.0
C      1  0.4437370000000  0.4469080000000  0.4790920000000 1.0
C      1  0.5562630000000  0.4469080000000  0.5209080000000 1.0
C      1  0.4437370000000  0.5530920000000  0.5209080000000 1.0
C      1  0.4469080000000  0.5209080000000  0.5562630000000 1.0
C      1  0.5530920000000  0.5209080000000  0.4437370000000 1.0
C      1  0.4469080000000  0.4790920000000  0.4437370000000 1.0
C      1  0.4790920000000  0.5562630000000  0.4469080000000 1.0
C      1  0.5562630000000  0.5530920000000  0.5209080000000 1.0
C      1  0.5530920000000  0.4790920000000  0.4437370000000 1.0
C      1  0.5209080000000  0.4437370000000  0.4469080000000 1.0
C      1  0.4790920000000  0.4437370000000  0.5530920000000 1.0
C      1  0.5209080000000  0.5562630000000  0.5530920000000 1.0
C      1  0.4437370000000  0.4469080000000  0.5209080000000 1.0
C      1  0.5562630000000  0.4469080000000  0.4790920000000 1.0
C      1  0.4437370000000  0.5530920000000  0.4790920000000 1.0
C      1  0.4469080000000  0.5209080000000  0.4437370000000 1.0
C      1  0.5530920000000  0.5209080000000  0.5562630000000 1.0
C      1  0.4469080000000  0.4790920000000  0.5562630000000 1.0
C      1  0.4485540000000  0.4933050000000  0.4653790000000 1.0
C      1  0.4933050000000  0.4653790000000  0.4485540000000 1.0
C      1  0.4653790000000  0.4485540000000  0.4933050000000 1.0
C      1  0.5514460000000  0.5066950000000  0.4653790000000 1.0
C      1  0.4485540000000  0.5066950000000  0.5346210000000 1.0
C      1  0.5514460000000  0.4933050000000  0.5346210000000 1.0
C      1  0.5066950000000  0.5346210000000  0.4485540000000 1.0
C      1  0.4933050000000  0.5346210000000  0.5514460000000 1.0
C      1  0.5066950000000  0.4653790000000  0.5514460000000 1.0
C      1  0.5346210000000  0.5514460000000  0.4933050000000 1.0
C      1  0.4653790000000  0.5514460000000  0.5066950000000 1.0
C      1  0.5346210000000  0.4485540000000  0.5066950000000 1.0
C      1  0.4485540000000  0.4933050000000  0.5346210000000 1.0
C      1  0.4933050000000  0.4653790000000  0.5514460000000 1.0
C      1  0.4653790000000  0.4485540000000  0.5066950000000 1.0
C      1  0.5514460000000  0.5066950000000  0.5346210000000 1.0
C      1  0.4485540000000  0.5066950000000  0.4653790000000 1.0
C      1  0.5514460000000  0.4933050000000  0.4653790000000 1.0
C      1  0.5066950000000  0.5346210000000  0.5514460000000 1.0
C      1  0.4933050000000  0.5346210000000  0.4485540000000 1.0
C      1  0.5066950000000  0.4653790000000  0.4485540000000 1.0
C      1  0.5346210000000  0.5514460000000  0.5066950000000 1.0
C      1  0.4653790000000  0.5514460000000  0.4933050000000 1.0
C      1  0.5346210000000  0.4485540000000  0.4933050000000 1.0
C      1  0.4923570000000  0.5822610000000  0.4919330000000 1.0
C      1  0.5822610000000  0.4919330000000  0.4923570000000 1.0
C      1  0.4919330000000  0.4923570000000  0.5822610000000 1.0
C      1  0.5076430000000  0.4177390000000  0.4919330000000 1.0
C      1  0.4923570000000  0.4177390000000  0.5080670000000 1.0
C      1  0.5076430000000  0.5822610000000  0.5080670000000 1.0
C      1  0.4177390000000  0.5080670000000  0.4923570000000 1.0
C      1  0.5822610000000  0.5080670000000  0.5076430000000 1.0
C      1  0.4177390000000  0.4919330000000  0.5076430000000 1.0
C      1  0.5080670000000  0.5076430000000  0.5822610000000 1.0
C      1  0.4919330000000  0.5076430000000  0.4177390000000 1.0
C      1  0.5080670000000  0.4923570000000  0.4177390000000 1.0
C      1  0.4923570000000  0.5822610000000  0.5080670000000 1.0
C      1  0.5822610000000  0.4919330000000  0.5076430000000 1.0
C      1  0.4919330000000  0.4923570000000  0.4177390000000 1.0
C      1  0.5076430000000  0.4177390000000  0.5080670000000 1.0
C      1  0.4923570000000  0.4177390000000  0.4919330000000 1.0
C      1  0.5076430000000  0.5822610000000  0.4919330000000 1.0
C      1  0.4177390000000  0.5080670000000  0.5076430000000 1.0
C      1  0.5822610000000  0.5080670000000  0.4923570000000 1.0
C      1  0.4177390000000  0.4919330000000  0.4923570000000 1.0
C      1  0.5080670000000  0.5076430000000  0.4177390000000 1.0
C      1  0.4919330000000  0.5076430000000  0.5822610000000 1.0
C      1  0.5080670000000  0.4923570000000  0.5822610000000 1.0
C      1  0.5255680000000  0.5441030000000  0.4575010000000 1.0
C      1  0.5441030000000  0.4575010000000  0.5255680000000 1.0
C      1  0.4575010000000  0.5255680000000  0.5441030000000 1.0
C      1  0.4744320000000  0.4558970000000  0.4575010000000 1.0
C      1  0.5255680000000  0.4558970000000  0.5424990000000 1.0
C      1  0.4744320000000  0.5441030000000  0.5424990000000 1.0
C      1  0.4558970000000  0.5424990000000  0.5255680000000 1.0
C      1  0.5441030000000  0.5424990000000  0.4744320000000 1.0
C      1  0.4558970000000  0.4575010000000  0.4744320000000 1.0
C      1  0.5424990000000  0.4744320000000  0.5441030000000 1.0
C      1  0.4575010000000  0.4744320000000  0.4558970000000 1.0
C      1  0.5424990000000  0.5255680000000  0.4558970000000 1.0
C      1  0.5255680000000  0.5441030000000  0.5424990000000 1.0
C      1  0.5441030000000  0.4575010000000  0.4744320000000 1.0
C      1  0.4575010000000  0.5255680000000  0.4558970000000 1.0
C      1  0.4744320000000  0.4558970000000  0.5424990000000 1.0
C      1  0.5255680000000  0.4558970000000  0.4575010000000 1.0
C      1  0.4744320000000  0.5441030000000  0.4575010000000 1.0
C      1  0.4558970000000  0.5424990000000  0.4744320000000 1.0
C      1  0.5441030000000  0.5424990000000  0.5255680000000 1.0
C      1  0.4558970000000  0.4575010000000  0.5255680000000 1.0
C      1  0.5424990000000  0.4744320000000  0.4558970000000 1.0
C      1  0.4575010000000  0.4744320000000  0.5441030000000 1.0
C      1  0.5424990000000  0.5255680000000  0.5441030000000 1.0
C      1  0.5742740000000  0.5156030000000  0.4592270000000 1.0
C      1  0.5156030000000  0.4592270000000  0.5742740000000 1.0
C      1  0.4592270000000  0.5742740000000  0.5156030000000 1.0
C      1  0.4257260000000  0.4843970000000  0.4592270000000 1.0
C      1  0.5742740000000  0.4843970000000  0.5407730000000 1.0
C      1  0.4257260000000  0.5156030000000  0.5407730000000 1.0
C      1  0.4843970000000  0.5407730000000  0.5742740000000 1.0
C      1  0.5156030000000  0.5407730000000  0.4257260000000 1.0
C      1  0.4843970000000  0.4592270000000  0.4257260000000 1.0
C      1  0.5407730000000  0.4257260000000  0.5156030000000 1.0
C      1  0.4592270000000  0.4257260000000  0.4843970000000 1.0
C      1  0.5407730000000  0.5742740000000  0.4843970000000 1.0
C      1  0.5742740000000  0.5156030000000  0.5407730000000 1.0
C      1  0.5156030000000  0.4592270000000  0.4257260000000 1.0
C      1  0.4592270000000  0.5742740000000  0.4843970000000 1.0
C      1  0.4257260000000  0.4843970000000  0.5407730000000 1.0
C      1  0.5742740000000  0.4843970000000  0.4592270000000 1.0
C      1  0.4257260000000  0.5156030000000  0.4592270000000 1.0
C      1  0.4843970000000  0.5407730000000  0.4257260000000 1.0
C      1  0.5156030000000  0.5407730000000  0.5742740000000 1.0
C      1  0.4843970000000  0.4592270000000  0.5742740000000 1.0
C      1  0.5407730000000  0.4257260000000  0.4843970000000 1.0
C      1  0.4592270000000  0.4257260000000  0.5156030000000 1.0
C      1  0.5407730000000  0.5742740000000  0.5156030000000 1.0
END
